50.005 0
50.055 0.000205378
50.105 0.000208658
50.155 0.0002263
50.205 0.000258904
50.255 0.000273026
50.305 0.000273889
50.355 0.000269772
50.405 0.000262843
50.455 0.000254166
50.505 0.000246528
50.555 0.000243041
50.605 0.000242313
50.655 0.000242066
50.705 0.000227177
50.755 0.000208631
50.805 0.000196019
50.855 0.00018981
50.905 0.000189123
50.955 0.000188561
51.005 0.000205101
51.055 0.000230991
51.105 0.000245516
51.155 0.000236467
51.205 0.00022321
51.255 0.000210777
51.305 0.000198819
51.355 0.000200034
51.405 0.000212125
51.455 0.000226713
51.505 0.000234202
51.555 0.000231857
51.605 0.000225342
51.655 0.000223152
51.705 0.000229919
51.755 0.000242624
51.805 0.000251376
51.855 0.000247778
51.905 0.000233358
51.955 0.000215975
52.005 0.000203008
52.055 0.000198391
52.105 0.000201441
52.155 0.0002079
52.205 0.000212161
52.255 0.000210803
52.305 0.000206227
52.355 0.000206432
52.405 0.000219422
52.455 0.000248828
52.505 0.000270805
52.555 0.000274359
52.605 0.000271309
52.655 0.000265118
52.705 0.000256765
52.755 0.000248437
52.805 0.000243538
52.855 0.000242402
52.905 0.000242425
52.955 0.000232828
53.005 0.000213671
53.055 0.000198947
53.105 0.000191053
53.155 0.000188802
53.205 0.000187278
53.255 0.000198574
53.305 0.000223538
53.355 0.000244401
53.405 0.000240408
53.455 0.000226705
53.505 0.000214417
53.555 0.000201147
53.605 0.000198303
53.655 0.000207862
53.705 0.000222811
53.755 0.000233092
53.805 0.000233342
53.855 0.000227162
53.905 0.000222943
53.955 0.000227026
54.005 0.000238791
54.055 0.000249873
54.105 0.000250217
54.155 0.00023826
54.205 0.000220894
54.255 0.000206031
54.305 0.000198834
54.355 0.000199951
54.405 0.000205991
54.455 0.000211425
54.505 0.000211775
54.555 0.000207489
54.605 0.000205337
54.655 0.000213983
54.705 0.000238499
54.755 0.000267052
54.805 0.000274325
54.855 0.000272588
54.905 0.000267198
54.955 0.000259352
55.005 0.000250658
55.055 0.000244475
55.105 0.000242743
55.155 0.000242408
55.205 0.000238001
55.255 0.000219105
55.305 0.000202551
55.355 0.00019276
55.405 0.000188761
55.455 0.000187781
55.505 0.000193316
55.555 0.000215717
55.605 0.000239869
55.655 0.000243147
55.705 0.000230586
55.755 0.000218374
55.805 0.000204775
55.855 0.000197671
55.905 0.000204092
55.955 0.000218473
56.005 0.000231055
56.055 0.000234245
56.105 0.000229167
56.155 0.000223497
56.205 0.00022485
56.255 0.000234918
56.305 0.00024738
56.355 0.00025154
56.405 0.000242716
56.455 0.000226048
56.505 0.000209745
56.555 0.00020002
56.605 0.000198904
56.655 0.000204026
56.705 0.000210218
56.755 0.000212301
56.805 0.000208922
56.855 0.0002052
56.905 0.000209939
56.955 0.000229569
57.005 0.00026159
57.055 0.000273593
57.105 0.000273577
57.155 0.000269066
57.205 0.00026185
57.255 0.000253108
57.305 0.000245843
57.355 0.000242984
57.405 0.000242327
57.455 0.000241109
57.505 0.000224798
57.555 0.00020669
57.605 0.000194941
57.655 0.000189371
57.705 0.000188661
57.755 0.000189603
57.805 0.000208081
57.855 0.000233835
57.905 0.000245059
57.955 0.000234729
58.005 0.000221889
58.055 0.0002094
58.105 0.000198228
58.155 0.000201041
58.205 0.00021397
58.255 0.000228143
58.305 0.000234392
58.355 0.000231122
58.405 0.000224697
58.455 0.000223478
58.505 0.00023129
58.555 0.000244127
58.605 0.000251672
58.655 0.000246478
58.705 0.000231248
58.755 0.000214053
58.805 0.000201977
58.855 0.00019841
58.905 0.000202153
58.955 0.000208636
59.005 0.000212312
59.055 0.000210297
59.105 0.000205811
59.155 0.000207206
59.205 0.00022209
59.255 0.000253479
59.305 0.000271883
59.355 0.000274219
59.405 0.000270704
59.455 0.000264199
59.505 0.000255686
59.555 0.000247606
59.605 0.00024328
59.655 0.000242339
59.705 0.000242372
59.755 0.000230526
59.805 0.000211537
59.855 0.000197681
59.905 0.000190508
59.955 0.000189018
60.005 0.000187594
60.055 0.000201138
60.105 0.000226696
60.155 0.000245703
60.205 0.00023889
60.255 0.000225213
60.305 0.000212868
60.355 0.000200032
60.405 0.000198895
60.455 0.00020958
60.505 0.000224492
60.555 0.000233666
60.605 0.00023279
60.655 0.000226377
60.705 0.000222934
60.755 0.000228143
60.805 0.000240398
60.855 0.000250627
60.905 0.00024934
60.955 0.000236283
61.005 0.000218825
61.055 0.000204695
61.105 0.000198565
61.155 0.000200519
61.205 0.000206795
61.255 0.000211789
61.305 0.000211421
61.355 0.000206934
61.405 0.000205664
61.455 0.000216061
61.505 0.000242606
61.555 0.00026882
61.605 0.000274412
61.655 0.000272094
61.705 0.000266366
61.755 0.000258292
61.805 0.00024971
61.855 0.000244037
61.905 0.00024257
61.955 0.000242434
62.005 0.000235953
62.055 0.000216821
62.105 0.000200992
62.155 0.000192001
62.205 0.0001887
62.255 0.000187359
62.305 0.000195318
62.355 0.000218961
62.405 0.000241947
62.455 0.000242104
62.505 0.000228945
62.555 0.000216715
62.605 0.000203119
62.655 0.000197795
62.705 0.000205578
62.755 0.000220304
62.805 0.00023201
62.855 0.000233956
62.905 0.000228334
62.955 0.000223184
63.005 0.000225657
63.055 0.000236505
63.105 0.000248518
63.155 0.000251136
63.205 0.000240945
63.255 0.000223902
63.305 0.000208133
63.355 0.000199438
63.405 0.000199276
63.455 0.000204836
63.505 0.000210769
63.555 0.000212144
63.605 0.000208326
63.655 0.000205156
63.705 0.000211448
63.755 0.000233087
63.805 0.00026396
63.855 0.000273999
63.905 0.00027321
63.955 0.000268324
64.005 0.000260837
64.055 0.000252077
64.105 0.00024523
64.155 0.000243055
64.205 0.000242359
64.255 0.00023999
64.305 0.000222428
64.355 0.000204916
64.405 0.000193972
64.455 0.000189044
64.505 0.000188382
64.555 0.000190939
64.605 0.000211182
64.655 0.000236491
64.705 0.000244398
64.755 0.000233001
64.805 0.000220648
64.855 0.000207524
64.905 0.00019785
64.955 0.000202203
65.005 0.000215835
65.055 0.000229447
65.105 0.000234432
65.155 0.000230336
65.205 0.000224132
65.255 0.000223945
65.305 0.000232743
65.355 0.000245545
65.405 0.000251762
65.455 0.000245022
65.505 0.000229106
65.555 0.000212208
65.605 0.000201075
65.655 0.000198541
65.705 0.000202907
65.755 0.000209329
65.805 0.000212373
65.855 0.000209751
65.905 0.000205484
65.955 0.000208185
66.005 0.000225005
66.055 0.000257525
66.105 0.000272733
66.155 0.000274005
66.205 0.00027006
66.255 0.000263253
66.305 0.000254616
66.355 0.000246836
66.405 0.000243099
66.455 0.000242315
66.505 0.000242266
66.555 0.000228174
66.605 0.000209475
66.655 0.000196494
66.705 0.000190026
66.755 0.000189351
66.805 0.000188212
66.855 0.000203895
66.905 0.000229751
66.955 0.000245636
67.005 0.000237195
67.055 0.000223788
67.105 0.000211381
67.155 0.000199131
67.205 0.000199661
67.255 0.000211363
67.305 0.000226079
67.355 0.000234078
67.405 0.00023215
67.455 0.000225637
67.505 0.00022306
67.555 0.000229372
67.605 0.000241976
67.655 0.000251195
67.705 0.000248277
67.755 0.000234233
67.805 0.000216805
67.855 0.00020348
67.905 0.000198416
67.955 0.000201154
68.005 0.000207578
68.055 0.000212068
68.105 0.000210998
68.155 0.000206423
68.205 0.000206166
68.255 0.000218377
68.305 0.000246942
68.355 0.000270278
68.405 0.000274398
68.455 0.000271555
68.505 0.000265499
68.555 0.000257223
68.605 0.000248807
68.655 0.000243674
68.705 0.000242445
68.755 0.000242438
68.805 0.000233776
68.855 0.000214592
68.905 0.000199518
68.955 0.000191319
69.005 0.00018875
69.055 0.000187241
69.105 0.000197565
69.155 0.000222197
69.205 0.000243741
69.255 0.000240938
69.305 0.000227358
69.355 0.00021509
69.405 0.000201682
69.455 0.000198113
69.505 0.000207167
69.555 0.000222084
69.605 0.000232808
69.655 0.000233548
69.705 0.000227505
69.755 0.000222988
69.805 0.000226595
69.855 0.000238113
69.905 0.000249506
69.955 0.000250529
70.005 0.000239072
70.055 0.000221776
70.105 0.000206628
70.155 0.000198985
70.205 0.000199733
70.255 0.000205649
70.305 0.000211246
70.355 0.0002119
70.405 0.000207732
70.455 0.000205251
70.505 0.000213184
70.555 0.000236847
70.605 0.000266212
70.655 0.000274259
70.705 0.000272788
70.755 0.000267546
70.805 0.000259802
70.855 0.000251077
70.905 0.000244688
70.955 0.000242838
71.005 0.000242398
71.055 0.000238734
71.105 0.000220082
71.155 0.000203232
71.205 0.000193103
71.255 0.000188823
71.305 0.000188055
71.355 0.000192558
71.405 0.000214367
71.455 0.000238924
71.505 0.000243556
71.555 0.000231295
71.605 0.000219081
71.655 0.000205532
71.705 0.00019768
71.755 0.000203505
71.805 0.000217697
71.855 0.000230611
71.905 0.000234329
71.955 0.000229517
72.005 0.000223663
72.055 0.000224553
72.105 0.000234263
72.155 0.000246861
72.205 0.000251647
72.255 0.000243422
72.305 0.00022695
72.355 0.000210451
72.405 0.000200302
72.455 0.000198773
72.505 0.000203688
72.555 0.000209966
72.605 0.00021234
72.655 0.00020917
72.705 0.000205258
72.755 0.000209372
72.805 0.000228165
72.855 0.000260588
72.905 0.00027338
72.955 0.000273722
73.005 0.000269374
73.055 0.000262277
73.105 0.000253556
73.155 0.000246127
73.205 0.000242987
73.255 0.000242321
73.305 0.000241538
73.355 0.000225798
73.405 0.000207488
73.455 0.000195383
73.505 0.000189542
73.555 0.000188831
73.605 0.000189129
73.655 0.000206812
73.705 0.000232662
73.755 0.000245282
73.805 0.000235461
73.855 0.000222435
73.905 0.000209965
73.955 0.000198447
74.005 0.000200597
74.055 0.000213191
74.105 0.000227558
74.155 0.000234332
74.205 0.000231438
74.255 0.000224958
74.305 0.000223324
74.355 0.000230702
74.405 0.000243502
74.455 0.00025157
74.505 0.000247042
74.555 0.000232135
74.605 0.000214849
74.655 0.000202391
74.705 0.000198385
74.755 0.000201844
74.805 0.000208328
74.855 0.000212256
74.905 0.000210513
74.955 0.000205972
75.005 0.000206854
75.055 0.000220936
75.105 0.0002515
75.155 0.000271464
75.205 0.000274293
75.255 0.00027097
75.305 0.000264595
75.355 0.000256144
75.405 0.000247952
75.455 0.000243382
75.505 0.000242362
75.555 0.000242401
75.605 0.000231498
75.655 0.00021242
75.705 0.0001982
75.755 0.000190723
75.805 0.000188911
75.855 0.000187424
75.905 0.000200034
75.955 0.000225378
76.005 0.000245233
76.055 0.000239583
76.105 0.000225831
76.155 0.000213509
76.205 0.00020047
76.255 0.000198622
76.305 0.000208848
76.355 0.000223795
76.405 0.000233445
76.455 0.000233033
76.505 0.000226703
76.555 0.000222922
76.605 0.000227659
76.655 0.000239724
76.705 0.000250331
76.755 0.000249731
76.805 0.000237122
76.855 0.000219687
76.905 0.00020524
76.955 0.00019866
77.005 0.000200268
77.055 0.000206456
77.105 0.000211643
77.155 0.000211576
77.205 0.00020716
77.255 0.000205503
77.305 0.000215156
77.355 0.000240851
77.405 0.00026812
77.455 0.000274394
77.505 0.000272313
77.555 0.000266724
77.605 0.000258742
77.655 0.000250105
77.705 0.000244212
77.755 0.000242638
77.805 0.000242425
77.855 0.000236831
77.905 0.00021777
77.955 0.000201632
78.005 0.000192307
78.055 0.000188709
78.105 0.0001875
78.155 0.000194443
78.205 0.000217593
78.255 0.000241103
78.305 0.000242558
78.355 0.000229628
78.405 0.000217408
78.455 0.000203784
78.505 0.000197717
78.555 0.000204938
78.605 0.000219539
78.655 0.000231627
78.705 0.000234093
78.755 0.000228685
78.805 0.000223301
78.855 0.000225302
78.905 0.000235835
78.955 0.000248058
79.005 0.000251331
79.055 0.000241706
79.105 0.000224804
79.155 0.000208798
79.205 0.000199667
79.255 0.000199107
79.305 0.000204493
79.355 0.000210544
79.405 0.000212219
79.455 0.000208574
79.505 0.000205156
79.555 0.000210785
79.605 0.000231579
79.655 0.00026292
79.705 0.000273852
79.755 0.000273374
79.805 0.000268643
79.855 0.000261266
79.905 0.000252507
79.955 0.000245478
80.005 0.000243019
80.055 0.000242342
80.105 0.000240477
80.155 0.000223417
80.205 0.000205645
80.255 0.000194357
80.305 0.000189165
80.355 0.000188474
80.405 0.000190341
80.455 0.000209862
80.505 0.000235396
80.555 0.000244699
80.605 0.000233726
80.655 0.000221161
80.705 0.000208429
80.755 0.000197983
80.805 0.000201696
80.855 0.000215049
80.905 0.000228915
80.955 0.000234434
81.005 0.000230672
81.055 0.00022436
81.105 0.000223733
81.155 0.000232124
81.205 0.000244962
81.255 0.000251752
81.305 0.000245655
81.355 0.000230012
81.405 0.000212976
81.455 0.00020144
81.505 0.000198474
81.555 0.000202586
81.605 0.000209043
81.655 0.000212358
81.705 0.000209985
81.755 0.00020561
81.805 0.000207749
81.855 0.000223752
81.905 0.00025615
81.955 0.000272407
82.005 0.000274104
82.055 0.000270335
82.105 0.000263653
82.155 0.000255062
82.205 0.00024715
82.255 0.000243163
82.305 0.000242318
82.355 0.000242314
82.405 0.000229163
82.455 0.000210328
82.505 0.00019698
82.555 0.000190225
82.605 0.000189194
82.655 0.000187914
82.705 0.000202712
82.755 0.000228479
82.805 0.000245698
82.855 0.000237914
82.905 0.000224379
82.955 0.000211999
83.005 0.000199485
83.055 0.000199319
83.105 0.000210606
83.155 0.000225424
83.205 0.000233924
83.255 0.000232429
83.305 0.000225943
83.355 0.000222992
83.405 0.000228844
83.455 0.000241319
83.505 0.000250982
83.555 0.00024875
83.605 0.000235108
83.655 0.000217652
83.705 0.00020398
83.755 0.000198467
83.805 0.000200882
83.855 0.000207254
83.905 0.000211964
83.955 0.000211186
84.005 0.000206634
84.055 0.000205937
84.105 0.000217379
84.155 0.000245098
84.205 0.000269706
84.255 0.000274417
84.305 0.000271787
84.355 0.000265865
84.405 0.000257671
84.455 0.000249178
84.505 0.000243814
84.555 0.000242488
84.605 0.000242436
84.655 0.000234701
84.705 0.000215518
84.755 0.000200127
84.805 0.000191596
84.855 0.000188714
84.905 0.000187255
84.955 0.000196591
85.005 0.000220838
85.055 0.000243021
85.105 0.000241442
85.155 0.00022802
85.205 0.000215771
85.255 0.000202264
85.305 0.000197958
85.355 0.000206488
85.405 0.000221344
85.455 0.000232492
85.505 0.000233734
85.555 0.000227854
85.605 0.000223058
85.655 0.000226188
85.705 0.000237437
85.755 0.000249113
85.805 0.000250814
85.855 0.000239878
85.905 0.000222673
85.955 0.000207253
86.005 0.000199165
86.055 0.000199536
86.105 0.000205312
86.155 0.000211059
86.205 0.000212017
86.255 0.000207985
86.305 0.000205198
86.355 0.000212433
86.405 0.000235243
86.455 0.000265315
86.505 0.000274167
86.555 0.00027297
86.605 0.000267875
86.655 0.000260236
86.705 0.00025149
86.755 0.000244903
86.805 0.00024293
86.855 0.000242378
86.905 0.000239274
86.955 0.000221062
87.005 0.000203928
87.055 0.000193458
87.105 0.000188902
87.155 0.00018831
87.205 0.000191844
87.255 0.000213018
87.305 0.000237929
87.355 0.000243928
87.405 0.00023201
87.455 0.000219794
87.505 0.00020635
87.555 0.00019773
87.605 0.000202942
87.655 0.000216916
87.705 0.000230139
87.755 0.00023439
87.805 0.000229866
87.855 0.000223849
87.905 0.000224282
87.955 0.000233619
88.005 0.000246324
88.055 0.000251724
88.105 0.000244115
88.155 0.000227862
88.205 0.000211183
88.255 0.000200616
88.305 0.000198668
88.355 0.000203362
88.405 0.00020971
88.455 0.00021237
88.505 0.000209423
88.555 0.000205345
88.605 0.000208853
88.655 0.000226812
88.705 0.000259438
88.755 0.000273131
88.805 0.000273846
88.855 0.000269664
88.905 0.000262687
88.955 0.000253995
89.005 0.000246414
89.055 0.000243022
89.105 0.000242311
89.155 0.000241922
89.205 0.000226797
89.255 0.000208313
89.305 0.000195841
89.355 0.000189731
89.405 0.000189037
89.455 0.000188706
89.505 0.000205567
89.555 0.000231456
89.605 0.000245458
89.655 0.000236191
89.705 0.000222995
89.755 0.000210553
89.805 0.000198712
89.855 0.000200185
89.905 0.000212418
89.955 0.000226949
90.005 0.000234243
90.055 0.000231744
90.105 0.000225235
90.155 0.000223195
90.205 0.000230132
90.255 0.000242868
90.305 0.000251438
90.355 0.000247583
90.405 0.000233025
90.455 0.000215666
90.505 0.000202837
90.555 0.000198387
90.605 0.000201552
90.655 0.000208021
90.705 0.000212193
90.755 0.000210728
90.805 0.000206158
90.855 0.000206546
90.905 0.000219834
90.955 0.00024956
91.005 0.000270995
91.055 0.000274344
91.105 0.000271217
91.155 0.000264974
91.205 0.000256593
91.255 0.0002483
91.305 0.000243491
91.355 0.000242387
91.405 0.000242417
91.455 0.000232463
91.505 0.000213324
91.555 0.000198737
91.605 0.000190954
91.655 0.000188827
91.705 0.000187305
91.755 0.000198966
91.805 0.000224045
91.855 0.000244639
91.905 0.000240204
91.955 0.000226461
92.005 0.000214166
92.055 0.000200954
92.105 0.000198385
92.155 0.00020813
92.205 0.000223083
92.255 0.000233194
92.305 0.00023326
92.355 0.000227035
92.405 0.000222933
92.455 0.000227196
92.505 0.000239047
92.555 0.000250005
92.605 0.000250089
92.655 0.00023795
92.705 0.00022056
92.755 0.000205809
92.805 0.000198782
92.855 0.000200036
92.905 0.00020612
92.955 0.000211488
93.005 0.000211724
93.055 0.000207399
93.105 0.000205378
93.155 0.000214298
93.205 0.000239137
93.255 0.000267356
93.305 0.000274345
93.355 0.000272512
93.405 0.000267067
93.455 0.000259182
93.505 0.000250501
93.555 0.000244396
93.605 0.000242708
93.655 0.000242408
93.705 0.00023768
93.755 0.000218733
93.805 0.000202291
93.855 0.000192628
93.905 0.000188739
93.955 0.000187688
94.005 0.000193611
94.055 0.000216225
94.105 0.000240212
94.155 0.000242984
94.205 0.000230315
94.255 0.000218102
94.305 0.00020449
94.355 0.000197673
94.405 0.000204316
94.455 0.000218765
94.505 0.000231215
94.555 0.000234204
94.605 0.000229033
94.655 0.000223437
94.705 0.000224968
94.755 0.000235167
94.805 0.000247569
94.855 0.000251488
94.905 0.00024244
94.955 0.000225703
95.005 0.000209479
95.055 0.000199917
95.105 0.000198955
95.155 0.000204153
95.205 0.000210309
95.255 0.00021228
95.305 0.000208826
95.355 0.000205182
95.405 0.000210161
95.455 0.000230109
95.505 0.000261963
95.555 0.000273665
95.605 0.000273519
95.655 0.000268946
95.705 0.000261684
95.755 0.000252935
95.805 0.000245733
95.855 0.000242984
95.905 0.000242322
95.955 0.000240933
96.005 0.000224412
96.055 0.000206394
96.105 0.000194769
96.155 0.000189304
96.205 0.000188594
96.255 0.000189786
96.305 0.000208557
96.355 0.00023426
96.405 0.000244959
96.455 0.000234444
96.505 0.000221678
96.555 0.000209181
96.605 0.000198147
96.655 0.000201211
96.705 0.000214261
96.755 0.000228356
96.805 0.000234406
96.855 0.000230997
96.905 0.000224598
96.955 0.000223541
97.005 0.000231515
97.055 0.000244357
97.105 0.000251699
97.155 0.000246256
97.205 0.000230908
97.255 0.000213753
97.305 0.000201823
97.355 0.000198422
97.405 0.000202268
97.455 0.000208747
97.505 0.000212325
97.555 0.00021021
97.605 0.000205749
97.655 0.000207344
97.705 0.000222534
97.755 0.000254235
97.805 0.000272029
97.855 0.000274184
97.905 0.000270597
97.955 0.000264042
98.005 0.000255507
98.055 0.00024747
98.105 0.000243237
98.155 0.000242324
98.205 0.00024235
98.255 0.000230146
98.305 0.000211195
98.355 0.000197479
98.405 0.000190422
98.455 0.000189056
98.505 0.000187664
98.555 0.000201556
98.605 0.000227183
98.655 0.000245704
98.705 0.000238617
98.755 0.000224974
98.805 0.000212621
98.855 0.000199868
98.905 0.000199001
98.955 0.000209858
99.005 0.000224748
99.055 0.000233739
99.105 0.000232693
99.155 0.000226255
99.205 0.000222944
99.255 0.000228332
99.305 0.000240653
99.355 0.000250732
99.405 0.000249187
99.455 0.000235963
99.505 0.000218502
99.555 0.000204496
99.605 0.000198534
99.655 0.000200615
99.705 0.000206921
99.755 0.000211839
99.805 0.000211357
99.855 0.000206848
99.905 0.000205731
99.955 0.000216412
100.005 0.000243279
100.055 0.000269068
100.105 0.000274411
100.155 0.000272004
100.205 0.000266222
100.255 0.000258114
100.305 0.000249554
100.355 0.000243967
100.405 0.000242539
100.455 0.00024243
100.505 0.00023561
100.555 0.000216456
100.605 0.000200748
100.655 0.000191885
100.705 0.000188697
100.755 0.000187318
100.805 0.000195656
100.855 0.000219474
100.905 0.000242247
100.955 0.000241925
101.005 0.000228688
101.055 0.000216453
101.105 0.000202872
101.155 0.000197832
101.205 0.000205823
101.255 0.000220591
101.305 0.000232148
101.355 0.000233899
101.405 0.000228201
101.455 0.000223145
101.505 0.000225799
101.555 0.000236763
101.605 0.000248689
101.655 0.000251058
101.705 0.000240661
101.755 0.000223567
101.805 0.000207891
101.855 0.000199361
101.905 0.000199347
101.955 0.000204968
102.005 0.000210852
102.055 0.000212112
102.105 0.000208232
102.155 0.000205162
102.205 0.000211711
102.255 0.00023367
102.305 0.000264339
102.355 0.000274045
102.405 0.00027314
102.455 0.000268196
102.505 0.000260666
102.555 0.00025191
102.605 0.000245135
102.655 0.000243034
102.705 0.000242362
102.755 0.000239795
102.805 0.000222049
102.855 0.00020464
102.905 0.000193829
102.955 0.000189002
103.005 0.000188356
103.055 0.00019118
103.105 0.000211685
103.155 0.000236895
103.205 0.000244279
103.255 0.000232731
103.305 0.000220461
103.355 0.000207188
103.405 0.00019781
103.455 0.000202403
103.505 0.000216133
103.555 0.000229643
103.605 0.000234427
103.655 0.000230209
103.705 0.000224053
103.755 0.000224035
103.805 0.000232984
103.855 0.000245765
103.905 0.000251761
103.955 0.00024478
104.005 0.000228768
104.055 0.000211927
104.105 0.000200947
104.155 0.000198575
104.205 0.000203033
104.255 0.000209438
104.305 0.000212378
104.355 0.000209664
104.405 0.000205444
104.455 0.000208363
104.505 0.000225494
104.555 0.000258049
104.605 0.000272847
104.655 0.00027396
104.705 0.000269949
104.755 0.000263095
104.805 0.000254442
104.855 0.000246716
104.905 0.000243074
104.955 0.000242313
105.005 0.000242242
105.055 0.000227795
105.105 0.000209152
105.155 0.000196313
105.205 0.000189943
105.255 0.000189272
105.305 0.000188341
105.355 0.000204351
105.405 0.000230227
105.455 0.000245599
105.505 0.000236924
105.555 0.000223571
105.605 0.000211152
105.655 0.000199009
105.705 0.000199801
105.755 0.000211653
105.805 0.000226323
105.855 0.000234129
105.905 0.000232042
105.955 0.000225525
106.005 0.000223094
106.055 0.000229579
106.105 0.000242224
106.155 0.00025127
106.205 0.000248094
106.255 0.000233905
106.305 0.000216492
106.355 0.000203301
106.405 0.000198406
106.455 0.000201264
106.505 0.000207703
106.555 0.000212108
106.605 0.000210929
106.655 0.000206351
106.705 0.000206266
106.755 0.000218771
106.805 0.000247654
106.855 0.000270484
106.905 0.000274385
106.955 0.000271462
107.005 0.000265353
107.055 0.000257047
107.105 0.000248665
107.155 0.00024362
107.205 0.000242427
107.255 0.000242433
107.305 0.000233416
107.355 0.000214238
107.405 0.00019929
107.455 0.000191216
107.505 0.000188767
107.555 0.000187251
107.605 0.000197943
107.655 0.000222706
107.705 0.000243998
107.755 0.000240742
107.805 0.000227111
107.855 0.000214834
107.905 0.000201475
107.955 0.000198182
108.005 0.00020743
108.055 0.000222361
108.105 0.000232919
108.155 0.000233472
108.205 0.000227375
108.255 0.000222969
108.305 0.000226756
108.355 0.00023837
108.405 0.00024965
108.455 0.000250416
108.505 0.000238767
108.555 0.000221442
108.605 0.0002064
108.655 0.000198926
108.705 0.000199815
108.755 0.000205781
108.805 0.000211318
108.855 0.000211857
108.905 0.000207643
108.955 0.000205283
109.005 0.000213484
109.055 0.000237469
109.105 0.000266538
109.155 0.000274286
109.205 0.000272712
109.255 0.000267412
109.305 0.000259629
109.355 0.000250914
109.405 0.000244603
109.455 0.000242799
109.505 0.0002424
109.555 0.000238509
109.605 0.000219706
109.655 0.000202968
109.705 0.000192968
109.755 0.000188796
109.805 0.000187945
109.855 0.000192838
109.905 0.000214875
109.955 0.000239285
