50.005 0
50.055 0.00027342
50.105 0.000275119
50.155 0.000275161
50.205 0.000270472
50.255 0.000261595
50.305 0.000251747
50.355 0.000242867
50.405 0.000234084
50.455 0.000225358
50.505 0.000216391
50.555 0.000208904
50.605 0.00020113
50.655 0.000203548
50.705 0.000209282
50.755 0.000216264
50.805 0.000219269
50.855 0.000213323
50.905 0.000209162
50.955 0.000207409
51.005 0.00020355
51.055 0.000200927
51.105 0.000197396
51.155 0.000192591
51.205 0.000186653
51.255 0.000179871
51.305 0.000178369
51.355 0.000176514
51.405 0.000175609
51.455 0.000174026
51.505 0.000170709
51.555 0.000166653
51.605 0.000162949
51.655 0.000160348
51.705 0.000163812
51.755 0.000170772
51.805 0.000183463
51.855 0.000200971
51.905 0.000222129
51.955 0.000245014
52.005 0.000267394
52.055 0.000279384
52.105 0.000282643
52.155 0.000280858
52.205 0.000277182
52.255 0.000273272
52.305 0.000271599
52.355 0.000273076
52.405 0.000274291
52.455 0.00027336
52.505 0.000266854
52.555 0.000257361
52.605 0.000247741
52.655 0.000239438
52.705 0.000230786
52.755 0.000221685
52.805 0.00021314
52.855 0.0002054
52.905 0.000200891
52.955 0.000205344
53.005 0.000211857
53.055 0.000218423
53.105 0.000218371
53.155 0.000210168
53.205 0.000208576
53.255 0.000205424
53.305 0.000202409
53.355 0.000199632
53.405 0.000195564
53.455 0.000190279
53.505 0.000183913
53.555 0.00017906
53.605 0.000177201
53.655 0.000175768
53.705 0.000174926
53.755 0.000172801
53.805 0.000169137
53.855 0.000165194
53.905 0.000161847
53.955 0.000161296
54.005 0.000165757
54.055 0.000174866
54.105 0.000189558
54.155 0.000208644
54.205 0.000230809
54.255 0.000253873
54.305 0.000272912
54.355 0.000282079
54.405 0.000281725
54.455 0.000279284
54.505 0.000275175
54.555 0.000271347
54.605 0.000270994
54.655 0.000272961
54.705 0.000273564
54.755 0.000271038
54.805 0.000263087
54.855 0.000253257
54.905 0.000244059
54.955 0.000235522
55.005 0.000227058
55.055 0.000218158
55.105 0.000210525
55.155 0.000201943
55.205 0.000202072
55.255 0.000207512
55.305 0.000214378
55.355 0.000219132
55.405 0.000215154
55.455 0.00020883
55.505 0.000207998
55.555 0.000203966
55.605 0.000201358
55.655 0.000198183
55.705 0.000193602
55.755 0.000187841
55.805 0.000181133
55.855 0.000178118
55.905 0.000176169
55.955 0.000175216
56.005 0.000174167
56.055 0.000171461
56.105 0.000167627
56.155 0.000163872
56.205 0.000160971
56.255 0.00016264
56.305 0.000168447
56.355 0.000179674
56.405 0.000196179
56.455 0.000216703
56.505 0.00023954
56.555 0.000262412
56.605 0.00027751
56.655 0.000282945
56.705 0.000281148
56.755 0.000277423
56.805 0.00027295
56.855 0.000270025
56.905 0.0002709
56.955 0.000272844
57.005 0.00027322
57.055 0.000268176
57.105 0.000259231
57.155 0.000249439
57.205 0.000240746
57.255 0.000232104
57.305 0.00022354
57.355 0.000214616
57.405 0.000207263
57.455 0.000200536
57.505 0.000203909
57.555 0.00020991
57.605 0.00021669
57.655 0.000218656
57.705 0.000211855
57.755 0.000208485
57.805 0.000206212
57.855 0.000202812
57.905 0.00020026
57.955 0.000196555
58.005 0.0001915
58.055 0.0001853
58.105 0.000178327
58.155 0.000177147
58.205 0.000175457
58.255 0.00017475
58.305 0.000173259
58.355 0.000170056
58.405 0.000166199
58.455 0.000162697
58.505 0.000160352
58.555 0.000164374
58.605 0.000171901
58.655 0.000185179
58.705 0.000203271
58.755 0.000225003
58.805 0.0002482
58.855 0.000269775
58.905 0.000280669
58.955 0.000282453
59.005 0.000279803
59.055 0.000275438
59.105 0.000270922
59.155 0.000269354
59.205 0.000271117
59.255 0.000272451
59.305 0.000271638
59.355 0.000264885
59.405 0.000255347
59.455 0.000245827
59.505 0.00023758
59.555 0.000229102
59.605 0.000220185
59.655 0.000212068
59.705 0.000204041
59.755 0.000200911
59.805 0.000205793
59.855 0.000212405
59.905 0.00021866
59.955 0.000217445
60.005 0.000208976
60.055 0.000208026
60.105 0.000204609
60.155 0.000201844
60.205 0.000199024
60.255 0.000194767
60.305 0.000189257
60.355 0.000182686
60.405 0.000178068
60.455 0.000176181
60.505 0.000174963
60.555 0.000174251
60.605 0.00017218
60.655 0.000168636
60.705 0.000164863
60.755 0.000161694
60.805 0.000161563
60.855 0.000166406
60.905 0.000176042
60.955 0.00019126
61.005 0.000210892
61.055 0.000233453
61.105 0.000256668
61.155 0.000274672
61.205 0.000282735
61.255 0.000281289
61.305 0.000278199
61.355 0.000273442
61.405 0.000269371
61.455 0.000269249
61.505 0.000271422
61.555 0.00027243
61.605 0.000269486
61.655 0.000261389
61.705 0.000251568
61.755 0.000242483
61.805 0.000233938
61.855 0.000225681
61.905 0.00021687
61.955 0.000209425
62.005 0.000201125
62.055 0.000202401
62.105 0.000208004
62.155 0.000214813
62.205 0.000218831
62.255 0.000213997
62.305 0.00020839
62.355 0.00020744
62.405 0.000203382
62.455 0.000200887
62.505 0.000197602
62.555 0.000192842
62.605 0.000186885
62.655 0.000180024
62.705 0.000177252
62.755 0.000175392
62.805 0.000174601
62.855 0.000173621
62.905 0.000170957
62.955 0.000167242
63.005 0.00016363
63.055 0.0001609
63.105 0.000162981
63.155 0.000169219
63.205 0.000180907
63.255 0.000197859
63.305 0.000218836
63.355 0.000241948
63.405 0.000264833
63.455 0.000278644
63.505 0.000282957
63.555 0.000280532
63.605 0.000276269
63.655 0.000271335
63.705 0.000268439
63.755 0.000269556
63.805 0.000271607
63.855 0.000272059
63.905 0.000266761
63.955 0.00025775
64.005 0.000248006
64.055 0.000239455
64.105 0.000230936
64.155 0.000222398
64.205 0.000213458
64.255 0.000206219
64.305 0.000200315
64.355 0.000204211
64.405 0.000210375
64.455 0.000217
64.505 0.000218234
64.555 0.000210901
64.605 0.000208091
64.655 0.000205513
64.705 0.000202374
64.755 0.000199834
64.805 0.000195991
64.855 0.000190772
64.905 0.000184412
64.955 0.000177739
65.005 0.000176437
65.055 0.000174862
65.105 0.000174267
65.155 0.000172801
65.205 0.000169645
65.255 0.0001659
65.305 0.000162522
65.355 0.000160351
65.405 0.000164813
65.455 0.000172733
65.505 0.000186433
65.555 0.00020494
65.605 0.000227014
65.655 0.000250372
65.705 0.000271118
65.755 0.000281449
65.805 0.000282223
65.855 0.00027908
65.905 0.000274337
65.955 0.000269522
66.005 0.000268122
66.055 0.000270076
66.105 0.000271424
66.155 0.000270611
66.205 0.00026364
66.255 0.000254055
66.305 0.000244617
66.355 0.000236359
66.405 0.000228025
66.455 0.000219205
66.505 0.000211323
66.555 0.000202973
66.605 0.000201039
66.655 0.000206164
66.705 0.000212817
66.755 0.000218683
66.805 0.000216538
66.855 0.000208187
66.905 0.000207704
66.955 0.000204119
67.005 0.000201493
67.055 0.000198613
67.105 0.000194222
67.155 0.000188562
67.205 0.000181866
67.255 0.00017748
67.305 0.000175586
67.355 0.000174509
67.405 0.000173858
67.455 0.000171788
67.505 0.000168301
67.555 0.000164628
67.605 0.000161577
67.655 0.000161784
67.705 0.00016693
67.755 0.000176928
67.805 0.000192528
67.855 0.000212532
67.905 0.000235337
67.955 0.000258608
68.005 0.000275872
68.055 0.000283003
68.105 0.000280995
68.155 0.000277489
68.205 0.000272336
68.255 0.000268226
68.305 0.000268313
68.355 0.000270601
68.405 0.000271813
68.455 0.000268509
68.505 0.000260273
68.555 0.00025046
68.605 0.000241467
68.655 0.000232945
68.705 0.00022477
68.755 0.00021599
68.805 0.000208609
68.855 0.000200686
68.905 0.000202703
68.955 0.00020839
69.005 0.000215148
69.055 0.000218612
69.105 0.0002132
69.155 0.000208132
69.205 0.000206788
69.255 0.00020302
69.305 0.000200577
69.355 0.000197196
69.405 0.000192311
69.455 0.000186226
69.505 0.000179272
69.555 0.000176724
69.605 0.000174939
69.655 0.00017425
69.705 0.000173285
69.755 0.00017062
69.805 0.000166969
69.855 0.000163444
69.905 0.000160836
69.955 0.000163264
70.005 0.000169815
70.055 0.000181859
70.105 0.000199139
70.155 0.000220424
70.205 0.000243699
70.255 0.000266549
70.305 0.00027938
70.355 0.000282889
70.405 0.000280087
70.455 0.000275504
70.505 0.00027033
70.555 0.000267548
70.605 0.000268852
70.655 0.000270928
70.705 0.00027133
70.755 0.000265834
70.805 0.000256751
70.855 0.000247047
70.905 0.00023861
70.955 0.00023018
71.005 0.000221614
71.055 0.000212838
71.105 0.000205502
71.155 0.000200255
71.205 0.000204481
71.255 0.000210751
71.305 0.000217255
71.355 0.000217941
71.405 0.000210238
71.455 0.000207859
71.505 0.000205075
71.555 0.000202098
71.605 0.00019954
71.655 0.000195591
71.705 0.000190258
71.755 0.000183791
71.805 0.000177457
71.855 0.000176018
71.905 0.00017452
71.955 0.000173988
72.005 0.000172504
72.055 0.000169358
72.105 0.000165678
72.155 0.000162382
72.205 0.000160453
72.255 0.000165176
72.305 0.000173398
72.355 0.000187428
72.405 0.000206254
72.455 0.000228545
72.505 0.000251985
72.555 0.000272103
72.605 0.000281949
72.655 0.000282016
72.705 0.000278582
72.755 0.000273628
72.805 0.000268669
72.855 0.000267452
72.905 0.000269537
72.955 0.000270855
73.005 0.000269941
73.055 0.000262785
73.105 0.000253154
73.155 0.000243789
73.205 0.000235457
73.255 0.000227275
73.305 0.000218506
73.355 0.000210774
73.405 0.000202314
73.455 0.000201204
73.505 0.00020648
73.555 0.000213156
73.605 0.000218647
73.655 0.000215862
73.705 0.00020794
73.755 0.000207509
73.805 0.000203801
73.855 0.000201259
73.905 0.000198319
73.955 0.000193825
74.005 0.000188063
74.055 0.000181284
74.105 0.000177108
74.155 0.000175226
74.205 0.000174251
74.255 0.000173622
74.305 0.000171522
74.355 0.000168058
74.405 0.000164445
74.455 0.00016148
74.505 0.000161988
74.555 0.00016736
74.605 0.00017766
74.655 0.000193561
74.705 0.000213836
74.755 0.000236801
74.805 0.000260081
74.855 0.000276657
74.905 0.000283127
74.955 0.00028079
75.005 0.000276929
75.055 0.000271606
75.105 0.000267551
75.155 0.000267827
75.205 0.000270174
75.255 0.000271479
75.305 0.00026785
75.355 0.000259487
75.405 0.000249683
75.455 0.000240766
75.505 0.000232268
75.555 0.000224115
75.605 0.00021534
75.655 0.000207997
75.705 0.000200431
75.755 0.000202989
75.805 0.000208726
75.855 0.000215439
75.905 0.000218457
75.955 0.000212607
76.005 0.000207983
76.055 0.000206357
76.105 0.000202783
76.155 0.000200362
76.205 0.000196897
76.255 0.000191919
76.305 0.000185743
76.355 0.000178728
76.405 0.000176408
76.455 0.000174673
76.505 0.000174052
76.555 0.000173072
76.605 0.000170381
76.655 0.000166763
76.705 0.000163296
76.755 0.000160782
76.805 0.000163518
76.855 0.000170322
76.905 0.000182664
76.955 0.000200203
77.005 0.000221712
77.055 0.000245084
77.105 0.000267876
77.155 0.000279913
77.205 0.000282804
77.255 0.000279754
77.305 0.000274971
77.355 0.000269674
77.405 0.000267042
77.455 0.000268501
77.505 0.000270559
77.555 0.000270854
77.605 0.000265177
77.655 0.000256021
77.705 0.000246357
77.755 0.000238018
77.805 0.000229657
77.855 0.000221034
77.905 0.000212509
77.955 0.000204976
78.005 0.00020028
78.055 0.000204732
78.105 0.000211081
78.155 0.000217484
78.205 0.000217721
78.255 0.000209742
78.305 0.000207712
78.355 0.000204772
78.405 0.000201907
78.455 0.000199319
78.505 0.000195281
78.555 0.000189864
78.605 0.000183324
78.655 0.000177275
78.705 0.000175758
78.755 0.000174322
78.805 0.000173824
78.855 0.000172302
78.905 0.000169142
78.955 0.000165499
79.005 0.000162263
79.055 0.000160657
79.105 0.000165499
79.155 0.000173974
79.205 0.000188282
79.255 0.000207357
79.305 0.000229803
79.355 0.00025328
79.405 0.000272871
79.455 0.000282291
79.505 0.000281823
79.555 0.000278211
79.605 0.000273116
79.655 0.00026813
79.705 0.0002671
79.755 0.000269281
79.805 0.000270708
79.855 0.000269478
79.905 0.000262162
79.955 0.000252487
80.005 0.000243187
80.055 0.000234818
80.105 0.000226711
80.155 0.000217968
80.205 0.000210334
80.255 0.000201848
80.305 0.000201386
80.355 0.000206767
80.405 0.000213457
80.455 0.000218611
80.505 0.000215316
80.555 0.000207899
80.605 0.000207385
80.655 0.000203577
80.705 0.000201087
80.755 0.000198085
80.805 0.00019351
80.855 0.000187669
80.905 0.000180834
80.955 0.000176875
81.005 0.000175
81.055 0.000174103
81.105 0.000173471
81.155 0.000171324
81.205 0.000167863
81.255 0.000164288
81.305 0.00016139
81.355 0.000162182
81.405 0.000167736
81.455 0.00017831
81.505 0.000194455
81.555 0.000214944
81.605 0.000238018
81.655 0.000261276
81.705 0.000277248
81.755 0.000283161
81.805 0.000280623
81.855 0.000276515
81.905 0.000271093
81.955 0.000267144
82.005 0.000267594
82.055 0.00026997
82.105 0.000271309
82.155 0.000267356
82.205 0.000258885
82.255 0.000249089
82.305 0.000240242
82.355 0.000231764
82.405 0.000223606
82.455 0.000214821
82.505 0.000207507
82.555 0.000200278
82.605 0.000203216
82.655 0.000209025
82.705 0.0002157
82.755 0.00021833
82.805 0.000212131
82.855 0.000207878
82.905 0.000206033
82.955 0.000202603
83.005 0.000200187
83.055 0.000196646
83.105 0.000191594
83.155 0.000185349
83.205 0.000178294
83.255 0.000176193
83.305 0.000174505
83.355 0.000173932
83.405 0.000172919
83.455 0.000170188
83.505 0.000166584
83.555 0.000163157
83.605 0.000160723
83.655 0.000163742
83.705 0.000170769
83.755 0.000183373
83.805 0.000201131
83.855 0.000222815
83.905 0.000246249
83.955 0.000268859
84.005 0.000280315
84.055 0.000282706
84.105 0.000279482
84.155 0.000274571
84.205 0.000269226
84.255 0.000266764
84.305 0.000268351
84.355 0.000270363
84.405 0.000270544
84.455 0.000264672
84.505 0.000255447
84.555 0.000245819
84.605 0.000237557
84.655 0.000229258
84.705 0.00022056
84.755 0.000212206
84.805 0.000204546
84.855 0.000200338
84.905 0.000204965
84.955 0.000211376
85.005 0.000217693
85.055 0.000217546
85.105 0.000209334
85.155 0.000207617
85.205 0.000204544
85.255 0.00020176
85.305 0.000199135
85.355 0.000195018
85.405 0.000189533
85.455 0.000182937
85.505 0.000177173
85.555 0.000175577
85.605 0.000174198
85.655 0.000173715
85.705 0.00017214
85.755 0.000168955
85.805 0.000165334
85.855 0.000162145
85.905 0.00016086
85.955 0.000165729
86.005 0.00017449
86.055 0.000189045
86.105 0.000208332
86.155 0.000230898
86.205 0.000254387
86.255 0.000273525
86.305 0.000282538
86.355 0.000281645
86.405 0.000277929
86.455 0.000272721
86.505 0.000267775
86.555 0.000266927
86.605 0.000269177
86.655 0.000270667
86.705 0.000269124
86.755 0.000261653
86.805 0.00025194
86.855 0.000242702
86.905 0.000234297
86.955 0.000226243
87.005 0.000217513
87.055 0.000209962
87.105 0.000201497
87.155 0.000201572
87.205 0.000207034
87.255 0.000213735
87.305 0.000218584
87.355 0.000214853
87.405 0.000207872
87.455 0.000207299
87.505 0.000203403
87.555 0.000200948
87.605 0.000197885
87.655 0.000193239
87.705 0.000187334
87.755 0.000180456
87.805 0.000176706
87.855 0.000174844
87.905 0.000174009
87.955 0.000173359
88.005 0.000171155
88.055 0.000167686
88.105 0.000164139
88.155 0.0001613
88.205 0.000162348
88.255 0.000168079
88.305 0.000178907
88.355 0.000195269
88.405 0.000215939
88.455 0.000239096
88.505 0.000262323
88.555 0.000277725
88.605 0.000283167
88.655 0.000280484
88.705 0.000276193
88.755 0.000270713
88.805 0.000266895
88.855 0.000267503
88.905 0.000269884
88.955 0.000271162
89.005 0.000266948
89.055 0.000258384
89.105 0.000248598
89.155 0.000239815
89.205 0.000231358
89.255 0.000223168
89.305 0.000214368
89.355 0.000207079
89.405 0.000200178
89.455 0.000203404
89.505 0.000209306
89.555 0.000215948
89.605 0.000218229
89.655 0.000211725
89.705 0.000207818
89.755 0.000205783
89.805 0.000202467
89.855 0.000200046
89.905 0.000196432
89.955 0.000191317
90.005 0.000185015
90.055 0.000177927
90.105 0.000176042
90.155 0.000174394
90.205 0.000173855
90.255 0.000172796
90.305 0.000170018
90.355 0.000166421
90.405 0.000163028
90.455 0.000160665
90.505 0.000163963
90.555 0.000171191
90.605 0.000184039
90.655 0.000201994
90.705 0.000223829
90.755 0.000247305
90.805 0.000269483
90.855 0.000280676
90.905 0.000282612
90.955 0.000279264
91.005 0.000274265
91.055 0.000268901
91.105 0.000266614
91.155 0.000268312
91.205 0.000270261
91.255 0.000270341
91.305 0.00026425
91.355 0.000254956
91.405 0.000245363
91.455 0.000237129
91.505 0.000228929
91.555 0.000220149
91.605 0.000211946
91.655 0.000204184
91.705 0.000200426
91.755 0.000205197
91.805 0.000211662
91.855 0.0002179
91.905 0.000217397
91.955 0.000208991
92.005 0.000207553
92.055 0.000204361
92.105 0.000201643
92.155 0.000198978
92.205 0.000194791
92.255 0.000189247
92.305 0.000182604
92.355 0.000177091
92.405 0.000175413
92.455 0.00017412
92.505 0.000173642
92.555 0.000172007
92.605 0.000168793
92.655 0.000165187
92.705 0.000162041
92.755 0.000161041
92.805 0.000165958
92.855 0.00017499
92.905 0.000189775
92.955 0.000209252
93.005 0.000231919
93.055 0.000255409
93.105 0.000274124
93.155 0.000282739
93.205 0.000281486
93.255 0.000277701
93.305 0.000272403
93.355 0.000267532
93.405 0.000266863
93.455 0.000269167
93.505 0.000270687
93.555 0.000268834
93.605 0.000261222
93.655 0.000251471
93.705 0.000242294
93.755 0.000233872
93.805 0.000225835
93.855 0.000217114
93.905 0.000209625
93.955 0.000201218
94.005 0.000201771
94.055 0.000207299
94.105 0.000214005
94.155 0.000218561
94.205 0.000214436
94.255 0.000207863
94.305 0.000207238
94.355 0.000203263
94.405 0.000200833
94.455 0.00019771
94.505 0.000193
94.555 0.000187039
94.605 0.000180126
94.655 0.000176582
94.705 0.000174737
94.755 0.000173953
94.805 0.000173277
94.855 0.000171013
94.905 0.000167533
94.955 0.000164007
95.005 0.000161222
95.055 0.000162527
95.105 0.000168421
95.155 0.000179492
95.205 0.000196057
95.255 0.00021689
95.305 0.000240113
95.355 0.000263296
95.405 0.000278163
95.455 0.000283152
95.505 0.000280358
95.555 0.000275925
95.605 0.000270411
95.655 0.00026674
95.705 0.0002675
95.755 0.000269873
95.805 0.000271071
95.855 0.000266605
95.905 0.000257946
95.955 0.000248169
96.005 0.000239451
96.055 0.000231012
96.105 0.000222785
96.155 0.000213962
96.205 0.0002067
96.255 0.000200126
96.305 0.000203594
96.355 0.00020958
96.405 0.000216186
96.455 0.000218136
96.505 0.000211363
96.555 0.000207769
96.605 0.000205565
96.655 0.000202347
96.705 0.000199917
96.755 0.000196236
96.805 0.000191063
96.855 0.000184712
96.905 0.000177597
96.955 0.000175932
97.005 0.000174321
97.055 0.000173808
97.105 0.000172699
97.155 0.000169872
97.205 0.000166276
97.255 0.000162911
97.305 0.000160616
97.355 0.000164185
97.405 0.00017161
97.455 0.000184692
97.505 0.000202829
97.555 0.000224796
97.605 0.000248299
97.655 0.000270053
97.705 0.000280991
97.755 0.00028251
97.805 0.000279064
97.855 0.000274
97.905 0.000268649
97.955 0.000266544
98.005 0.000268345
98.055 0.000270217
98.105 0.00027017
98.155 0.000263879
98.205 0.000254518
98.255 0.000244962
98.305 0.000236747
98.355 0.00022854
98.405 0.000219775
98.455 0.00021169
98.505 0.000203829
98.555 0.000200529
98.605 0.000205427
98.655 0.000211937
98.705 0.000218092
98.755 0.000217256
98.805 0.000208669
98.855 0.000207496
98.905 0.000204201
98.955 0.000201537
99.005 0.000198829
99.055 0.000194574
99.105 0.000188978
99.155 0.000182295
99.205 0.000177017
99.255 0.000175284
99.305 0.00017407
99.355 0.000173589
99.405 0.000171889
99.455 0.000168643
99.505 0.000165047
99.555 0.00016194
99.605 0.000161221
99.655 0.000166203
99.705 0.000175479
99.755 0.000190484
99.805 0.000210136
99.855 0.000232889
99.905 0.000256365
99.955 0.00027468
100.005 0.000282883
100.055 0.000281321
100.105 0.000277498
100.155 0.000272126
100.205 0.00026735
100.255 0.000266856
100.305 0.000269201
100.355 0.000270737
100.405 0.000268571
100.455 0.000260822
100.505 0.000251047
100.555 0.000241919
100.605 0.000233478
100.655 0.000225454
100.705 0.000216733
100.755 0.000209302
100.805 0.000200987
100.855 0.000201967
100.905 0.000207548
100.955 0.000214257
101.005 0.000218525
101.055 0.000214042
101.105 0.000207856
101.155 0.000207181
101.205 0.000203132
101.255 0.00020072
101.305 0.000197536
101.355 0.000192767
101.405 0.000186756
101.455 0.000179813
101.505 0.000176482
101.555 0.000174652
101.605 0.000173915
101.655 0.000173206
101.705 0.000170878
101.755 0.000167382
101.805 0.000163874
101.855 0.00016114
101.905 0.000162696
101.955 0.000168752
102.005 0.000180058
102.055 0.000196816
102.105 0.000217797
102.155 0.000241074
102.205 0.000264205
102.255 0.000278538
102.305 0.000283113
102.355 0.000280226
102.405 0.000275671
102.455 0.000270148
102.505 0.000266633
102.555 0.000267533
102.605 0.000269885
102.655 0.00027097
102.705 0.000266274
102.755 0.000257526
102.805 0.000247764
102.855 0.00023911
102.905 0.000230689
102.955 0.000222414
103.005 0.000213564
103.055 0.000206332
103.105 0.000200084
103.155 0.00020378
103.205 0.000209841
103.255 0.000216411
103.305 0.000218042
103.355 0.000211018
103.405 0.000207724
103.455 0.000205373
103.505 0.000202237
103.555 0.000199791
103.605 0.000196042
103.655 0.000190817
103.705 0.000184422
103.755 0.000177285
103.805 0.000175836
103.855 0.000174262
103.905 0.000173769
103.955 0.000172603
104.005 0.000169724
104.055 0.000166127
104.105 0.00016279
104.155 0.000160561
104.205 0.0001644
104.255 0.000172015
104.305 0.000185324
104.355 0.000203634
104.405 0.000225722
104.455 0.000249244
104.505 0.000270603
104.555 0.000281279
104.605 0.000282396
104.655 0.000278871
104.705 0.000273761
104.755 0.000268429
104.805 0.000266505
104.855 0.000268393
104.905 0.000270179
104.955 0.000269997
105.005 0.000263511
105.055 0.00025409
105.105 0.000244575
105.155 0.00023637
105.205 0.000228164
105.255 0.00021941
105.305 0.000211429
105.355 0.00020336
105.405 0.000200642
105.455 0.000205648
105.505 0.000212199
105.555 0.000218279
105.605 0.000216966
105.655 0.000208373
105.705 0.000207456
105.755 0.000204057
105.805 0.00020144
105.855 0.000198686
105.905 0.000194368
105.955 0.000188721
106.005 0.000182002
106.055 0.000176966
106.105 0.000175178
106.155 0.000174031
106.205 0.00017354
106.255 0.000171772
106.305 0.000168494
106.355 0.000164908
106.405 0.000161838
106.455 0.000161399
106.505 0.000166457
106.555 0.000175962
106.605 0.00019118
106.655 0.000210998
106.705 0.000233829
106.755 0.000257288
106.805 0.000275214
106.855 0.000283003
106.905 0.000281161
106.955 0.000277311
107.005 0.000271869
107.055 0.000267197
107.105 0.000266873
107.155 0.000269248
107.205 0.000270782
107.255 0.000268306
107.305 0.000260431
107.355 0.000250647
107.405 0.000241564
107.455 0.000233111
107.505 0.00022509
107.555 0.000216368
107.605 0.00020899
107.655 0.000200786
107.705 0.000202175
107.755 0.000207804
107.805 0.000214512
107.855 0.000218496
107.905 0.000213674
107.955 0.000207847
108.005 0.000206941
108.055 0.000203021
108.105 0.00020062
108.155 0.000197375
108.205 0.00019255
108.255 0.000186491
108.305 0.00017952
108.355 0.000176391
108.405 0.000174584
108.455 0.000173887
108.505 0.00017314
108.555 0.000170748
108.605 0.000167238
108.655 0.000163748
108.705 0.000161067
108.755 0.000162869
108.805 0.00016909
108.855 0.000180627
108.905 0.00019757
108.955 0.000218692
109.005 0.000242016
109.055 0.000265092
109.105 0.000278901
109.155 0.000283065
109.205 0.000280094
109.255 0.000275433
109.305 0.000269906
109.355 0.000266555
109.405 0.000267589
109.455 0.000269913
109.505 0.000270873
109.555 0.000265959
109.605 0.000257125
109.655 0.00024738
109.705 0.000238793
109.755 0.000230394
109.805 0.000222065
109.855 0.000213186
109.905 0.000205991
109.955 0.000200082
