50.005 0
50.055 3.23154e-05
50.105 3.09002e-05
50.155 2.74473e-05
50.205 2.35674e-05
50.255 2.01683e-05
50.305 1.78963e-05
50.355 1.73323e-05
50.405 1.89482e-05
50.455 2.28062e-05
50.505 2.8261e-05
50.555 3.40749e-05
50.605 3.88621e-05
50.655 4.16192e-05
50.705 4.22094e-05
50.755 4.14019e-05
50.805 4.04283e-05
50.855 4.01328e-05
50.905 4.16512e-05
50.955 4.46861e-05
51.005 4.73702e-05
51.055 4.74589e-05
51.105 4.3362e-05
51.155 3.53509e-05
51.205 2.97473e-05
51.255 3.05813e-05
51.305 3.56155e-05
51.355 4.26032e-05
51.405 4.96293e-05
51.455 5.59074e-05
51.505 6.1247e-05
51.555 6.5887e-05
51.605 7.0664e-05
51.655 7.68862e-05
51.705 8.47311e-05
51.755 9.16927e-05
51.805 9.5279e-05
51.855 9.50748e-05
51.905 9.08702e-05
51.955 8.25091e-05
52.005 7.11185e-05
52.055 5.85158e-05
52.105 4.62673e-05
52.155 3.53648e-05
52.205 2.62453e-05
52.255 1.89057e-05
52.305 1.3023e-05
52.355 8.32198e-06
52.405 9.34456e-06
52.455 2.42114e-05
52.505 4.85671e-05
52.555 7.2926e-05
52.605 8.77221e-05
52.655 8.96841e-05
52.705 8.44121e-05
52.755 7.52965e-05
52.805 6.5054e-05
52.855 5.52784e-05
52.905 4.69713e-05
52.955 4.06354e-05
53.005 3.6432e-05
53.055 3.42832e-05
53.105 3.35193e-05
53.155 3.28846e-05
53.205 3.19335e-05
53.255 3.14197e-05
53.305 3.20186e-05
53.355 3.40333e-05
53.405 3.68159e-05
53.455 3.99581e-05
53.505 4.10743e-05
53.555 3.35346e-05
53.605 2.90889e-05
53.655 3.65462e-05
53.705 5.08968e-05
53.755 6.36272e-05
53.805 7.14648e-05
53.855 7.43485e-05
53.905 7.26922e-05
53.955 6.7309e-05
54.005 5.94696e-05
54.055 5.05346e-05
54.105 4.15923e-05
54.155 3.33392e-05
54.205 2.6118e-05
54.255 2.00125e-05
54.305 1.49482e-05
54.355 1.07688e-05
54.405 7.29001e-06
54.455 4.32574e-06
54.505 1.73318e-06
54.555 1.49356e-06
54.605 4.74141e-06
54.655 1.0208e-05
54.705 2.16673e-05
54.755 5.12263e-05
54.805 0.000105854
54.855 0.000134256
54.905 0.000124794
54.955 9.43181e-05
55.005 5.82237e-05
55.055 2.59849e-05
55.105 3.84352e-06
55.155 8.98999e-06
55.205 1.53295e-05
55.255 1.72939e-05
55.305 1.63659e-05
55.355 1.34357e-05
55.405 8.97282e-06
55.455 3.31991e-06
55.505 3.90641e-06
55.555 1.09029e-05
55.605 1.67821e-05
55.655 1.91785e-05
55.705 1.63768e-05
55.755 9.50012e-06
55.805 5.23765e-06
55.855 9.46821e-06
55.905 1.35041e-05
55.955 1.51e-05
56.005 1.4424e-05
56.055 1.27432e-05
56.105 1.11129e-05
56.155 9.70185e-06
56.205 8.26496e-06
56.255 6.66969e-06
56.305 5.13002e-06
56.355 4.3558e-06
56.405 5.32036e-06
56.455 1.49794e-05
56.505 3.47956e-05
56.555 5.10767e-05
56.605 5.25851e-05
56.655 4.35548e-05
56.705 3.15954e-05
56.755 2.02656e-05
56.805 1.05534e-05
56.855 2.47998e-06
56.905 4.23519e-06
56.955 9.93911e-06
57.005 1.49748e-05
57.055 1.96746e-05
57.105 2.43625e-05
57.155 2.93226e-05
57.205 3.46059e-05
57.255 3.988e-05
57.305 4.45324e-05
57.355 4.79949e-05
57.405 4.99157e-05
57.455 5.00754e-05
57.505 4.85811e-05
57.555 4.58859e-05
57.605 4.25641e-05
57.655 3.91306e-05
57.705 3.58732e-05
57.755 3.22715e-05
57.805 2.68566e-05
57.855 1.86987e-05
57.905 8.15241e-06
57.955 6.82541e-06
58.005 2.5256e-05
58.055 5.9175e-05
58.105 9.00491e-05
58.155 9.79118e-05
58.205 8.91937e-05
58.255 7.29811e-05
58.305 5.56411e-05
58.355 4.07726e-05
58.405 2.90052e-05
58.455 1.9479e-05
58.505 1.17429e-05
58.555 5.59633e-06
58.605 2.45244e-06
58.655 5.34319e-06
58.705 8.86592e-06
58.755 1.19792e-05
58.805 1.46469e-05
58.855 1.68851e-05
58.905 1.87072e-05
58.955 2.01277e-05
59.005 2.11588e-05
59.055 2.18131e-05
59.105 2.21021e-05
59.155 2.20331e-05
59.205 2.16084e-05
59.255 2.08216e-05
59.305 1.96575e-05
59.355 1.8089e-05
59.405 1.60789e-05
59.455 1.36733e-05
59.505 1.15566e-05
59.555 1.20854e-05
59.605 1.90252e-05
59.655 2.82297e-05
59.705 3.51379e-05
59.755 3.87905e-05
59.805 4.03178e-05
59.855 4.10398e-05
59.905 4.20159e-05
59.955 4.42206e-05
60.005 4.87318e-05
60.055 5.64933e-05
60.105 6.71344e-05
60.155 7.84642e-05
60.205 8.86403e-05
60.255 9.65458e-05
60.305 0.000100755
60.355 0.00010027
60.405 9.49568e-05
60.455 8.52293e-05
60.505 7.16698e-05
60.555 5.44544e-05
60.605 3.25633e-05
60.655 1.55374e-05
60.705 1.85876e-05
60.755 3.51072e-05
60.805 5.54631e-05
60.855 6.95756e-05
60.905 7.64214e-05
60.955 7.83092e-05
61.005 7.67401e-05
61.055 7.2801e-05
61.105 6.76713e-05
61.155 6.26113e-05
61.205 5.88585e-05
61.255 5.76082e-05
61.305 5.99422e-05
61.355 6.63926e-05
61.405 7.59256e-05
61.455 8.54642e-05
61.505 9.14576e-05
61.555 9.17313e-05
61.605 8.60024e-05
61.655 7.56282e-05
61.705 6.27845e-05
61.755 4.94507e-05
61.805 3.85933e-05
61.855 3.35569e-05
61.905 3.56828e-05
61.955 3.55989e-05
62.005 3.23187e-05
62.055 2.84436e-05
62.105 2.54494e-05
62.155 2.46665e-05
62.205 2.73122e-05
62.255 3.39454e-05
62.305 4.43089e-05
62.355 5.70055e-05
62.405 6.93627e-05
62.455 7.89428e-05
62.505 8.48609e-05
62.555 8.75951e-05
62.605 8.86274e-05
62.655 9.00961e-05
62.705 9.37241e-05
62.755 9.84953e-05
62.805 9.934e-05
62.855 8.83586e-05
62.905 5.88421e-05
62.955 3.31408e-05
63.005 2.60674e-05
63.055 2.98717e-05
63.105 3.62927e-05
63.155 3.92056e-05
63.205 3.76721e-05
63.255 3.43331e-05
63.305 2.98085e-05
63.355 2.51986e-05
63.405 2.1016e-05
63.455 1.76714e-05
63.505 1.56271e-05
63.555 1.53642e-05
63.605 1.7131e-05
63.655 2.05065e-05
63.705 2.44124e-05
63.755 2.78193e-05
63.805 3.01418e-05
63.855 3.11177e-05
63.905 3.07054e-05
63.955 2.90371e-05
64.005 2.59756e-05
64.055 2.21094e-05
64.105 1.80585e-05
64.155 1.40814e-05
64.205 1.04021e-05
64.255 7.13179e-06
64.305 4.27382e-06
64.355 1.9194e-06
64.405 1.03732e-05
64.455 1.65215e-05
64.505 1.50513e-05
64.555 6.31955e-06
64.605 5.09837e-06
64.655 1.52573e-05
64.705 2.30547e-05
64.755 2.82746e-05
64.805 3.14838e-05
64.855 3.37133e-05
64.905 3.64132e-05
64.955 4.15808e-05
65.005 5.14889e-05
65.055 6.66455e-05
65.105 8.35437e-05
65.155 9.78934e-05
65.205 0.000108292
65.255 0.00011528
65.305 0.000119977
65.355 0.000122831
65.405 0.000122737
65.455 0.000118123
65.505 0.000107682
65.555 9.03081e-05
65.605 8.07241e-05
65.655 9.20145e-05
65.705 0.000111424
65.755 0.00012621
65.805 0.0001275
65.855 0.000120071
65.905 0.000108613
65.955 9.62296e-05
66.005 8.39186e-05
66.055 7.18471e-05
66.105 6.01963e-05
66.155 4.94753e-05
66.205 4.06103e-05
66.255 3.49087e-05
66.305 3.38135e-05
66.355 3.82625e-05
66.405 4.79344e-05
66.455 6.10458e-05
66.505 7.62024e-05
66.555 9.1693e-05
66.605 0.000105705
66.655 0.00011623
66.705 0.000121998
66.755 0.000118226
66.805 0.000109075
66.855 0.000109201
66.905 0.000117356
66.955 0.000127036
67.005 0.00013488
67.055 0.00013911
67.105 0.000136382
67.155 0.000125858
67.205 0.000110375
67.255 9.41399e-05
67.305 8.1262e-05
67.355 7.36656e-05
67.405 6.97061e-05
67.455 6.68478e-05
67.505 6.38942e-05
67.555 6.04226e-05
67.605 5.62698e-05
67.655 5.14524e-05
67.705 4.60942e-05
67.755 4.02913e-05
67.805 3.39284e-05
67.855 2.63424e-05
67.905 1.54538e-05
67.955 5.34234e-06
68.005 5.20018e-05
68.055 0.000101252
68.105 0.000112001
68.155 9.23799e-05
68.205 5.83218e-05
68.255 2.21617e-05
68.305 8.51169e-06
68.355 2.58001e-05
68.405 3.44322e-05
68.455 3.64076e-05
68.505 3.4217e-05
68.555 2.99851e-05
68.605 2.54688e-05
68.655 2.21692e-05
68.705 2.11618e-05
68.755 2.21972e-05
68.805 2.31716e-05
68.855 2.21748e-05
68.905 1.93674e-05
68.955 1.60491e-05
69.005 1.33218e-05
69.055 1.17025e-05
69.105 1.12602e-05
69.155 1.18342e-05
69.205 1.31976e-05
69.255 1.51526e-05
69.305 1.75942e-05
69.355 2.05555e-05
69.405 2.42333e-05
69.455 2.89408e-05
69.505 3.44574e-05
69.555 3.43945e-05
69.605 2.87579e-05
69.655 2.75859e-05
69.705 3.48556e-05
69.755 4.46735e-05
69.805 5.22914e-05
69.855 5.68303e-05
69.905 5.89871e-05
69.955 5.9806e-05
70.005 6.03826e-05
70.055 6.18199e-05
70.105 6.49184e-05
70.155 6.9184e-05
70.205 7.22057e-05
70.255 7.1774e-05
70.305 6.83383e-05
70.355 6.42027e-05
70.405 6.15043e-05
70.455 6.06267e-05
70.505 6.01305e-05
70.555 5.86992e-05
70.605 5.60251e-05
70.655 5.22211e-05
70.705 4.74379e-05
70.755 4.17713e-05
70.805 3.51069e-05
70.855 2.67243e-05
70.905 1.41336e-05
70.955 1.06922e-05
71.005 4.76378e-05
71.055 6.43518e-05
71.105 5.97898e-05
71.155 4.75195e-05
71.205 3.57022e-05
71.255 2.75058e-05
71.305 2.31784e-05
71.355 2.07732e-05
71.405 1.8819e-05
71.455 1.64959e-05
71.505 1.34324e-05
71.555 9.56387e-06
71.605 5.03626e-06
71.655 5.42339e-07
71.705 5.071e-06
71.755 9.95136e-06
71.805 1.42942e-05
71.855 1.77422e-05
71.905 1.99195e-05
71.955 2.05273e-05
72.005 1.93443e-05
72.055 1.60817e-05
72.105 1.04436e-05
72.155 2.50538e-06
72.205 8.23249e-06
72.255 1.97968e-05
72.305 3.13838e-05
72.355 4.1727e-05
72.405 4.98083e-05
72.455 5.51852e-05
72.505 5.92193e-05
72.555 6.31553e-05
72.605 6.4244e-05
72.655 5.70262e-05
72.705 4.19951e-05
72.755 2.54281e-05
72.805 1.09727e-05
72.855 2.75679e-06
72.905 9.46641e-06
72.955 1.44637e-05
73.005 1.68233e-05
73.055 1.70045e-05
73.105 1.56326e-05
73.155 1.33641e-05
73.205 1.07822e-05
73.255 8.34631e-06
73.305 6.39338e-06
73.355 5.15435e-06
73.405 4.73404e-06
73.455 4.99418e-06
73.505 5.41644e-06
73.555 5.35016e-06
73.605 4.53699e-06
73.655 3.15983e-06
73.705 1.52427e-06
73.755 3.0885e-07
73.805 2.05541e-06
73.855 4.465e-06
73.905 9.27965e-06
73.955 1.94173e-05
74.005 2.46851e-05
74.055 1.62455e-05
74.105 6.02856e-06
74.155 2.59691e-05
74.205 4.42368e-05
74.255 5.6997e-05
74.305 6.41999e-05
74.355 6.65117e-05
74.405 6.43945e-05
74.455 5.90014e-05
74.505 5.26914e-05
74.555 4.86585e-05
74.605 4.84364e-05
74.655 5.06609e-05
74.705 5.37307e-05
74.755 5.70573e-05
74.805 6.01367e-05
74.855 6.26146e-05
74.905 6.42908e-05
74.955 6.53428e-05
75.005 6.59082e-05
75.055 6.61129e-05
75.105 6.60559e-05
75.155 6.58048e-05
75.205 6.5403e-05
75.255 6.48809e-05
75.305 6.42258e-05
75.355 6.34925e-05
75.405 6.27001e-05
75.455 6.18309e-05
75.505 6.08471e-05
75.555 5.99929e-05
75.605 6.0932e-05
75.655 6.83706e-05
75.705 8.09521e-05
75.755 9.35667e-05
75.805 0.000102694
75.855 0.000107432
75.905 0.000108488
75.955 0.000107041
76.005 0.000104399
76.055 0.000101938
76.105 0.000101114
76.155 0.000103284
76.205 0.000108788
76.255 0.000115406
76.305 0.000119138
76.355 0.000117695
76.405 0.000111442
76.455 0.000101781
76.505 8.99032e-05
76.555 7.58441e-05
76.605 5.78765e-05
76.655 4.6998e-05
76.705 5.56943e-05
76.755 7.60965e-05
76.805 9.87319e-05
76.855 0.000113616
76.905 0.000118732
76.955 0.000114956
77.005 0.000106461
77.055 9.69057e-05
77.105 8.89245e-05
77.155 8.46173e-05
77.205 8.5617e-05
77.255 9.26436e-05
77.305 0.000104758
77.355 0.000118402
77.405 0.000128795
77.455 0.000134086
77.505 0.000134891
77.555 0.000131997
77.605 0.000126196
77.655 0.000119777
77.705 0.000113512
77.755 0.000108005
77.805 0.000103214
77.855 0.000102889
77.905 0.000111795
77.955 0.000123683
78.005 0.000132607
78.055 0.000136311
78.105 0.00013406
78.155 0.00012687
78.205 0.000116581
78.255 0.000105301
78.305 9.48343e-05
78.355 8.64919e-05
78.405 8.12817e-05
78.455 8.01875e-05
78.505 8.41476e-05
78.555 9.29838e-05
78.605 0.000103733
78.655 0.000112368
78.705 0.000117911
78.755 0.000122374
78.805 0.000127938
78.855 0.000133745
78.905 0.000136342
78.955 0.000132661
79.005 0.000120141
79.055 0.000106242
79.105 0.000109156
79.155 0.000122933
79.205 0.000136266
79.255 0.000142033
79.305 0.000139484
79.355 0.000132748
79.405 0.000123584
79.455 0.000112493
79.505 9.99527e-05
79.555 8.74465e-05
79.605 7.71976e-05
79.655 6.98116e-05
79.705 6.46451e-05
79.755 6.09749e-05
79.805 5.89595e-05
79.855 5.93369e-05
79.905 6.26709e-05
79.955 6.80048e-05
80.005 7.22979e-05
80.055 7.33088e-05
80.105 7.16304e-05
80.155 6.84801e-05
80.205 6.48337e-05
80.255 5.83761e-05
80.305 4.76326e-05
80.355 3.78344e-05
80.405 3.5435e-05
80.455 4.01477e-05
80.505 4.66611e-05
80.555 5.13394e-05
80.605 5.32692e-05
80.655 5.27101e-05
80.705 5.03162e-05
80.755 4.6833e-05
80.805 4.29845e-05
80.855 3.94639e-05
80.905 3.69856e-05
80.955 3.6364e-05
81.005 3.84949e-05
81.055 4.38575e-05
81.105 5.12891e-05
81.155 5.76148e-05
81.205 5.99153e-05
81.255 5.72601e-05
81.305 4.98211e-05
81.355 3.69289e-05
81.405 1.48707e-05
81.455 8.52788e-06
81.505 1.09861e-05
81.555 1.74578e-05
81.605 3.60936e-05
81.655 5.2901e-05
81.705 6.58675e-05
81.755 7.69817e-05
81.805 8.62518e-05
81.855 9.22443e-05
81.905 9.41456e-05
81.955 9.30998e-05
82.005 9.09254e-05
82.055 8.85724e-05
82.105 8.60394e-05
82.155 8.33007e-05
82.205 8.04972e-05
82.255 7.76901e-05
82.305 7.48255e-05
82.355 7.16848e-05
82.405 6.79689e-05
82.455 6.43892e-05
82.505 6.09282e-05
82.555 5.7819e-05
82.605 5.55405e-05
82.655 5.43049e-05
82.705 5.51885e-05
82.755 6.16942e-05
82.805 7.16467e-05
82.855 8.04059e-05
82.905 8.60926e-05
82.955 8.82581e-05
83.005 8.75274e-05
83.055 8.46971e-05
83.105 8.05323e-05
83.155 7.56434e-05
83.205 7.05649e-05
83.255 6.59252e-05
83.305 6.25711e-05
83.355 6.15414e-05
83.405 6.35824e-05
83.455 6.77721e-05
83.505 7.1069e-05
83.555 7.13887e-05
83.605 6.94226e-05
83.655 6.67665e-05
83.705 6.43124e-05
83.755 6.16813e-05
83.805 5.6473e-05
83.855 4.27637e-05
83.905 2.86795e-05
83.955 3.36074e-05
84.005 5.18834e-05
84.055 7.16296e-05
84.105 8.2527e-05
84.155 8.33613e-05
84.205 7.85419e-05
84.255 7.155e-05
84.305 6.50365e-05
84.355 6.07681e-05
84.405 5.9178e-05
84.455 5.91769e-05
84.505 5.94478e-05
84.555 5.8938e-05
84.605 5.73486e-05
84.655 5.54041e-05
84.705 5.34454e-05
84.755 5.07952e-05
84.805 4.714e-05
84.855 4.30321e-05
84.905 3.88638e-05
84.955 3.60439e-05
85.005 3.43803e-05
85.055 3.34164e-05
85.105 2.98909e-05
85.155 2.11756e-05
85.205 1.45139e-05
85.255 1.62758e-05
85.305 2.49364e-05
85.355 3.44967e-05
85.405 4.1346e-05
85.455 4.49018e-05
85.505 4.56412e-05
85.555 4.4306e-05
85.605 4.16162e-05
85.655 3.81754e-05
85.705 3.44441e-05
85.755 3.07501e-05
85.805 2.73075e-05
85.855 2.42371e-05
85.905 2.16056e-05
85.955 1.94984e-05
86.005 1.8105e-05
86.055 1.77278e-05
86.105 1.86065e-05
86.155 2.03506e-05
86.205 2.04189e-05
86.255 1.06359e-05
86.305 1.88263e-05
86.355 3.1867e-05
86.405 2.07406e-05
86.455 1.67028e-05
86.505 4.16584e-05
86.555 6.20553e-05
86.605 7.41714e-05
86.655 7.89113e-05
86.705 8.01687e-05
86.755 8.09944e-05
86.805 8.30272e-05
86.855 8.62992e-05
86.905 8.93403e-05
86.955 9.09156e-05
87.005 9.0798e-05
87.055 8.88834e-05
87.105 8.49575e-05
87.155 7.93689e-05
87.205 7.3121e-05
87.255 6.73138e-05
87.305 6.26597e-05
87.355 5.93493e-05
87.405 5.7102e-05
87.455 5.56434e-05
87.505 5.50972e-05
87.555 5.53045e-05
87.605 5.60422e-05
87.655 5.82163e-05
87.705 6.67778e-05
87.755 8.28911e-05
87.805 0.000100485
87.855 0.000113846
87.905 0.000120428
87.955 0.000121534
88.005 0.000120786
88.055 0.000121134
88.105 0.000123845
88.155 0.000126326
88.205 0.000124668
88.255 0.000118605
88.305 0.000110586
88.355 0.000102846
88.405 9.65996e-05
88.455 9.23645e-05
88.505 9.08096e-05
88.555 9.1996e-05
88.605 9.42702e-05
88.655 9.48632e-05
88.705 9.20972e-05
88.755 8.5878e-05
88.805 7.68719e-05
88.855 6.64281e-05
88.905 6.25907e-05
88.955 7.51253e-05
89.005 9.8057e-05
89.055 0.000121119
89.105 0.000133102
89.155 0.000134129
89.205 0.000127596
89.255 0.000117068
89.305 0.000104909
89.355 9.24239e-05
89.405 8.01459e-05
89.455 6.8965e-05
89.505 6.02342e-05
89.555 5.4665e-05
89.605 5.12623e-05
89.655 4.84099e-05
89.705 4.49326e-05
89.755 4.24019e-05
89.805 4.09966e-05
89.855 4.04515e-05
89.905 4.04155e-05
89.955 4.06131e-05
90.005 3.94625e-05
90.055 3.3862e-05
90.105 2.81397e-05
90.155 2.90671e-05
90.205 3.67577e-05
90.255 4.59842e-05
90.305 5.26837e-05
90.355 5.5929e-05
90.405 5.61143e-05
90.455 5.39924e-05
90.505 5.03323e-05
90.555 4.57927e-05
90.605 4.08797e-05
90.655 3.59552e-05
90.705 3.12567e-05
90.755 2.69242e-05
90.805 2.30187e-05
90.855 1.95286e-05
90.905 1.63483e-05
90.955 1.31914e-05
91.005 9.3345e-06
91.055 2.8832e-06
91.105 1.22459e-05
91.155 4.98936e-05
91.205 8.59342e-05
91.255 8.3901e-05
91.305 5.64349e-05
91.355 2.26477e-05
91.405 1.06505e-05
91.455 2.76778e-05
91.505 3.84079e-05
91.555 4.37837e-05
91.605 4.71141e-05
91.655 5.06272e-05
91.705 5.54205e-05
91.755 6.14415e-05
91.805 6.78907e-05
91.855 7.44487e-05
91.905 8.13132e-05
91.955 8.79015e-05
92.005 9.34235e-05
92.055 9.76427e-05
92.105 9.99106e-05
92.155 9.92679e-05
92.205 9.57982e-05
92.255 9.0658e-05
92.305 8.52434e-05
92.355 8.06796e-05
92.405 7.72581e-05
92.455 7.41298e-05
92.505 7.02339e-05
92.555 6.50532e-05
92.605 5.85214e-05
92.655 5.43803e-05
92.705 5.68528e-05
92.755 6.17172e-05
92.805 6.70313e-05
92.855 7.23211e-05
92.905 7.83747e-05
92.955 8.64789e-05
93.005 9.61974e-05
93.055 0.000104132
93.105 0.000107197
93.155 0.00010523
93.205 9.96553e-05
93.255 9.19126e-05
93.305 8.30916e-05
93.355 7.40091e-05
93.405 6.52773e-05
93.455 5.73186e-05
93.505 5.03858e-05
93.555 4.46053e-05
93.605 3.99391e-05
93.655 3.62909e-05
93.705 3.35367e-05
93.755 3.15478e-05
93.805 3.01915e-05
93.855 2.94366e-05
93.905 3.17201e-05
93.955 4.46858e-05
94.005 6.65938e-05
94.055 8.71405e-05
94.105 9.61879e-05
94.155 8.91874e-05
94.205 7.39809e-05
94.255 5.58757e-05
94.305 3.88493e-05
94.355 2.46919e-05
94.405 1.37716e-05
94.455 6.78703e-06
94.505 6.16465e-06
94.555 7.39352e-06
94.605 6.57599e-06
94.655 5.05756e-06
94.705 6.9538e-06
94.755 1.14161e-05
94.805 1.60611e-05
94.855 2.03941e-05
94.905 2.41507e-05
94.955 2.72135e-05
95.005 2.90944e-05
95.055 2.77776e-05
95.105 2.63857e-05
95.155 3.20997e-05
95.205 4.36381e-05
95.255 5.56894e-05
95.305 6.41239e-05
95.355 6.81736e-05
95.405 6.84704e-05
95.455 6.59716e-05
95.505 6.16006e-05
95.555 5.61334e-05
95.605 5.01646e-05
95.655 4.41181e-05
95.705 3.8273e-05
95.755 3.27949e-05
95.805 2.77613e-05
95.855 2.31816e-05
95.905 1.90007e-05
95.955 1.5078e-05
96.005 1.11069e-05
96.055 6.39311e-06
96.105 1.07442e-06
96.155 1.54849e-05
96.205 5.20658e-05
96.255 0.00010786
96.305 0.00013319
96.355 0.000126711
96.405 0.000103123
96.455 7.35613e-05
96.505 4.44984e-05
96.555 2.17674e-05
96.605 6.55883e-06
96.655 5.84705e-06
96.705 1.0499e-05
96.755 1.21465e-05
96.805 1.15239e-05
96.855 9.5626e-06
96.905 7.14594e-06
96.955 5.53951e-06
97.005 6.52682e-06
97.055 9.41886e-06
97.105 1.2024e-05
97.155 1.30737e-05
97.205 1.26937e-05
97.255 1.18052e-05
97.305 1.10088e-05
97.355 1.05241e-05
97.405 1.04966e-05
97.455 1.10662e-05
97.505 1.22943e-05
97.555 1.3982e-05
97.605 1.55525e-05
97.655 1.64393e-05
97.705 1.65082e-05
97.755 1.59376e-05
97.805 1.50311e-05
97.855 1.42242e-05
97.905 1.87337e-05
97.955 3.33474e-05
98.005 4.76324e-05
98.055 5.08988e-05
98.105 4.44531e-05
98.155 3.46729e-05
98.205 2.51383e-05
98.255 1.70762e-05
98.305 1.07573e-05
98.355 6.14561e-06
98.405 2.8655e-06
98.455 1.79068e-06
98.505 2.2629e-06
98.555 2.74903e-06
98.605 3.01146e-06
98.655 3.16206e-06
98.705 3.24936e-06
98.755 3.13621e-06
98.805 3.0668e-06
98.855 3.16879e-06
98.905 3.62132e-06
98.955 4.51797e-06
99.005 5.74849e-06
99.055 7.00191e-06
99.105 7.83029e-06
99.155 7.82681e-06
99.205 7.06451e-06
99.255 7.04767e-06
99.305 9.39285e-06
99.355 1.12606e-05
99.405 1.04422e-05
99.455 3.12145e-05
99.505 5.46781e-05
99.555 6.0704e-05
99.605 5.38407e-05
99.655 4.12443e-05
99.705 2.81228e-05
99.755 1.71593e-05
99.805 9.40558e-06
99.855 5.94344e-06
99.905 7.66293e-06
99.955 1.06014e-05
100.005 1.29939e-05
100.055 1.45933e-05
100.105 1.54438e-05
100.155 1.56359e-05
100.205 1.52559e-05
100.255 1.43826e-05
100.305 1.30881e-05
100.355 1.1444e-05
100.405 9.52296e-06
100.455 7.40052e-06
100.505 5.16066e-06
100.555 2.87451e-06
100.605 1.11545e-06
100.655 2.22101e-06
100.705 4.1543e-06
100.755 6.29313e-06
100.805 9.00404e-06
100.855 9.80954e-06
100.905 5.05391e-06
100.955 5.689e-06
101.005 1.70738e-05
101.055 2.82707e-05
101.105 3.77223e-05
101.155 4.51493e-05
101.205 5.07099e-05
101.255 5.46806e-05
101.305 5.73459e-05
101.355 5.91402e-05
101.405 6.04474e-05
101.455 6.1626e-05
101.505 6.32286e-05
101.555 6.60832e-05
101.605 7.11708e-05
101.655 7.85375e-05
101.705 8.60884e-05
101.755 9.10278e-05
101.805 9.03632e-05
101.855 7.82715e-05
101.905 6.46515e-05
101.955 7.24237e-05
102.005 9.57756e-05
102.055 0.000120631
102.105 0.000136637
102.155 0.000138799
102.205 0.000132639
102.255 0.000121257
102.305 0.000107322
102.355 9.24192e-05
102.405 7.77648e-05
102.455 6.4361e-05
102.505 5.2858e-05
102.555 4.32567e-05
102.605 3.48184e-05
102.655 2.68741e-05
102.705 1.94149e-05
102.755 1.27604e-05
102.805 7.21475e-06
102.855 3.09708e-06
102.905 1.84943e-06
102.955 3.07285e-06
103.005 3.58559e-06
103.055 2.92026e-06
103.105 1.04219e-06
103.155 1.94373e-06
103.205 2.4733e-06
103.255 2.26496e-05
103.305 4.2057e-05
103.355 4.09876e-05
103.405 2.47317e-05
103.455 6.77099e-06
103.505 1.70362e-05
103.555 3.03098e-05
103.605 3.86151e-05
103.655 4.26536e-05
103.705 4.36088e-05
103.755 4.26302e-05
103.805 4.06291e-05
103.855 3.83308e-05
103.905 3.63092e-05
103.955 3.49458e-05
104.005 3.43978e-05
104.055 3.48507e-05
104.105 3.56127e-05
104.155 3.63012e-05
104.205 3.66757e-05
104.255 3.66474e-05
104.305 3.63335e-05
104.355 3.6074e-05
104.405 3.64329e-05
104.455 3.77984e-05
104.505 3.93744e-05
104.555 3.91827e-05
104.605 3.47089e-05
104.655 1.99846e-05
104.705 1.59007e-05
104.755 4.23406e-05
104.805 3.48597e-05
104.855 1.04918e-05
104.905 2.70972e-05
104.955 5.16417e-05
105.005 6.51466e-05
105.055 6.88882e-05
105.105 6.80778e-05
105.155 6.66938e-05
105.205 6.64686e-05
105.255 6.61005e-05
105.305 6.36798e-05
105.355 5.9325e-05
105.405 5.44628e-05
105.455 5.03071e-05
105.505 4.74579e-05
105.555 4.60951e-05
105.605 4.61605e-05
105.655 4.7399e-05
105.705 4.9404e-05
105.755 5.19146e-05
105.805 5.51659e-05
105.855 5.97485e-05
105.905 6.59493e-05
105.955 7.2916e-05
106.005 7.83966e-05
106.055 7.99453e-05
106.105 7.67172e-05
106.155 6.96683e-05
106.205 5.90331e-05
106.255 4.07156e-05
106.305 2.43897e-05
106.355 1.87037e-05
106.405 2.19948e-05
106.455 2.88319e-05
106.505 3.58171e-05
106.555 4.22744e-05
106.605 4.85392e-05
106.655 5.48075e-05
106.705 6.07524e-05
106.755 6.61819e-05
106.805 7.13521e-05
106.855 7.63327e-05
106.905 8.04909e-05
106.955 8.27349e-05
107.005 8.2382e-05
107.055 7.96191e-05
107.105 7.51818e-05
107.155 6.99006e-05
107.205 6.44599e-05
107.255 5.93338e-05
107.305 5.48151e-05
107.355 5.10663e-05
107.405 4.81548e-05
107.455 4.5998e-05
107.505 4.40804e-05
107.555 4.15391e-05
107.605 4.41887e-05
107.655 5.77185e-05
107.705 7.63102e-05
107.755 9.26492e-05
107.805 9.87959e-05
107.855 9.64637e-05
107.905 8.84157e-05
107.955 7.85232e-05
108.005 6.97727e-05
108.055 6.41505e-05
108.105 6.2327e-05
108.155 6.3812e-05
108.205 6.75508e-05
108.255 7.23305e-05
108.305 7.71012e-05
108.355 8.12404e-05
108.405 8.45989e-05
108.455 8.71574e-05
108.505 8.88334e-05
108.555 8.94955e-05
108.605 8.86384e-05
108.655 8.6433e-05
108.705 8.35007e-05
108.755 7.92006e-05
108.805 7.33939e-05
108.855 7.29809e-05
108.905 8.08288e-05
108.955 9.23414e-05
109.005 0.000101429
109.055 0.000105255
109.105 0.00010386
109.155 9.84877e-05
109.205 9.0656e-05
109.255 8.17518e-05
109.305 7.29151e-05
109.355 6.50627e-05
109.405 5.88519e-05
109.455 5.44428e-05
109.505 5.11671e-05
109.555 4.76892e-05
109.605 4.29913e-05
109.655 3.71564e-05
109.705 3.10139e-05
109.755 2.51249e-05
109.805 1.90273e-05
109.855 1.03839e-05
109.905 1.05382e-05
109.955 4.1332e-05
