10.005 3.73016 2.7321 3.9281 5.01645 5.32314 4.4505 2.49333 -0.245369 -2.75771 -4.74665 -5.52359 -4.11785 -2.47542 -1.78127 -1.7356 -1.98019 -2.29999 -2.56715 -2.73075 -2.88793 -3.32336 -4.36473 -6.0192
10.055 2.88244 1.63218 2.4011 3.5774 4.63274 4.91615 4.06745 2.17159 -0.486006 -2.90885 -4.84508 -5.66438 -4.26507 -2.52332 -1.79538 -1.80796 -2.112 -2.42452 -2.64318 -2.83025 -3.1997 -4.0111 -5.30125
10.105 2.16491 1.11303 1.36857 2.11641 3.24477 4.26815 4.54513 3.72973 1.90611 -0.655519 -2.99377 -4.88812 -5.75661 -4.40984 -2.62101 -1.86897 -1.89997 -2.21261 -2.51096 -2.7544 -3.09083 -3.73157 -4.73271
10.155 1.5526 0.848944 0.85816 1.10897 1.83022 2.9272 3.94043 4.21201 3.42674 1.6887 -0.771214 -3.03648 -4.90757 -5.83811 -4.56532 -2.74644 -1.96034 -1.97971 -2.29202 -2.62191 -2.97818 -3.51143 -4.28713
10.205 1.00127 0.673539 0.604303 0.613064 0.852146 1.55734 2.64434 3.65263 3.91112 3.15326 1.50361 -0.855884 -3.06375 -4.93743 -5.93049 -4.7173 -2.87007 -2.0417 -2.04812 -2.39159 -2.81513 -3.32053 -3.94187
10.255 0.358817 0.557321 0.484726 0.397412 0.388923 0.615366 1.31479 2.3976 3.39745 3.63853 2.90298 1.33684 -0.931276 -3.10234 -4.98545 -6.02556 -4.85734 -2.97615 -2.10996 -2.1304 -2.55313 -3.09845 -3.65803
10.305 -0.369457 0.486208 0.432691 0.321511 0.206441 0.179968 0.400572 1.09877 2.17749 3.16598 3.38763 2.6693 1.17844 -1.01278 -3.15439 -5.04344 -6.12197 -4.98287 -3.06384 -2.18029 -2.25576 -2.78307 -3.36544
10.355 -1.19454 0.44778 0.413629 0.309104 0.161955 0.0226576 -0.0149745 0.20456 0.900788 1.97429 2.95077 3.15335 2.44789 1.01974 -1.10236 -3.21504 -5.11138 -6.22093 -5.09611 -3.14273 -2.27178 -2.42647 -2.98584
10.405 -2.25909 0.252115 0.427105 0.332176 0.183662 0.00515715 -0.152675 -0.197083 0.0216729 0.713448 1.78064 2.74539 2.93133 2.23471 0.860293 -1.19503 -3.28183 -5.18062 -6.31727 -5.21815 -3.23068 -2.38096 -2.55122
10.455 -3.81551 -0.751303 0.303172 0.406263 0.249734 0.0567524 -0.151702 -0.32633 -0.377531 -0.161673 0.522359 1.58254 2.53834 2.71921 2.03977 0.71849 -1.27153 -3.32941 -5.2265 -6.41494 -5.37049 -3.34818 -2.43309
10.505 -5.51876 -2.67386 -0.507488 0.468702 0.470488 0.228371 -0.0285424 -0.281794 -0.484782 -0.551935 -0.346154 0.325871 1.38312 2.33696 2.52036 1.86094 0.589586 -1.33132 -3.35734 -5.26736 -6.52329 -5.55173 -3.42846
10.555 -6.67232 -4.44896 -2.14332 -0.145859 0.722244 0.609204 0.266101 -0.0696341 -0.381263 -0.624474 -0.717531 -0.52931 0.127873 1.18638 2.14094 2.33645 1.70261 0.480897 -1.36711 -3.37071 -5.29231 -6.62925 -5.72463
10.605 -7.16281 -5.71102 -3.69905 -1.80477 0.131662 0.942503 0.742937 0.314785 -0.0912312 -0.457448 -0.740214 -0.860456 -0.691327 -0.0496908 1.01062 1.96815 2.17669 1.5605 0.380354 -1.40409 -3.39035 -5.3464 -6.73517
10.655 -7.15498 -6.61124 -4.67954 -3.34133 -1.61057 0.333978 1.1273 0.865687 0.370011 -0.093996 -0.506516 -0.823763 -0.968428 -0.81753 -0.194198 0.866111 1.82371 2.04236 1.43547 0.278464 -1.45201 -3.4433 -5.43399
10.705 -5.82593 -7.49734 -5.73678 -4.24903 -3.13226 -1.44735 0.540094 1.33402 1.01834 0.46207 -0.0546365 -0.50917 -0.857343 -1.024 -0.891998 -0.289871 0.765218 1.71872 1.94199 1.32161 0.158458 -1.55414 -3.62335
10.755 -2.912 -6.25303 -6.75611 -5.37714 -4.03526 -2.99549 -1.29705 0.749896 1.55779 1.19621 0.587811 0.0263313 -0.463085 -0.836762 -1.02391 -0.914101 -0.343457 0.689181 1.62115 1.81683 1.16771 0.0259522 -1.52568
10.805 -1.9061 -2.71426 -5.73889 -6.508 -5.26871 -3.93482 -2.88459 -1.14379 0.967519 1.7947 1.39137 0.736749 0.13709 -0.380781 -0.775634 -0.982608 -0.900663 -0.374414 0.616849 1.52383 1.79029 1.31538 0.599907
10.855 -2.78935 -2.05084 -2.27167 -5.44379 -6.41841 -5.25537 -3.88063 -2.78838 -1.00131 1.17075 2.01872 1.57816 0.88389 0.253553 -0.284856 -0.692391 -0.910246 -0.845253 -0.343665 0.659251 1.72435 2.37977 2.50611
10.905 -2.78813 -3.26483 -1.66711 -1.87323 -5.29368 -6.43195 -5.30692 -3.86548 -2.71452 -0.879499 1.35007 2.22025 1.75227 1.02988 0.381127 -0.164567 -0.57004 -0.78048 -0.704269 -0.17072 0.993768 2.43328 3.70917
10.955 -2.34192 -3.51102 -3.14688 -1.17169 -1.54924 -5.24332 -6.52697 -5.41802 -3.89318 -2.67105 -0.782665 1.50415 2.40072 1.92086 1.18571 0.533873 -0.00370526 -0.390154 -0.570103 -0.44065 0.228155 1.70605 3.73601
11.005 -1.72802 -3.1668 -3.71368 -2.80525 -0.643864 -1.27789 -5.27976 -6.70663 -5.60235 -3.98791 -2.67407 -0.7137 1.63026 2.56236 2.09047 1.36133 0.724479 0.213391 -0.131956 -0.246582 0.0120476 0.933062 2.90658
11.055 -1.07687 -2.52409 -3.6078 -3.62459 -2.34337 -0.176629 -1.12908 -5.37945 -6.92095 -5.82085 -4.11462 -2.69318 -0.651254 1.74397 2.71629 2.27039 1.56313 0.95669 0.488173 0.204908 0.196752 0.642183 1.88838
11.105 -0.493545 -1.7584 -3.11036 -3.76214 -3.34441 -1.87004 0.150177 -1.09385 -5.50171 -7.13149 -6.02685 -4.2192 -2.69094 -0.577756 1.85679 2.86348 2.44661 1.75985 1.17822 0.743547 0.518267 0.614624 1.24752
11.155 -0.0374687 -1.00291 -2.39421 -3.46918 -3.70279 -2.978 -1.45212 0.35162 -1.1414 -5.62795 -7.32323 -6.20263 -4.28925 -2.65944 -0.48611 1.97499 3.00664 2.61517 1.94348 1.37921 0.973458 0.802834 1.00573
11.205 0.267521 -0.355406 -1.60245 -2.89363 -3.62332 -3.50522 -2.59235 -1.11667 0.44796 -1.23855 -5.75304 -7.48912 -6.34028 -4.31865 -2.59384 -0.371654 2.10187 3.14754 2.77495 2.11104 1.55792 1.17579 1.05978
11.255 0.428161 0.128514 -0.856337 -2.16948 -3.23081 -3.61616 -3.22669 -2.22339 -0.865389 0.456382 -1.37508 -5.87186 -7.62291 -6.43317 -4.30271 -2.49163 -0.23446 2.2344 3.28245 2.91917 2.25167 1.69722 1.32927
11.305 0.473384 0.435826 -0.241327 -1.42404 -2.64404 -3.41377 -3.48677 -2.90135 -1.88709 -0.699094 0.379209 -1.54663 -5.97686 -7.71403 -6.4735 -4.24251 -2.35186 -0.0793612 2.35707 3.39196 3.01452 2.31142 1.7174
11.355 0.443327 0.588949 0.203396 -0.759781 -1.98463 -3.0008 -3.45713 -3.25985 -2.54849 -1.59521 -0.62427 0.211064 -1.75387 -6.05982 -7.75101 -6.45271 -4.13555 -2.19215 0.0660671 2.44843 3.44724 3.01126 2.20588
11.405 0.379044 0.631644 0.480545 -0.240928 -1.36395 -2.49112 -3.22675 -3.36781 -2.94713 -2.18092 -1.35939 -0.651002 -0.0753259 -2.01672 -6.10387 -7.71352 -6.3588 -3.98769 -2.03831 0.164424 2.46982 3.39924 2.82449
11.455 0.315316 0.615758 0.623938 0.111531 -0.864999 -1.99864 -2.90119 -3.30087 -3.13776 -2.55068 -1.81361 -1.21086 -0.829324 -0.523093 -2.33759 -6.08324 -7.56983 -6.17812 -3.81597 -1.93874 0.145003 2.34282 3.14645
11.505 0.458968 0.576045 0.643978 0.313556 -0.531774 -1.61987 -2.59194 -3.15177 -3.1792 -2.74752 -2.08515 -1.49717 -1.22267 -1.2299 -1.17232 -2.70912 -5.95897 -7.28074 -5.90702 -3.66668 -1.98784 -0.127047 1.90973
11.555 1.5697 1.06624 0.245552 0.208506 -0.336061 -1.35691 -2.35535 -2.99898 -3.14308 -2.82551 -2.23648 -1.66077 -1.37455 -1.50143 -1.84224 -1.86681 -3.00166 -5.77754 -6.99263 -5.71788 -3.66492 -2.1437 -0.415802
11.605 3.48184 2.76552 0.231247 -0.772294 -0.679589 -1.14997 -2.10893 -2.83648 -3.07515 -2.84504 -2.32412 -1.77769 -1.47076 -1.56045 -2.00209 -2.47146 -2.42412 -3.21476 -5.64367 -6.81112 -5.66966 -3.80397 -2.39642
11.655 5.24814 4.76558 1.53426 -1.06668 -2.02849 -1.61944 -1.83297 -2.55125 -2.9378 -2.83143 -2.38997 -1.88065 -1.56399 -1.60057 -1.99267 -2.57151 -2.98348 -2.72359 -3.24651 -5.62307 -6.89564 -6.0094 -4.5929
11.705 6.13259 6.40449 3.4511 0.343518 -2.20992 -3.1465 -2.47868 -2.27041 -2.63387 -2.72375 -2.43467 -1.99118 -1.66938 -1.65256 -1.9696 -2.498 -3.00548 -3.16698 -2.67773 -3.30266 -6.03228 -7.65162 -7.40516
11.755 6.54544 7.11028 5.23183 2.41958 -0.589583 -3.05448 -4.03268 -3.18374 -2.49789 -2.47649 -2.37581 -2.08112 -1.78952 -1.71513 -1.94148 -2.3897 -2.85863 -3.1046 -2.95834 -2.70107 -4.14228 -7.29398 -9.38333
11.805 6.41351 6.88272 6.19738 4.4172 1.65714 -1.24226 -3.58047 -4.64116 -3.74152 -2.6335 -2.25829 -2.05558 -1.86208 -1.77974 -1.92273 -2.27756 -2.68835 -2.93863 -2.92293 -2.92179 -3.77613 -5.99817 -8.75816
11.855 5.74722 5.70224 6.15069 5.55825 3.7979 1.08478 -1.68697 -3.93793 -5.07328 -4.14481 -2.70787 -2.06399 -1.83208 -1.78562 -1.90381 -2.18527 -2.53451 -2.78796 -2.86188 -2.95862 -3.62263 -5.23753 -7.54531
11.905 4.54265 3.96468 5.12098 5.67725 5.10476 3.33136 0.667164 -2.01192 -4.19662 -5.37047 -4.42736 -2.75181 -1.92923 -1.72343 -1.82834 -2.08967 -2.40484 -2.65907 -2.79027 -2.92545 -3.4305 -4.68736 -6.67921
11.955 3.50902 2.39445 3.54119 4.71876 5.25885 4.67837 2.94215 0.348559 -2.24235 -4.35441 -5.55365 -4.63311 -2.8027 -1.8771 -1.72053 -1.93914 -2.26177 -2.53735 -2.71178 -2.87504 -3.29122 -4.26923 -5.82636
12.005 2.70116 1.46822 2.08428 3.20642 4.34561 4.85632 4.29238 2.61841 0.109324 -2.38603 -4.4379 -5.66796 -4.79435 -2.88444 -1.90525 -1.78582 -2.05852 -2.38134 -2.61791 -2.81497 -3.17218 -3.93563 -5.14856
12.055 2.00383 1.03906 1.2126 1.81006 2.88777 3.99449 4.49074 3.94866 2.34509 -0.0625468 -2.46847 -4.48044 -5.74277 -4.93734 -3.00175 -1.98716 -1.87267 -2.15261 -2.46725 -2.73021 -3.06543 -3.67289 -4.6128
12.105 1.43055 0.801814 0.779791 0.951988 1.53043 2.58376 3.67871 4.164 3.63898 2.1135 -0.187119 -2.51838 -4.50588 -5.80569 -5.0782 -3.13859 -2.08552 -1.95072 -2.22914 -2.57621 -2.94606 -3.46407 -4.19438
12.155 0.853336 0.640295 0.565848 0.540917 0.702013 1.26884 2.3143 3.40183 3.87055 3.35712 1.90952 -0.287973 -2.55636 -4.535 -5.87421 -5.21846 -3.2723 -2.17377 -2.01855 -2.32478 -2.76174 -3.2723 -3.86889
12.205 0.190922 0.536358 0.467113 0.368848 0.324246 0.472716 1.03488 2.0771 3.15461 3.60403 3.09824 1.72129 -0.379783 -2.59838 -4.57672 -5.95116 -5.35374 -3.38832 -2.24707 -2.09767 -2.47799 -3.03186 -3.59091
12.255 -0.560029 0.473772 0.425095 0.313345 0.185095 0.121471 0.263074 0.823587 1.86231 2.92885 3.35928 2.85636 1.54146 -0.473337 -2.65106 -4.62467 -6.03267 -5.49051 -3.48488 -2.31585 -2.21304 -2.69412 -3.28341
12.305 -1.40975 0.442709 0.411792 0.310155 0.160908 0.00730878 -0.0689783 0.0697989 0.628264 1.6631 2.71861 3.1311 2.62762 1.3638 -0.572417 -2.70759 -4.68673 -6.13185 -5.61707 -3.56861 -2.3981 -2.36642 -2.87966
12.355 -2.60435 0.103204 0.437417 0.340691 0.19207 0.00948174 -0.164617 -0.249904 -0.113279 0.441517 1.47132 2.51599 2.91395 2.41137 1.1908 -0.670337 -2.76967 -4.75839 -6.22376 -5.74358 -3.666 -2.49699 -2.46896
12.405 -4.22736 -1.15766 0.183955 0.443884 0.278246 0.0793009 -0.138176 -0.333478 -0.428986 -0.296702 0.252446 1.27677 2.31215 2.70544 2.21203 1.03574 -0.754295 -2.81982 -4.80463 -6.29932 -5.89564 -3.79983 -2.5434
12.455 -5.93761 -3.20072 -0.825173 0.430432 0.570844 0.30316 0.0264712 -0.247378 -0.480426 -0.598675 -0.479329 0.0584493 1.07855 2.11026 2.50429 2.02632 0.895928 -0.82321 -2.84278 -4.83304 -6.37263 -6.08033 -3.91287
12.505 -6.80137 -4.86265 -2.62386 -0.455291 0.705321 0.736249 0.365786 0.00670738 -0.329944 -0.607664 -0.755041 -0.65457 -0.132625 0.88446 1.91514 2.31941 1.86283 0.772703 -0.870486 -2.84894 -4.84984 -6.44689 -6.25881
12.555 -7.19517 -5.88845 -4.04575 -2.29842 -0.18938 0.933361 0.888197 0.434279 0.00433856 -0.388767 -0.708172 -0.884435 -0.804513 -0.300222 0.712923 1.74608 2.16191 1.71762 0.65868 -0.920059 -2.86409 -4.90238 -6.53525
12.605 -6.9311 -6.86116 -4.86849 -3.67647 -2.11568 0.00851719 1.13432 1.03363 0.512529 0.0234481 -0.417646 -0.773141 -0.975342 -0.915073 -0.430452 0.577525 1.61121 2.03441 1.59551 0.547738 -0.983899 -2.91565 -5.03317
12.655 -5.24495 -7.37826 -6.02196 -4.44154 -3.46752 -1.96861 0.206234 1.35367 1.20596 0.625685 0.0839975 -0.399693 -0.787116 -1.01253 -0.971956 -0.508691 0.487778 1.51533 1.9389 1.4828 0.413781 -1.10889 -3.07711
12.705 -2.30485 -5.57179 -6.6747 -5.68916 -4.24174 -3.33565 -1.83071 0.407319 1.58817 1.40059 0.769186 0.182802 -0.336217 -0.749832 -0.996222 -0.977514 -0.544781 0.42019 1.41968 1.81293 1.33515 0.30307 -0.993215
12.755 -1.96644 -2.29463 -5.06216 -6.41388 -5.59383 -4.16114 -3.23645 -1.68915 0.611037 1.82613 1.60436 0.928393 0.30339 -0.244718 -0.679456 -0.943814 -0.94821 -0.553565 0.369109 1.35395 1.85277 1.6226 1.08294
12.805 -2.88904 -2.18769 -1.88054 -4.74806 -6.31164 -5.59709 -4.13452 -3.15704 -1.55699 0.796849 2.04514 1.79572 1.0822 0.426688 -0.141674 -0.587496 -0.858394 -0.872208 -0.493113 0.444853 1.59551 2.49225 2.87553
12.855 -2.72529 -3.42228 -1.84315 -1.46604 -4.56901 -6.31209 -5.67032 -4.15778 -3.09961 -1.43677 0.956809 2.2382 1.97238 1.23391 0.561325 -0.0129755 -0.454299 -0.713606 -0.710671 -0.294349 0.795757 2.3074 3.81663
12.905 -2.19997 -3.49091 -3.37886 -1.35379 -1.0938 -4.48158 -6.3979 -5.81256 -4.23421 -3.07918 -1.34293 1.09063 2.40767 2.14056 1.39328 0.719685 0.155329 -0.264721 -0.490628 -0.431245 0.118645 1.50556 3.59384
12.955 -1.56276 -3.03127 -3.76479 -3.0871 -0.81248 -0.779345 -4.47398 -6.56509 -6.02617 -4.37365 -3.11009 -1.28453 1.19959 2.55828 2.30831 1.57136 0.915463 0.379836 0.00273309 -0.156725 0.0285453 0.818022 2.66234
13.005 -0.924172 -2.33943 -3.52258 -3.73685 -2.6445 -0.328359 -0.608425 -4.53154 -6.76209 -6.25953 -4.52751 -3.14742 -1.22854 1.30304 2.70114 2.48296 1.76944 1.14258 0.646322 0.32558 0.261537 0.613299 1.68981
13.055 -0.369324 -1.56719 -2.94964 -3.73468 -3.50361 -2.17348 0.0220181 -0.551389 -4.61745 -6.95824 -6.47789 -4.65708 -3.15873 -1.155 1.40937 2.83562 2.65064 1.95844 1.35317 0.885475 0.61376 0.639564 1.15571
13.105 0.0509316 -0.831989 -2.20266 -3.35043 -3.72707 -3.16875 -1.74993 0.248441 -0.570728 -4.71615 -7.14086 -6.66716 -4.75252 -3.13618 -1.057 1.52405 2.968 2.81182 2.13582 1.54517 1.10139 0.875774 0.994024
13.155 0.319395 -0.221134 -1.41312 -2.7256 -3.55097 -3.57221 -2.80136 -1.39725 0.369002 -0.64734 -4.81994 -7.30082 -6.81836 -4.8084 -3.07208 -0.92871 1.64867 3.09922 2.96403 2.29682 1.71392 1.28782 1.10689
13.205 0.448744 0.219672 -0.692872 -1.98617 -3.09905 -3.58841 -3.32588 -2.43646 -1.11957 0.395815 -0.773525 -4.92305 -7.43128 -6.9241 -4.81594 -2.96705 -0.776246 1.78064 3.22535 3.09847 2.42622 1.8349 1.41174
13.255 0.471663 0.486418 -0.117141 -1.25255 -2.48467 -3.32415 -3.49999 -3.0228 -2.08822 -0.909946 0.329836 -0.956302 -5.01847 -7.52375 -6.9748 -4.77055 -2.82542 -0.612479 1.90392 3.3261 3.18173 2.46814 1.82263
13.305 0.429439 0.608 0.285366 -0.619124 -1.82579 -2.87826 -3.41152 -3.30631 -2.6763 -1.7668 -0.786482 0.160704 -1.19183 -5.10224 -7.56622 -6.96028 -4.67256 -2.66031 -0.459905 1.99391 3.37055 3.16515 2.33926
13.355 0.36212 0.631418 0.526259 -0.139679 -1.22808 -2.36336 -3.14869 -3.36161 -3.01168 -2.29534 -1.49039 -0.773846 -0.139568 -1.49557 -5.16233 -7.53591 -6.86444 -4.52504 -2.49737 -0.360183 2.00527 3.30526 2.96154
13.405 0.30553 0.607525 0.644232 0.173699 -0.766636 -1.89056 -2.81748 -3.26579 -3.15725 -2.61363 -1.8984 -1.29672 -0.92095 -0.619525 -1.88636 -5.17507 -7.39526 -6.66494 -4.34087 -2.38544 -0.39182 1.84649 3.01936
13.455 0.627582 0.59844 0.590869 0.342044 -0.470657 -1.54656 -2.52583 -3.1109 -3.17265 -2.77261 -2.12996 -1.54652 -1.26855 -1.3004 -1.31499 -2.35479 -5.10407 -7.11366 -6.36711 -4.17591 -2.41457 -0.668724 1.39268
13.505 1.97525 1.39278 0.127843 0.0444014 -0.318663 -1.29625 -2.29955 -2.96076 -3.12686 -2.83153 -2.25994 -1.6926 -1.40326 -1.52023 -1.88575 -2.02757 -2.73151 -5.00027 -6.86308 -6.16802 -4.15938 -2.53321 -0.90204
13.555 4.00904 3.26537 0.463013 -1.03699 -0.9692 -1.13386 -2.03225 -2.7812 -3.04976 -2.84298 -2.33879 -1.80196 -1.49525 -1.57391 -2.0004 -2.4982 -2.59519 -2.99237 -4.9174 -6.71753 -6.12136 -4.31671 -2.86049
13.605 5.51655 5.25651 1.98971 -0.805109 -2.31303 -1.9779 -1.82187 -2.46142 -2.88008 -2.8162 -2.40209 -1.90499 -1.58851 -1.61566 -1.99148 -2.55503 -2.99249 -2.87185 -3.0185 -4.92838 -6.87987 -6.54682 -5.27206
13.655 6.2555 6.63501 3.96286 0.837155 -1.89443 -3.39582 -2.89538 -2.30074 -2.55305 -2.67182 -2.4325 -2.01686 -1.698 -1.6681 -1.96594 -2.47628 -2.97264 -3.15945 -2.7799 -3.05206 -5.43833 -7.75299 -8.06031
13.705 6.56127 7.12731 5.52801 2.99643 -0.0482394 -2.68229 -4.18045 -3.63861 -2.6203 -2.44302 -2.34165 -2.08667 -1.8152 -1.73288 -1.93657 -2.36256 -2.81811 -3.06399 -2.95197 -2.76872 -3.97692 -6.94993 -9.44411
13.755 6.30173 6.67191 6.26244 4.76152 2.2746 -0.676546 -3.17246 -4.69279 -4.21047 -2.85162 -2.28709 -2.04071 -1.86264 -1.78981 -1.92128 -2.2547 -2.64947 -2.9003 -2.90854 -2.94313 -3.7677 -5.76937 -8.40729
13.805 5.49249 5.30563 5.96535 5.66306 4.18596 1.7301 -1.11248 -3.50439 -5.05567 -4.63251 -3.00377 -2.14283 -1.82773 -1.77346 -1.89346 -2.16553 -2.50251 -2.75573 -2.84614 -2.95276 -3.56581 -5.09961 -7.37912
13.855 4.25927 3.55784 4.76582 5.51143 5.22508 3.73789 1.32325 -1.42695 -3.74491 -5.30791 -4.92668 -3.1065 -2.04506 -1.72203 -1.80015 -2.06064 -2.37487 -2.63089 -2.7723 -2.91493 -3.39576 -4.58123 -6.46093
13.905 3.29541 2.10117 3.16552 4.3793 5.10244 4.80627 3.35248 1.00835 -1.65643 -3.90404 -5.45825 -5.12468 -3.19846 -2.02054 -1.71861 -1.89604 -2.21997 -2.50609 -2.69241 -2.86223 -3.26238 -4.18509 -5.65338
13.955 2.52197 1.32728 1.80921 2.84894 4.01927 4.71174 4.42332 3.02463 0.763995 -1.81199 -3.9894 -5.53734 -5.27155 -3.30919 -2.06935 -1.78266 -2.00485 -2.33386 -2.58976 -2.79893 -3.1472 -3.86924 -5.01195
14.005 1.84629 0.968328 1.07551 1.54389 2.54385 3.67924 4.35636 4.07982 2.74156 0.577225 -1.9053 -4.02709 -5.58359 -5.401 -3.44521 -2.16585 -1.8693 -2.09367 -2.4183 -2.70244 -3.04079 -3.62106 -4.50577
14.055 1.29947 0.754456 0.709628 0.817965 1.27129 2.24995 3.37215 4.04025 3.77 2.49285 0.434208 -1.96288 -4.04626 -5.62637 -5.53552 -3.59189 -2.27227 -1.94726 -2.16759 -2.52505 -2.91149 -3.42092 -4.11209
14.105 0.699495 0.608291 0.531265 0.480023 0.575968 1.01751 1.98879 3.1044 3.75942 3.48693 2.26928 0.313654 -2.00896 -4.06893 -5.68363 -5.67534 -3.72987 -2.36342 -2.0132 -2.25909 -2.70386 -3.22435 -3.80311
14.155 0.0172708 0.516678 0.451279 0.345564 0.272019 0.353321 0.789457 1.75894 2.8668 3.50536 3.22825 2.06316 0.199426 -2.06111 -4.11104 -5.75585 -5.80753 -3.84713 -2.43657 -2.08727 -2.40389 -2.96221 -3.52586
14.205 -0.756355 0.462862 0.418642 0.307729 0.17001 0.075551 0.148237 0.583424 1.55112 2.64927 3.27228 2.98838 1.86617 0.0834329 -2.12695 -4.16835 -5.83329 -5.93144 -3.94594 -2.5051 -2.19406 -2.6066 -3.1985
14.255 -1.63808 0.430323 0.411782 0.313197 0.163389 -0.00124462 -0.110142 -0.0410362 0.394305 1.35858 2.44643 3.05427 2.76061 1.67244 -0.040144 -2.20258 -4.23409 -5.91726 -6.05203 -4.03608 -2.58498 -2.33306 -2.77403
14.305 -2.97612 -0.0913685 0.439109 0.352074 0.202889 0.0171364 -0.170308 -0.289893 -0.22293 0.210458 1.16889 2.24565 2.8411 2.54541 1.49047 -0.157105 -2.27157 -4.29994 -5.98766 -6.16953 -4.1596 -2.68298 -2.41514
14.355 -4.64669 -1.60929 0.0254035 0.479976 0.317873 0.110256 -0.117134 -0.331177 -0.464605 -0.40377 0.0233397 0.974111 2.04281 2.63566 2.34645 1.3249 -0.257813 -2.32446 -4.33924 -6.042 -6.32008 -4.31758 -2.72811
14.405 -6.26569 -3.631 -1.19761 0.330326 0.659341 0.385797 0.0893464 -0.204006 -0.463658 -0.625929 -0.582563 -0.16921 0.773553 1.84077 2.4368 2.16139 1.17839 -0.340277 -2.34785 -4.36111 -6.09057 -6.49494 -4.46259
14.455 -6.94902 -5.21684 -3.0038 -0.831285 0.613751 0.846125 0.47311 0.0922636 -0.267008 -0.574918 -0.770062 -0.748622 -0.352525 0.582827 1.65185 2.25785 2.00078 1.04825 -0.407576 -2.36423 -4.38811 -6.15119 -6.65021
14.505 -7.22471 -6.11906 -4.32169 -2.67123 -0.584072 0.836793 1.00955 0.559304 0.108512 -0.307861 -0.659232 -0.88545 -0.88614 -0.507397 0.418765 1.49061 2.10568 1.8596 0.928958 -0.476823 -2.39405 -4.45185 -6.22665
14.555 -6.64091 -7.13186 -5.13759 -3.93024 -2.482 -0.391626 1.04457 1.17564 0.661757 0.150965 -0.315257 -0.704929 -0.95889 -0.979533 -0.618883 0.295153 1.36664 1.9858 1.74397 0.815979 -0.560449 -2.4582 -4.6247
14.605 -4.54709 -7.13349 -6.32503 -4.72516 -3.71767 -2.34023 -0.204661 1.26304 1.36425 0.796346 0.232996 -0.276709 -0.699479 -0.977273 -1.0171 -0.677624 0.215509 1.2769 1.89058 1.62771 0.670743 -0.699406 -2.57805
14.655 -1.99794 -4.66707 -6.4874 -6.02783 -4.55136 -3.58946 -2.20742 -0.0140833 1.49444 1.57375 0.958311 0.349767 -0.19616 -0.645689 -0.944184 -1.00538 -0.697253 0.154947 1.18339 1.76623 1.49821 0.60752 -0.468555
14.705 -2.18059 -2.07568 -4.16575 -6.22181 -5.94586 -4.49447 -3.49714 -2.07248 0.17279 1.72355 1.78529 1.12705 0.479423 -0.0960077 -0.566077 -0.880523 -0.961237 -0.685559 0.125978 1.15091 1.86419 1.90537 1.55976
14.755 -2.89221 -2.49637 -1.67828 -3.81103 -6.11086 -5.96599 -4.49714 -3.43023 -1.94887 0.340224 1.93113 1.98041 1.28714 0.60967 0.0147983 -0.464719 -0.782557 -0.86683 -0.597591 0.233002 1.42766 2.53783 3.19976
14.805 -2.63188 -3.47896 -2.21915 -1.25069 -3.57033 -6.10399 -6.05922 -4.54977 -3.3929 -1.84363 0.48464 2.11368 2.15992 1.44502 0.751737 0.151907 -0.321808 -0.625406 -0.688187 -0.37555 0.597726 2.13728 3.85295
14.855 -2.06378 -3.42301 -3.50202 -1.77283 -0.836779 -3.40063 -6.18938 -6.23288 -4.66478 -3.40305 -1.7712 0.602046 2.2704 2.32771 1.60912 0.916508 0.327705 -0.123422 -0.391204 -0.393832 0.052001 1.30492 3.40176
14.905 -1.40802 -2.89098 -3.74832 -3.26472 -1.26612 -0.473375 -3.30467 -6.35377 -6.47314 -4.83909 -3.46296 -1.73283 0.696671 2.40811 2.49314 1.79075 1.11748 0.558507 0.151217 -0.0495715 0.0699411 0.740435 2.40788
14.955 -0.78018 -2.16033 -3.41627 -3.77175 -2.86501 -0.809199 -0.254739 -3.27368 -6.54702 -6.724 -5.01825 -3.51584 -1.68555 0.789886 2.53923 2.66022 1.98378 1.33662 0.812141 0.453929 0.336195 0.60061 1.52153
15.005 -0.253732 -1.38333 -2.78363 -3.67518 -3.58824 -2.42438 -0.461098 -0.146671 -3.29606 -6.7366 -6.9552 -5.17085 -3.53802 -1.61599 0.889047 2.66589 2.81918 2.16568 1.53752 1.03747 0.720983 0.680158 1.0878
15.055 0.130092 -0.671076 -2.01184 -3.21913 -3.71902 -3.2942 -2.01147 -0.211212 -0.119714 -3.37256 -6.90758 -7.15152 -5.28454 -3.52362 -1.52037 1.00062 2.79367 2.97212 2.3366 1.72081 1.24039 0.962188 1.00051
15.105 0.362935 -0.098639 -1.22926 -2.55258 -3.46627 -3.61172 -2.95 -1.6473 -0.0633613 -0.165025 -3.46402 -7.06129 -7.31009 -5.35441 -3.46758 -1.39521 1.1266 2.92352 3.11768 2.49197 1.88037 1.41154 1.16808
15.155 0.463188 0.299225 -0.538755 -1.80352 -2.96201 -3.55286 -3.40096 -2.58946 -1.34543 -0.0100926 -0.271407 -3.56609 -7.19135 -7.42317 -5.37376 -3.3673 -1.24368 1.26114 3.04669 3.24288 2.6112 1.98255 1.50353
15.205 0.466583 0.527738 -0.00358972 -1.08671 -2.32497 -3.23197 -3.5062 -3.11677 -2.23293 -1.11349 -0.0501248 -0.437065 -3.67267 -7.28917 -7.48178 -5.33849 -3.22828 -1.08059 1.38561 3.14233 3.31572 2.63822 1.93945
15.255 0.414839 0.62113 0.357757 -0.487243 -1.67187 -2.75704 -3.36402 -3.34272 -2.77502 -1.89285 -0.961931 -0.196813 -0.676924 -3.782 -7.3393 -7.47017 -5.24577 -3.06041 -0.928396 1.47237 3.17872 3.28766 2.48865
15.305 0.346806 0.628845 0.564743 -0.0485279 -1.102 -2.24241 -3.07284 -3.35185 -3.0645 -2.38512 -1.58896 -0.916578 -0.46392 -1.01772 -3.9188 -7.30673 -7.36116 -5.09137 -2.89036 -0.834314 1.46942 3.09566 3.06745
15.355 0.312968 0.595972 0.660442 0.226436 -0.681274 -1.79497 -2.74159 -3.23186 -3.17204 -2.66686 -1.96506 -1.35759 -1.02639 -0.922016 -1.49302 -4.04109 -7.15618 -7.12767 -4.88464 -2.7692 -0.884907 1.2708 2.76788
15.405 0.869081 0.660945 0.506078 0.352605 -0.420421 -1.48436 -2.46925 -3.07476 -3.16596 -2.79535 -2.17085 -1.58503 -1.29521 -1.37577 -1.59863 -2.05837 -4.09638 -6.88318 -6.80871 -4.70883 -2.78421 -1.14723 0.834772
15.455 2.42869 1.79865 0.0433303 -0.1803 -0.336364 -1.247 -2.249 -2.92621 -3.11239 -2.83817 -2.28416 -1.72322 -1.42306 -1.52396 -1.93388 -2.27766 -2.51263 -4.12748 -6.65805 -6.59589 -4.67996 -2.89819 -1.3643
15.505 4.50164 3.76929 0.769128 -1.24065 -1.30599 -1.15994 -1.96709 -2.72568 -3.02376 -2.84223 -2.35605 -1.82814 -1.51754 -1.57863 -1.98955 -2.53395 -2.81955 -2.80754 -4.12315 -6.54458 -6.55981 -4.8747 -3.33834
15.555 5.74967 5.71956 2.46947 -0.470993 -2.50244 -2.37647 -1.87511 -2.38962 -2.82086 -2.79875 -2.41533 -1.93153 -1.61323 -1.62689 -1.98254 -2.53265 -3.00963 -3.05564 -2.82028 -4.17633 -6.77713 -7.0721 -5.9863
15.605 6.36683 6.82822 4.45122 1.34483 -1.50918 -3.50262 -3.33298 -2.42459 -2.50108 -2.61918 -2.42627 -2.04168 -1.7267 -1.68195 -1.95827 -2.44936 -2.93674 -3.15517 -2.8991 -2.83661 -4.83027 -7.74603 -8.6779
15.655 6.54046 7.08897 5.79026 3.53731 0.497876 -2.24017 -4.16758 -4.08683 -2.84948 -2.44984 -2.30996 -2.08567 -1.83634 -1.74866 -1.93054 -2.33441 -2.77699 -3.02411 -2.94608 -2.83736 -3.86717 -6.61947 -9.34483
15.705 6.15967 6.40728 6.27732 5.06755 2.84057 -0.114307 -2.70872 -4.59894 -4.64564 -3.16529 -2.3572 -2.03096 -1.8567 -1.79411 -1.9174 -2.23169 -2.61163 -2.86367 -2.89472 -2.9576 -3.73962 -5.57058 -8.08975
15.755 5.20664 4.88747 5.73743 5.72508 4.53541 2.31635 -0.550426 -3.04675 -4.90792 -5.03981 -3.38097 -2.26643 -1.83349 -1.7567 -1.87749 -2.14362 -2.47113 -2.72446 -2.82955 -2.94625 -3.51915 -4.96051 -7.19126
15.805 4.00124 3.16749 4.38842 5.30322 5.29752 4.09824 1.91501 -0.873951 -3.28512 -5.10866 -5.308 -3.53444 -2.21334 -1.73801 -1.77018 -2.02611 -2.34203 -2.60217 -2.75386 -2.90367 -3.36283 -4.47928 -6.24916
15.855 3.09617 1.85977 2.80559 4.01752 4.90456 4.88538 3.71538 1.59396 -1.11076 -3.44134 -5.22001 -5.47716 -3.67198 -2.22183 -1.73862 -1.85305 -2.17245 -2.47075 -2.67119 -2.84862 -3.23386 -4.10286 -5.48461
15.905 2.35096 1.21496 1.58196 2.5031 3.668 4.52568 4.50874 3.38177 1.33881 -1.2724 -3.52118 -5.27191 -5.60733 -3.81279 -2.29089 -1.80254 -1.95203 -2.28023 -2.55653 -2.7805 -3.12192 -3.80426 -4.87829
15.955 1.70107 0.907675 0.962832 1.31955 2.20656 3.3385 4.18436 4.17026 3.08926 1.13627 -1.3738 -3.55947 -5.30867 -5.71993 -3.96149 -2.39744 -1.88798 -2.03544 -2.36269 -2.66907 -3.01392 -3.56987 -4.4011
16.005 1.16213 0.713606 0.654162 0.71004 1.05353 1.92302 3.04371 3.88326 3.86626 2.82868 0.971374 -1.44606 -3.59129 -5.34744 -5.82874 -4.1108 -2.50998 -1.96603 -2.10653 -2.46647 -2.87078 -3.37553 -4.0307
16.055 0.542104 0.582105 0.505945 0.434727 0.475963 0.808511 1.67201 2.78605 3.61578 3.5882 2.59122 0.827655 -1.51162 -3.62745 -5.39577 -5.93953 -4.25107 -2.60854 -2.03317 -2.19404 -2.63734 -3.16923 -3.73523
16.105 -0.161082 0.500816 0.440619 0.330803 0.234517 0.260062 0.588089 1.44899 2.55517 3.3718 3.33191 2.37165 0.690292 -1.57981 -3.67451 -5.45573 -6.04931 -4.37657 -2.68933 -2.10569 -2.3301 -2.88237 -3.45363
16.155 -0.958353 0.454549 0.415067 0.306484 0.16262 0.044118 0.0604309 0.3874 1.24511 2.34213 3.14664 3.09475 2.16165 0.552687 -1.65571 -3.73477 -5.52256 -6.15498 -4.49438 -2.76173 -2.20347 -2.51753 -3.10279
16.205 -1.90854 0.371311 0.417226 0.320995 0.171323 -0.0012877 -0.135803 -0.12467 0.201361 1.05377 2.14209 2.93542 2.86905 1.95697 0.412213 -1.73773 -3.79758 -5.59953 -6.27308 -4.60261 -2.83952 -2.3253 -2.66507
16.255 -3.36204 -0.361294 0.398508 0.373389 0.221838 0.032857 -0.165248 -0.312993 -0.3063 0.0170065 0.862132 1.94144 2.72647 2.65623 1.77018 0.283778 -1.8074 -3.85532 -5.66513 -6.38788 -4.73541 -2.94083 -2.39016
16.305 -5.06455 -2.09223 -0.195734 0.488275 0.378121 0.157447 -0.0818628 -0.313794 -0.481365 -0.484893 -0.169017 0.666373 1.74066 2.52561 2.45924 1.59838 0.169402 -1.86605 -3.8985 -5.71521 -6.51681 -4.9004 -2.9971
16.355 -6.49252 -4.01204 -1.61784 0.143663 0.707393 0.481411 0.164879 -0.147316 -0.431513 -0.633737 -0.65876 -0.357117 0.465896 1.53957 2.32782 2.27325 1.44646 0.0757669 -1.89814 -3.91743 -5.74458 -6.65687 -5.0633
16.405 -7.07395 -5.48571 -3.33103 -1.2605 0.427275 0.911805 0.591813 0.189936 -0.190794 -0.526703 -0.765192 -0.813994 -0.529638 0.279216 1.35422 2.14988 2.11111 1.31016 -0.00840199 -1.92223 -3.93929 -5.7976 -6.7828
16.455 -7.24286 -6.35229 -4.5112 -2.98456 -1.03596 0.638594 1.08342 0.694493 0.22393 -0.214281 -0.594969 -0.865737 -0.937278 -0.671156 0.120382 1.19715 1.99946 1.97168 1.18606 -0.0920438 -1.95575 -3.99628 -5.87071
16.505 -6.30886 -7.38274 -5.42224 -4.0953 -2.78156 -0.852529 0.847437 1.27012 0.82145 0.290199 -0.199471 -0.620116 -0.919881 -1.01256 -0.765792 0.00561588 1.0821 1.88676 1.86253 1.07246 -0.191063 -2.0338 -4.18085
16.555 -3.78139 -6.79384 -6.60943 -5.03276 -3.87705 -2.63895 -0.67961 1.06289 1.47617 0.976539 0.392988 -0.14055 -0.594874 -0.919327 -1.03231 -0.807893 -0.0648315 0.998497 1.79088 1.74277 0.922623 -0.331395 -2.09306
16.605 -1.9476 -3.56589 -6.2435 -6.3644 -4.89751 -3.75771 -2.51053 -0.500863 1.29113 1.70122 1.15547 0.526179 -0.0444425 -0.526403 -0.872149 -1.0064 -0.812055 -0.113758 0.912465 1.67457 1.65275 0.940589 0.0430096
16.655 -2.5201 -2.03749 -3.07305 -5.97197 -6.29471 -4.86452 -3.68036 -2.38891 -0.329593 1.51048 1.92055 1.33332 0.66442 0.06353 -0.439179 -0.799494 -0.948917 -0.77874 -0.115898 0.91506 1.82389 2.15851 2.02332
16.705 -2.82786 -2.92873 -1.63577 -2.6755 -5.85245 -6.3288 -4.89386 -3.63475 -2.28281 -0.178415 1.70516 2.1191 1.50069 0.802358 0.182197 -0.32908 -0.689874 -0.836587 -0.663624 0.0225835 1.22234 2.51995 3.4778
16.755 -2.4915 -3.48454 -2.73921 -1.16537 -2.37932 -5.83464 -6.43363 -4.97596 -3.62668 -2.20021 -0.050953 1.8741 2.29989 1.66469 0.951605 0.327117 -0.177194 -0.520929 -0.641433 -0.420771 0.401798 1.93263 3.83061
16.805 -1.90664 -3.298 -3.59851 -2.35419 -0.684791 -2.14116 -5.90898 -6.62283 -5.12692 -3.67396 -2.15737 0.0454615 2.01634 2.46576 1.83201 1.1219 0.510245 0.0306237 -0.274449 -0.332208 0.0197189 1.10775 3.17148
16.855 -1.24879 -2.71883 -3.68172 -3.44072 -1.86351 -0.251258 -2.0303 -6.04517 -6.85857 -5.32397 -3.76218 -2.14405 0.122124 2.14247 2.62654 2.01353 1.32447 0.743749 0.308429 0.0692149 0.127509 0.687545 2.14832
16.905 -0.639632 -1.96873 -3.27717 -3.77265 -3.10075 -1.38294 0.0335133 -2.02281 -6.20237 -7.09295 -5.514 -3.835 -2.11639 0.202939 2.26443 2.78381 2.19802 1.53208 0.980744 0.586428 0.417158 0.599611 1.37879
16.955 -0.145748 -1.19832 -2.60209 -3.58748 -3.64821 -2.69304 -0.994599 0.19412 -2.0702 -6.36226 -7.30826 -5.67594 -3.87596 -2.06418 0.295215 2.38659 2.93467 2.3736 1.72455 1.19391 0.834691 0.730993 1.03864
17.005 0.200539 -0.514481 -1.81586 -3.07191 -3.68373 -3.39626 -2.29205 -0.707308 0.259939 -2.15423 -6.51534 -7.49341 -5.80031 -3.87881 -1.98266 0.403998 2.51274 3.08086 2.5398 1.90065 1.38528 1.05695 1.02047
17.055 0.398153 0.0165224 -1.04679 -2.37253 -3.3629 -3.62111 -3.08039 -1.92839 -0.514333 0.245597 -2.26721 -6.65416 -7.63735 -5.88034 -3.83996 -1.87008 0.529402 2.6426 3.2208 2.69067 2.05206 1.5423 1.23939
17.105 0.470839 0.370531 -0.390392 -1.62051 -2.8146 -3.49382 -3.44604 -2.73616 -1.61428 -0.408191 0.157088 -2.40731 -6.77172 -7.73511 -5.90811 -3.75326 -1.72878 0.663628 2.76573 3.33868 2.79899 2.13458 1.60121
17.155 0.456941 0.561435 0.101412 -0.92633 -2.16256 -3.12545 -3.48793 -3.18864 -2.38477 -1.35571 -0.376129 -0.00950919 -2.5918 -6.8545 -7.77489 -5.87665 -3.62376 -1.57343 0.788384 2.85987 3.40298 2.81128 2.06117
17.205 0.398101 0.628811 0.421417 -0.36437 -1.52172 -2.62998 -3.3011 -3.35929 -2.8616 -2.03267 -1.16186 -0.453275 -0.276026 -2.79841 -6.89245 -7.74216 -5.7812 -3.46267 -1.42865 0.873033 2.89081 3.36613 2.64387
17.255 0.331209 0.623532 0.596526 0.0332685 -0.983395 -2.12223 -2.98991 -3.32993 -3.10431 -2.46776 -1.69658 -1.06705 -0.679991 -0.672023 -3.02543 -6.85806 -7.60968 -5.61572 -3.29225 -1.34122 0.856771 2.78941 3.13173
17.305 0.348573 0.580453 0.667739 0.272017 -0.60445 -1.70499 -2.66561 -3.19278 -3.17835 -2.70954 -2.02382 -1.42358 -1.13348 -1.11537 -1.2355 -3.26328 -6.70768 -7.33797 -5.38215 -3.16285 -1.40423 0.616287 2.41345
17.355 1.16929 0.797387 0.390888 0.322464 -0.374023 -1.42167 -2.41205 -3.0367 -3.15551 -2.8118 -2.2033 -1.61919 -1.33157 -1.45184 -1.76504 -1.87674 -3.43784 -6.46354 -7.01401 -5.19964 -3.17119 -1.62817 0.235037
17.405 2.90917 2.23454 0.0706441 -0.448293 -0.440995 -1.19357 -2.18582 -2.8854 -3.09504 -2.84165 -2.30314 -1.74802 -1.44343 -1.54144 -1.9819 -2.41264 -2.39414 -3.57787 -6.27166 -6.80058 -5.15979 -3.29591 -1.85076
17.455 4.89036 4.2353 1.09471 -1.23353 -1.65129 -1.31486 -1.89069 -2.64734 -2.98726 -2.83819 -2.37131 -1.85168 -1.53837 -1.58822 -1.99256 -2.56525 -2.93301 -2.70429 -3.61491 -6.19656 -6.80721 -5.41327 -3.88903
17.505 5.95044 6.08179 2.9186 -0.12187 -2.44414 -2.76476 -2.09512 -2.3093 -2.73365 -2.76807 -2.42573 -1.95848 -1.63861 -1.63922 -1.97745 -2.51835 -3.01831 -3.13922 -2.69642 -3.68225 -6.5077 -7.42824 -6.66442
17.555 6.46706 6.98355 4.84786 1.83334 -1.11034 -3.37186 -3.71324 -2.72061 -2.46052 -2.54538 -2.40644 -2.0629 -1.75655 -1.6977 -1.95147 -2.42256 -2.9012 -3.13876 -2.95055 -2.71585 -4.42268 -7.60071 -9.11693
17.605 6.5019 7.02103 6.0091 3.9829 1.02641 -1.80428 -3.95885 -4.41185 -3.22201 -2.49127 -2.27233 -2.07369 -1.85234 -1.765 -1.92724 -2.30778 -2.73511 -2.98328 -2.93729 -2.88674 -3.80114 -6.31045 -9.12369
17.655 5.98917 6.10484 6.25313 5.32816 3.32086 0.427958 -2.26141 -4.34067 -4.91515 -3.59406 -2.47675 -2.02916 -1.84526 -1.79396 -1.9132 -2.2102 -2.57475 -2.82721 -2.87968 -2.96244 -3.6895 -5.39671 -7.81104
17.705 4.89266 4.44908 5.47314 5.74488 4.84299 2.82494 -0.00342869 -2.59423 -4.61124 -5.26629 -3.86353 -2.44832 -1.85569 -1.73827 -1.85763 -2.12055 -2.44032 -2.69337 -2.81134 -2.937 -3.47455 -4.82397 -6.95345
17.755 3.76257 2.7836 3.98344 5.05324 5.3233 4.41305 2.42967 -0.324335 -2.82058 -4.7868 -5.50646 -4.05439 -2.4422 -1.77543 -1.74113 -1.98778 -2.3069 -2.57269 -2.73437 -2.89021 -3.32774 -4.37696 -6.04535
17.805 2.90819 1.65747 2.44665 3.62755 4.66677 4.91736 4.03132 2.10699 -0.559744 -2.97026 -4.89173 -5.65619 -4.20285 -2.48332 -1.7859 -1.81384 -2.12111 -2.43187 -2.64779 -2.83311 -3.20376 -4.02122 -5.3221
17.855 2.18747 1.12465 1.39135 2.15968 3.29355 4.3025 4.54706 3.69309 1.84375 -0.728093 -3.05801 -4.94008 -5.75539 -4.34347 -2.57629 -1.85764 -1.90627 -2.22236 -2.51809 -2.75857 -3.09478 -3.73965 -4.74906
17.905 1.57005 0.856122 0.869655 1.1316 1.87341 2.97634 3.97383 4.21227 3.39207 1.62869 -0.844618 -3.10238 -4.96614 -5.8398 -4.48937 -2.70021 -1.95 -1.98709 -2.30206 -2.62891 -2.98303 -3.51806 -4.29975
17.955 1.02119 0.678544 0.609944 0.623538 0.8744 1.60069 2.69249 3.68355 3.91128 3.12075 1.44429 -0.930401 -3.13496 -4.99429 -5.92422 -4.64242 -2.82517 -2.03259 -2.05626 -2.40189 -2.82258 -3.32697 -3.95155
18.005 0.381213 0.560392 0.48714 0.401328 0.398365 0.637257 1.35698 2.44309 3.42616 3.63745 2.87024 1.27996 -1.00573 -3.17008 -5.03308 -6.02067 -4.79076 -2.9318 -2.10031 -2.13869 -2.56415 -3.10725 -3.66676
18.055 -0.344033 0.488162 0.433788 0.322575 0.209514 0.189053 0.42177 1.13827 2.21958 3.1925 3.38479 2.63835 1.1243 -1.08251 -3.21528 -5.09137 -6.12494 -4.92103 -3.01718 -2.16895 -2.26441 -2.79561 -3.37622
18.105 -1.16575 0.448852 0.414105 0.309069 0.162263 0.0253988 -0.00621471 0.224377 0.938479 2.01473 2.97666 3.15131 2.41851 0.968215 -1.16771 -3.27706 -5.1631 -6.22788 -5.0353 -3.09291 -2.25916 -2.43619 -3.00022
18.155 -2.21495 0.269319 0.426095 0.331169 0.182612 0.0048936 -0.150301 -0.18909 0.0406603 0.751156 1.82174 2.77216 2.92933 2.20587 0.811728 -1.26044 -3.34547 -5.23821 -6.3301 -5.14784 -3.17825 -2.36986 -2.56367
18.205 -3.76099 -0.700206 0.317643 0.401847 0.246241 0.0540217 -0.153071 -0.3249 -0.370157 -0.142433 0.561174 1.62498 2.56553 2.71652 2.01237 0.671029 -1.33834 -3.39817 -5.29011 -6.42482 -5.28998 -3.29553 -2.42567
18.255 -5.46385 -2.60246 -0.467227 0.472397 0.457986 0.218982 -0.0354281 -0.286093 -0.485187 -0.545147 -0.326433 0.365849 1.42614 2.36382 2.51691 1.83288 0.543312 -1.40023 -3.43106 -5.32452 -6.52634 -5.47628 -3.37517
18.305 -6.65518 -4.39545 -2.0776 -0.107888 0.722172 0.592979 0.253341 -0.0794978 -0.387993 -0.626519 -0.711599 -0.50992 0.166703 1.22731 2.1658 2.33096 1.67411 0.436505 -1.43464 -3.43731 -5.34322 -6.64142 -5.65508
18.355 -7.15599 -5.68808 -3.65335 -1.73644 0.170242 0.940712 0.724335 0.299449 -0.103562 -0.466235 -0.743789 -0.855603 -0.673513 -0.0139434 1.04852 1.99157 2.17132 1.53341 0.337491 -1.46548 -3.45405 -5.40182 -6.7538
18.405 -7.17591 -6.57934 -4.65851 -3.29626 -1.53895 0.372682 1.12323 0.844258 0.351823 -0.108935 -0.517532 -0.829178 -0.965552 -0.802609 -0.161181 0.90285 1.84728 2.03773 1.40842 0.238731 -1.5108 -3.51126 -5.48821
18.455 -5.89159 -7.49717 -5.69937 -4.22983 -3.08733 -1.37257 0.579792 1.32835 0.993689 0.44067 -0.0725803 -0.522893 -0.865426 -1.02421 -0.880041 -0.258587 0.801873 1.74226 1.93653 1.29556 0.121445 -1.61294 -3.69479
18.505 -3.01152 -6.32804 -6.75322 -5.33657 -4.01484 -2.94903 -1.2183 0.790757 1.55015 1.16856 0.563439 0.00556465 -0.479594 -0.847841 -1.027 -0.904251 -0.313105 0.725974 1.64468 1.81263 1.14248 -0.0144019 -1.5971
18.555 -1.89598 -2.8006 -5.81205 -6.50911 -5.22603 -3.9127 -2.83526 -1.06 1.00973 1.78551 1.36204 0.710675 0.114607 -0.399167 -0.788629 -0.987402 -0.892344 -0.345768 0.651463 1.54386 1.77838 1.27153 0.532701
18.605 -2.76148 -2.04044 -2.3427 -5.52227 -6.42205 -5.2113 -3.85797 -2.7358 -0.912763 1.21439 2.00882 1.54807 0.856963 0.230101 -0.304245 -0.706365 -0.916207 -0.838918 -0.319663 0.688405 1.73881 2.35904 2.45172
18.655 -2.78685 -3.23765 -1.65824 -1.93443 -5.37782 -6.43728 -5.26132 -3.84081 -2.65743 -0.786639 1.39472 2.20964 1.7214 1.002 0.356706 -0.184849 -0.58493 -0.787791 -0.700996 -0.151653 1.01976 2.44649 3.68764
18.705 -2.3537 -3.50788 -3.1113 -1.16117 -1.62015 -5.32982 -6.53179 -5.36883 -3.86499 -2.60789 -0.685002 1.55007 2.38999 1.88906 1.15677 0.508424 -0.0249414 -0.406104 -0.579348 -0.440398 0.24521 1.73239 3.75055
18.755 -1.74436 -3.18028 -3.70269 -2.75901 -0.636746 -1.3615 -5.36938 -6.71178 -5.54794 -3.95084 -2.60682 -0.617424 1.67952 2.55338 2.05849 1.33179 0.69817 0.191056 -0.149577 -0.258086 0.0108721 0.950913 2.93829
18.805 -1.09247 -2.54436 -3.61758 -3.6049 -2.2879 -0.171799 -1.22457 -5.47315 -6.92998 -5.76206 -4.06536 -2.62732 -0.564201 1.79723 2.71001 2.23979 1.53459 0.931198 0.466533 0.18817 0.187584 0.646288 1.91734
18.855 -0.506432 -1.77956 -3.12988 -3.76465 -3.31558 -1.81234 0.150574 -1.19338 -5.60046 -7.14439 -5.96594 -4.16541 -2.62391 -0.491896 1.91153 2.85874 2.41763 1.73301 1.15465 0.724356 0.505363 0.611619 1.26145
18.905 -0.0464001 -1.02165 -2.41692 -3.48255 -3.69421 -2.94403 -1.40852 0.346834 -1.22802 -5.73349 -7.33904 -6.14131 -4.23455 -2.58989 -0.39878 2.02939 3.00232 2.58714 1.91774 1.35704 0.95645 0.793463 1.00846
18.955 0.262504 -0.369978 -1.62466 -2.91279 -3.62768 -3.48957 -2.56044 -1.08251 0.441595 -1.32062 -5.86201 -7.50563 -6.27791 -4.26247 -2.52185 -0.283928 2.15509 3.14304 2.74743 2.08612 1.53718 1.16118 1.05436
19.005 0.426384 0.118647 -0.875585 -2.19072 -3.24347 -3.61408 -3.20934 -2.1934 -0.832093 0.446983 -1.46266 -5.98091 -7.63814 -6.36874 -4.24441 -2.41731 -0.147005 2.28697 3.27838 2.89194 2.22775 1.67856 1.31834
19.055 0.473882 0.430526 -0.255885 -1.44403 -2.66084 -3.42052 -3.48133 -2.88362 -1.85764 -0.666282 0.366525 -1.63894 -6.08562 -7.72905 -6.40619 -4.1774 -2.28071 0.00115221 2.4113 3.38996 2.9891 2.29034 1.70344
19.105 0.444948 0.587174 0.193896 -0.776167 -2.00193 -3.01235 -3.45954 -3.25257 -2.53097 -1.56678 -0.591708 0.197521 -1.84853 -6.16822 -7.76752 -6.38351 -4.06498 -2.12489 0.140893 2.50416 3.44696 2.98843 2.18899
19.155 0.3807 0.631935 0.475483 -0.252393 -1.37869 -2.50392 -3.23356 -3.3668 -2.93766 -2.16289 -1.33512 -0.628853 -0.0867829 -2.10011 -6.21252 -7.73087 -6.29011 -3.91807 -1.97151 0.24005 2.52616 3.39996 2.80402
19.205 0.316156 0.61659 0.622007 0.105127 -0.874997 -2.00924 -2.90899 -3.30333 -3.13338 -2.53936 -1.79783 -1.19624 -0.821089 -0.526698 -2.40108 -6.19095 -7.58768 -6.1125 -3.74898 -1.87312 0.222391 2.40164 3.1496
19.255 0.440445 0.574748 0.64943 0.311102 -0.536839 -1.626 -2.5975 -3.15471 -3.17781 -2.74144 -2.07624 -1.48883 -1.21687 -1.22304 -1.16602 -2.76005 -6.06083 -7.29814 -5.84603 -3.60344 -1.92389 -0.0455937 1.97424
19.305 1.51794 1.0282 0.262993 0.227821 -0.336792 -1.36133 -2.35916 -3.00113 -3.14264 -2.82211 -2.23121 -1.65581 -1.37127 -1.49883 -1.83599 -1.85798 -3.04445 -5.86874 -7.00317 -5.65708 -3.60329 -2.08695 -0.34434
19.355 3.41136 2.69935 0.208468 -0.732904 -0.644657 -1.15064 -2.11525 -2.84008 -3.07545 -2.84276 -2.32038 -1.77407 -1.46854 -1.55965 -2.0011 -2.46545 -2.41297 -3.25268 -5.72626 -6.81788 -5.60996 -3.73921 -2.3337
19.405 5.20786 4.70035 1.47868 -1.09014 -1.98485 -1.57637 -1.83415 -2.55964 -2.94167 -2.83053 -2.38658 -1.877 -1.56167 -1.60009 -1.9933 -2.57128 -2.97799 -2.71445 -3.28694 -5.69971 -6.89408 -5.93921 -4.50493
19.455 6.11261 6.3685 3.38595 0.287414 -2.24926 -3.10392 -2.42014 -2.26819 -2.64332 -2.72787 -2.43276 -1.98702 -1.66618 -1.6517 -1.97074 -2.50001 -3.0075 -3.16722 -2.67431 -3.34048 -6.09912 -7.63425 -7.31808
19.505 6.53878 7.09953 5.18792 2.34839 -0.658182 -3.10224 -3.9952 -3.11508 -2.4859 -2.48252 -2.37923 -2.07916 -1.78603 -1.71355 -1.94276 -2.39308 -2.86319 -3.11005 -2.96171 -2.69726 -4.16651 -7.33867 -9.36374
19.555 6.42523 6.90371 6.18025 4.36891 1.5784 -1.31519 -3.62517 -4.61507 -3.67454 -2.60946 -2.25702 -2.05754 -1.86158 -1.77855 -1.92333 -2.2807 -2.69345 -2.94439 -2.92646 -2.91918 -3.77611 -6.03355 -8.8064
19.605 5.77754 5.75109 6.16687 5.53693 3.74427 1.00329 -1.75527 -3.98248 -5.06131 -4.08093 -2.67286 -2.05546 -1.83279 -1.78711 -1.9053 -2.1881 -2.53902 -2.79287 -2.86501 -2.96015 -3.63084 -5.25561 -7.57424
19.655 4.58061 4.01828 5.16403 5.69217 5.08157 3.27435 0.586406 -2.0805 -4.24555 -5.36896 -4.36461 -2.70692 -1.91436 -1.7234 -1.83196 -2.09365 -2.40915 -2.66339 -2.79341 -2.92743 -3.43589 -4.70435 -6.7127
19.705 3.53733 2.43579 3.59139 4.76174 5.27401 4.65406 2.88557 0.267691 -2.31176 -4.4124 -5.56177 -4.56151 -2.75044 -1.85925 -1.72128 -1.94502 -2.26755 -2.54196 -2.71496 -2.87734 -3.29598 -4.28283 -5.85332
19.755 2.72496 1.48825 2.12443 3.25631 4.38777 4.87102 4.26949 2.56201 0.0271165 -2.46109 -4.50315 -5.67484 -4.71304 -2.82893 -1.88781 -1.78866 -2.06637 -2.38787 -2.62194 -2.81755 -3.17629 -3.94628 -5.16977
19.805 2.0251 1.04834 1.23249 1.85032 2.93638 4.03464 4.50476 3.92599 2.28916 -0.147152 -2.54767 -4.53721 -5.74312 -4.86299 -2.94647 -1.96952 -1.87643 -2.16139 -2.47384 -2.73399 -3.06918 -3.681 -4.62924
19.855 1.44715 0.80787 0.789755 0.972375 1.56937 2.62951 3.71659 4.17537 3.6161 2.06021 -0.27049 -2.58885 -4.55522 -5.81431 -5.01268 -3.0824 -2.066 -1.95412 -2.23823 -2.58317 -2.95102 -3.47095 -4.20742
19.905 0.87351 0.6446 0.570828 0.5504 0.721378 1.30513 2.35739 3.43823 3.88134 3.33631 1.85836 -0.365748 -2.62279 -4.58832 -5.89011 -5.15719 -3.21338 -2.15161 -2.0212 -2.33429 -2.76989 -3.27965 -3.87946
19.955 0.213867 0.539156 0.469573 0.372885 0.332884 0.490634 1.07005 2.11977 3.19145 3.61523 3.07769 1.6736 -0.454208 -2.66733 -4.63269 -5.97073 -5.29365 -3.32706 -2.22302 -2.1001 -2.48848 -3.04183 -3.60086
