10.005 -0.0112273 0.115763 0.240882 0.362106 0.477473 0.585121 0.683305 0.770439 0.845115 0.906125 0.952483 0.983436 0.998488 0.997392 0.980168 0.947092 0.898704 0.835779 0.759342 0.670624 0.571058 0.462257 0.346003 0.224136 0.717461 0.800063 0.869729 0.92533 0.965966 0.990983 0.999974 0.992795 0.969563 0.930649 0.876687 0.808546 0.727335 0.63436 0.531122 0.419301 0.300703 0.177233 0.0509024 -0.0762568 -0.202188 -0.324825 -0.442229 -0.55248
10.055 -0.120943 0.00601153 0.132868 0.257578 0.37812 0.49255 0.599013 0.695789 0.781314 0.854205 0.913283 0.95759 0.986416 0.999287 0.995999 0.976605 0.94142 0.891009 0.826191 0.748012 0.657734 0.556818 0.44692 0.329778 0.636644 0.729362 0.810286 0.878107 0.931728 0.970282 0.993146 0.999949 0.990583 0.965196 0.924203 0.868262 0.798285 0.715397 0.620936 0.516439 0.403594 0.284214 0.160242 0.0336746 -0.0934428 -0.219025 -0.341084 -0.457628
10.105 -0.229196 -0.103813 0.0232482 0.149935 0.274195 0.394024 0.507479 0.612726 0.708066 0.791958 0.863042 0.920167 0.962418 0.9891 0.999789 0.994311 0.972754 0.935465 0.883051 0.816356 0.736457 0.644648 0.542434 0.431433 0.54813 0.649843 0.741047 0.820268 0.886224 0.937849 0.974309 0.995013 0.999627 0.988075 0.960545 0.917481 0.859584 0.787785 0.703243 0.607333 0.501606 0.387758 0.267645 0.143199 0.0164318 -0.110576 -0.235816 -0.357242
10.155 -0.334678 -0.212382 -0.0866528 0.0404797 0.166956 0.290733 0.409809 0.522256 0.626258 0.720135 0.802367 0.871619 0.926784 0.966954 0.991491 0.999995 0.992327 0.968612 0.929235 0.87483 0.806276 0.724683 0.631389 0.527871 0.452988 0.562466 0.662849 0.752512 0.830006 0.894078 0.943693 0.978047 0.996584 0.999007 0.985274 0.955607 0.91049 0.850648 0.777047 0.690884 0.593552 0.486615 0.371812 0.250992 0.126108 -0.000790905 -0.127697 -0.252537
10.205 -0.436113 -0.318384 -0.195506 -0.0694652 0.0576971 0.183928 0.307184 0.425471 0.536878 0.639605 0.73199 0.812532 0.879945 0.933118 0.971205 0.993588 0.999903 0.990048 0.964184 0.922727 0.866347 0.795957 0.712711 0.617928 0.35237 0.468289 0.576636 0.675657 0.763752 0.839497 0.901667 0.949256 0.981492 0.99786 0.99809 0.982179 0.950387 0.903226 0.841456 0.766082 0.678323 0.579587 0.471483 0.35575 0.234259 0.109004 -0.0180334 -0.144779
10.255 -0.532276 -0.420536 -0.301996 -0.17857 -0.0522589 0.0748994 0.200845 0.323542 0.441007 0.551343 0.652763 0.743622 0.822467 0.888 0.939177 0.975169 0.995389 0.999514 0.987475 0.959468 0.915944 0.857607 0.785416 0.700513 0.247492 0.36845 0.483451 0.590634 0.688265 0.774766 0.84874 0.908988 0.954534 0.984649 0.998839 0.996876 0.978794 0.944884 0.895692 0.832018 0.754892 0.665553 0.565454 0.456207 0.339578 0.217481 0.0918479 -0.0352704
10.305 -0.622003 -0.517604 -0.404834 -0.285516 -0.161583 -0.0350351 0.0920784 0.217701 0.339804 0.456414 0.565644 0.665721 0.755045 0.832145 0.895794 0.944959 0.978841 0.996895 0.998828 0.984609 0.954466 0.908888 0.848624 0.774629 0.139621 0.264157 0.384421 0.498469 0.604456 0.700668 0.785551 0.857729 0.916035 0.959533 0.987511 0.999521 0.995367 0.975118 0.939098 0.887894 0.822334 0.743471 0.652589 0.551149 0.440791 0.323328 0.200619 0.0746646
10.355 -0.704211 -0.608413 -0.502778 -0.38901 -0.268954 -0.144546 -0.0178019 0.109228 0.234493 0.355967 0.471686 0.579771 0.678495 0.76623 0.841581 0.903325 0.950457 0.982223 0.998104 0.997845 0.981449 0.949181 0.901573 0.839379 0.0300626 0.15667 0.280744 0.400278 0.513339 0.618098 0.712864 0.796101 0.866461 0.922816 0.964244 0.990081 0.999906 0.993562 0.97115 0.933035 0.879834 0.812401 0.731833 0.639427 0.536675 0.425267 0.306964 0.183697
10.405 -0.777904 -0.691867 -0.594643 -0.487801 -0.373072 -0.252309 -0.127467 -0.000565453 0.126346 0.251217 0.372026 0.486811 0.593741 0.69105 0.777192 0.850769 0.910583 0.955676 0.985313 0.999017 0.996565 0.977997 0.943621 0.893981 -0.0798597 0.0472884 0.173672 0.297248 0.416015 0.528056 0.631558 0.724847 0.80641 0.874942 0.92932 0.968671 0.992355 0.999994 0.991461 0.966896 0.926697 0.871508 0.802229 0.719974 0.626071 0.522063 0.409598 0.290508
10.455 -0.842191 -0.766956 -0.679318 -0.580694 -0.472681 -0.357022 -0.235591 -0.110352 0.0166722 0.143429 0.267867 0.387966 0.501808 0.607516 0.703407 0.787927 0.859699 0.917574 0.960609 0.98811 0.999633 0.994989 0.97426 0.937774 -0.188816 -0.0626648 0.0645006 0.190623 0.313662 0.431629 0.542617 0.64483 0.73661 0.81649 0.883159 0.935549 0.972807 0.994335 0.999784 0.989066 0.962355 0.920079 0.862926 0.791816 0.707897 0.612548 0.50728 0.393807
10.505 -0.896297 -0.832772 -0.75578 -0.666566 -0.566574 -0.457418 -0.340867 -0.218805 -0.0932034 0.0339069 0.16047 0.28443 0.403809 0.516636 0.621118 0.715558 0.798421 0.868379 0.924291 0.965257 0.990614 0.999951 0.99312 0.970229 -0.29549 -0.17186 -0.0454508 0.0816937 0.207516 0.329983 0.447115 0.557017 0.657904 0.748165 0.82632 0.891115 0.941496 0.976655 0.99602 0.999278 0.986378 0.957525 0.91319 0.854084 0.781164 0.695627 0.598828 0.492345
10.555 -0.939565 -0.888519 -0.823105 -0.744379 -0.653617 -0.552284 -0.442021 -0.324612 -0.201952 -0.0760251 0.0511325 0.177455 0.300927 0.41951 0.531318 0.634539 0.72749 0.808684 0.876797 0.930733 0.969619 0.992824 0.999973 0.990954 -0.398591 -0.278978 -0.154853 -0.0282233 0.0988615 0.224348 0.346208 0.462468 0.571244 0.670795 0.759491 0.835908 0.898803 0.947166 0.980214 0.997408 0.998475 0.983395 0.952412 0.906027 0.844986 0.770295 0.683136 0.58493
10.605 -0.971474 -0.933524 -0.880478 -0.813192 -0.732758 -0.640473 -0.537831 -0.426494 -0.308259 -0.185038 -0.0588231 0.068335 0.194407 0.317312 0.435095 0.545847 0.647763 0.739212 0.818703 0.884957 0.9369 0.973693 0.994736 0.999698 -0.496873 -0.382723 -0.262382 -0.137799 -0.0109884 0.116 0.241114 0.362329 0.477677 0.585315 0.683479 0.770595 0.845243 0.906225 0.952556 0.98348 0.9985 0.997375 0.98012 0.947015 0.898593 0.835651 0.759185 0.670443
10.655 -0.991638 -0.967242 -0.927205 -0.872174 -0.803039 -0.720918 -0.627139 -0.52322 -0.410839 -0.291813 -0.168067 -0.0416116 0.085536 0.211278 0.333612 0.450556 0.560205 0.660803 0.750711 0.82848 0.892854 0.942789 0.977472 0.996354 -0.589148 -0.48184 -0.36674 -0.245709 -0.120705 0.0062498 0.133106 0.257809 0.378335 0.492759 0.599204 0.695964 0.781463 0.854328 0.913381 0.95766 0.986453 0.999296 0.995978 0.976554 0.941335 0.890902 0.826056 0.74785
10.705 -0.999812 -0.989266 -0.962722 -0.92061 -0.863611 -0.792646 -0.708864 -0.61362 -0.508452 -0.395061 -0.27528 -0.151055 -0.0243688 0.102689 0.228095 0.349817 0.465873 0.574404 0.673642 0.761988 0.838013 0.900487 0.94839 0.980965 -0.6743 -0.575132 -0.466663 -0.350648 -0.228963 -0.103576 0.0234881 0.150171 0.274418 0.394244 0.507684 0.612919 0.708235 0.792102 0.863163 0.920263 0.962479 0.989135 0.999794 0.994285 0.972695 0.935383 0.882938 0.816215
10.755 -0.995898 -0.999329 -0.9866 -0.957916 -0.913742 -0.854792 -0.782018 -0.696601 -0.599918 -0.493532 -0.379164 -0.258672 -0.133979 -0.00714171 0.11982 0.244849 0.365909 0.481061 0.588428 0.686282 0.773041 0.847297 0.907841 0.953715 -0.751299 -0.66147 -0.560944 -0.451347 -0.334453 -0.212149 -0.0864137 0.0407184 0.167184 0.290963 0.410026 0.522464 0.626444 0.720299 0.80251 0.871738 0.926869 0.967015 0.991522 0.999995 0.992296 0.968554 0.929146 0.874712
10.805 -0.979943 -0.99731 -0.998549 -0.98364 -0.952826 -0.906602 -0.845718 -0.77116 -0.68413 -0.586036 -0.478464 -0.363162 -0.241969 -0.116886 0.0100965 0.13692 0.261521 0.381901 0.496101 0.602279 0.698721 0.783864 0.856317 0.914934 -0.819214 -0.739811 -0.648443 -0.54659 -0.435898 -0.318158 -0.195271 -0.0692268 0.0579286 0.184164 0.307411 0.425692 0.53708 0.639787 0.732153 0.812675 0.880052 0.933204 0.971262 0.993615 0.999899 0.990015 0.96412 0.922633
10.855 -0.95214 -0.983233 -0.998425 -0.997472 -0.980389 -0.947452 -0.899193 -0.836395 -0.760071 -0.671454 -0.571979 -0.463261 -0.347034 -0.225217 -0.0997491 0.0273367 0.15397 0.278124 0.397775 0.510994 0.615954 0.710953 0.794439 0.865092 -0.877225 -0.809207 -0.728102 -0.635224 -0.532074 -0.42032 -0.301767 -0.178335 -0.0520274 0.0751387 0.201079 0.323773 0.441222 0.55154 0.652945 0.743785 0.822596 0.88811 0.939259 0.975222 0.995413 0.999506 0.987437 0.959399
10.905 -0.912826 -0.957268 -0.98623 -0.999244 -0.996099 -0.976846 -0.941796 -0.891518 -0.826822 -0.748755 -0.658579 -0.557759 -0.447903 -0.330825 -0.208389 -0.0825777 0.0445587 0.170985 0.294639 0.413532 0.52574 0.629446 0.722956 0.80479 -0.92463 -0.868819 -0.798959 -0.716178 -0.621816 -0.5174 -0.404615 -0.285287 -0.161354 -0.0347953 0.0923153 0.217939 0.340029 0.456625 0.565842 0.665903 0.755193 0.832278 0.895901 0.945038 0.978892 0.996913 0.998816 0.984566
10.955 -0.862475 -0.919729 -0.962111 -0.988934 -0.999766 -0.99443 -0.973013 -0.935862 -0.883577 -0.817003 -0.737216 -0.645513 -0.543357 -0.432433 -0.314509 -0.191494 -0.0653917 0.0617776 0.187942 0.311069 0.429169 0.540329 0.642732 0.734758 -0.960856 -0.917927 -0.860155 -0.788473 -0.704041 -0.608224 -0.50257 -0.38879 -0.26873 -0.144309 -0.017564 0.109471 0.234725 0.356189 0.471898 0.57997 0.67866 0.766383 0.84171 0.903428 0.950536 0.982267 0.998119 0.997829
11.005 -0.801696 -0.871071 -0.926359 -0.966668 -0.991345 -0.99999 -0.992465 -0.968891 -0.929649 -0.875372 -0.80694 -0.725463 -0.632241 -0.528813 -0.416826 -0.298094 -0.174552 -0.0481763 0.078972 0.204845 0.32741 0.444679 0.554737 0.655842 -0.985465 -0.955937 -0.910952 -0.851235 -0.777753 -0.691695 -0.59445 -0.487592 -0.372857 -0.252077 -0.127231 -0.000321485 0.126583 0.251446 0.372248 0.487025 0.593922 0.691223 0.777343 0.850895 0.910688 0.955745 0.985354 0.999028
11.055 -0.731225 -0.811881 -0.879408 -0.932715 -0.970938 -0.993461 -0.999918 -0.990205 -0.964481 -0.923158 -0.866907 -0.796642 -0.713481 -0.618799 -0.514104 -0.401091 -0.281601 -0.157548 -0.0309526 0.096145 0.221692 0.343653 0.460035 0.568997 -0.998159 -0.98239 -0.950735 -0.903705 -0.842062 -0.766803 -0.679142 -0.580499 -0.472476 -0.356798 -0.23536 -0.11011 0.0169111 0.143663 0.268098 0.388191 0.502003 0.607706 0.703577 0.788074 0.859829 0.917667 0.960676 0.988148
11.105 -0.651912 -0.742875 -0.821824 -0.887484 -0.938792 -0.97492 -0.995281 -0.999548 -0.987652 -0.959783 -0.916394 -0.858189 -0.786095 -0.701304 -0.605166 -0.499238 -0.385246 -0.265014 -0.140503 -0.0137177 0.113293 0.238472 0.359772 0.475273 -0.998784 -0.996965 -0.979023 -0.945249 -0.896191 -0.83264 -0.755623 -0.666388 -0.566383 -0.457205 -0.340643 -0.218567 -0.0929655 0.0341437 0.160707 0.284664 0.404015 0.516841 0.621305 0.715725 0.798574 0.868495 0.924382 0.965321
11.155 -0.564718 -0.664887 -0.754304 -0.831524 -0.895296 -0.944592 -0.978611 -0.996806 -0.998881 -0.984804 -0.9548 -0.90936 -0.849205 -0.77533 -0.688912 -0.591349 -0.484233 -0.369277 -0.248355 -0.123415 0.00352532 0.130408 0.255158 0.375802 -0.987334 -0.999486 -0.995474 -0.975365 -0.939483 -0.88841 -0.822968 -0.744219 -0.653442 -0.552084 -0.441807 -0.324381 -0.201718 -0.0757888 0.0513722 0.177695 0.301141 0.419727 0.531521 0.634723 0.727664 0.808822 0.876913 0.930822
11.205 -0.470696 -0.578861 -0.677664 -0.76551 -0.840976 -0.902843 -0.95011 -0.982012 -0.998034 -0.997918 -0.981663 -0.949536 -0.902047 -0.839981 -0.764328 -0.676311 -0.577365 -0.469074 -0.353204 -0.231619 -0.106285 0.0207673 0.14746 0.271787 -0.963947 -0.989923 -0.99989 -0.993688 -0.971417 -0.933438 -0.880364 -0.813053 -0.7326 -0.640288 -0.53763 -0.426273 -0.308032 -0.184805 -0.0585835 0.0685784 0.194627 0.317539 0.435311 0.546047 0.647957 0.73937 0.818841 0.88507
11.255 -0.370984 -0.485836 -0.592831 -0.690241 -0.776488 -0.850179 -0.910121 -0.955345 -0.985121 -0.998967 -0.996657 -0.978233 -0.943984 -0.894477 -0.830503 -0.753096 -0.663517 -0.563201 -0.453782 -0.337024 -0.214811 -0.0891247 0.0379783 0.164487 -0.928905 -0.968391 -0.992217 -0.999997 -0.991607 -0.967181 -0.927115 -0.872057 -0.802901 -0.720751 -0.626953 -0.523012 -0.410621 -0.291587 -0.167831 -0.0413679 0.0857602 0.211511 0.333837 0.450769 0.560415 0.660979 0.750869 0.828617
11.305 -0.266786 -0.386937 -0.50083 -0.606626 -0.702611 -0.787235 -0.859128 -0.917128 -0.960297 -0.987937 -0.999602 -0.995102 -0.974507 -0.938159 -0.886637 -0.820775 -0.741646 -0.650518 -0.548874 -0.438353 -0.32074 -0.197939 -0.0719622 0.0551981 -0.882633 -0.935151 -0.972547 -0.994216 -0.999807 -0.989231 -0.962657 -0.920517 -0.863495 -0.7925 -0.708696 -0.613427 -0.508246 -0.394843 -0.275049 -0.150814 -0.0241439 0.102926 0.228327 0.350041 0.466098 0.574596 0.673819 0.762146
11.355 -0.159362 -0.283359 -0.402774 -0.515678 -0.62024 -0.714774 -0.797749 -0.867822 -0.923862 -0.964963 -0.99046 -0.99994 -0.993248 -0.970497 -0.932051 -0.878531 -0.810809 -0.72997 -0.63733 -0.534383 -0.42279 -0.30436 -0.181033 -0.0547584 -0.825689 -0.890605 -0.941119 -0.976414 -0.995919 -0.99932 -0.986561 -0.957847 -0.913648 -0.854667 -0.78187 -0.696426 -0.599727 -0.493326 -0.378942 -0.258437 -0.133756 -0.00690275 0.120057 0.245081 0.366145 0.481266 0.588622 0.68646
11.405 -0.0500116 -0.176356 -0.299849 -0.418494 -0.53037 -0.633671 -0.726724 -0.808024 -0.876258 -0.930323 -0.969344 -0.992688 -0.99998 -0.991102 -0.966197 -0.925665 -0.870169 -0.800596 -0.718081 -0.623952 -0.519729 -0.407102 -0.287914 -0.164053 -0.758762 -0.835291 -0.898312 -0.946807 -0.979991 -0.997327 -0.998536 -0.983597 -0.952755 -0.906501 -0.845591 -0.771004 -0.683956 -0.585844 -0.478253 -0.362935 -0.241751 -0.116649 0.0103354 0.137157 0.261766 0.382117 0.496309 0.602474
11.455 0.0599435 -0.0672208 -0.193298 -0.31625 -0.434087 -0.544906 -0.646912 -0.738456 -0.818059 -0.884434 -0.936507 -0.973434 -0.994623 -0.999724 -0.98866 -0.961608 -0.919008 -0.861543 -0.790149 -0.705977 -0.610385 -0.504921 -0.391315 -0.271364 -0.682661 -0.769877 -0.844644 -0.905752 -0.952213 -0.983276 -0.998438 -0.997455 -0.980343 -0.947375 -0.899089 -0.836261 -0.759915 -0.671279 -0.571782 -0.463045 -0.346823 -0.224984 -0.0995113 0.0275756 0.154221 0.278349 0.397995 0.511204
11.505 0.169174 0.0427273 -0.0844097 -0.210183 -0.332556 -0.449553 -0.55928 -0.65996 -0.74997 -0.827852 -0.892348 -0.942411 -0.977239 -0.996259 -0.999171 -0.985924 -0.956736 -0.912074 -0.852665 -0.779466 -0.69366 -0.596636 -0.489985 -0.375394 -0.598307 -0.695156 -0.780765 -0.853747 -0.912923 -0.957337 -0.98627 -0.999253 -0.996078 -0.976794 -0.941716 -0.891407 -0.826688 -0.748598 -0.658398 -0.557556 -0.447702 -0.330599 -0.208155 -0.0823395 0.0448125 0.171215 0.294869 0.413754
11.555 0.276359 0.152159 0.0254988 -0.101575 -0.227005 -0.348765 -0.464885 -0.573485 -0.672813 -0.761262 -0.8374 -0.899994 -0.948041 -0.980749 -0.997601 -0.99832 -0.982897 -0.951577 -0.904871 -0.843531 -0.768549 -0.681137 -0.58273 -0.474885 -0.506719 -0.61203 -0.707445 -0.79142 -0.862596 -0.919823 -0.962176 -0.98897 -0.999771 -0.994404 -0.972958 -0.935776 -0.883465 -0.816866 -0.737054 -0.645327 -0.543168 -0.432217 -0.314282 -0.191259 -0.0651383 0.0620111 0.188178 0.311301
11.605 0.380202 0.259751 0.135099 0.00826107 -0.118709 -0.243761 -0.36487 -0.480077 -0.587521 -0.685467 -0.772328 -0.846695 -0.90738 -0.953381 -0.983969 -0.998646 -0.997174 -0.979575 -0.946137 -0.897398 -0.834145 -0.757403 -0.66843 -0.568635 -0.409004 -0.521505 -0.625572 -0.719524 -0.801839 -0.871188 -0.92645 -0.96673 -0.991375 -0.999991 -0.992436 -0.96883 -0.92956 -0.875258 -0.806798 -0.725295 -0.632067 -0.52861 -0.416609 -0.297866 -0.174301 -0.0479426 0.0792113 0.205084
11.655 0.479449 0.364202 0.243066 0.117997 -0.00897714 -0.135809 -0.260443 -0.380864 -0.495127 -0.601384 -0.697918 -0.78316 -0.855749 -0.914487 -0.958441 -0.986898 -0.999394 -0.99573 -0.975964 -0.940415 -0.889657 -0.824511 -0.746048 -0.65551 -0.306345 -0.424674 -0.536136 -0.638928 -0.731388 -0.81202 -0.879522 -0.932801 -0.970993 -0.993488 -0.999915 -0.990171 -0.964417 -0.923067 -0.866788 -0.796494 -0.713324 -0.618611 -0.513899 -0.400872 -0.281357 -0.157317 -0.0307127 0.0963879
11.705 0.572899 0.46425 0.348094 0.226307 0.100863 -0.0262147 -0.152867 -0.277046 -0.396745 -0.510031 -0.61507 -0.710156 -0.793771 -0.864535 -0.921325 -0.963218 -0.989532 -0.999846 -0.993991 -0.972062 -0.934412 -0.881651 -0.814647 -0.734459 -0.199981 -0.322709 -0.440218 -0.550608 -0.652094 -0.743034 -0.821961 -0.887595 -0.938872 -0.974973 -0.995304 -0.999541 -0.987614 -0.959717 -0.916298 -0.858063 -0.785956 -0.701133 -0.604976 -0.499031 -0.385011 -0.264789 -0.140265 -0.0134737
11.755 0.659423 0.558685 0.448914 0.331881 0.209483 0.0836962 -0.0434434 -0.169879 -0.293568 -0.412511 -0.524785 -0.628566 -0.722197 -0.804132 -0.87307 -0.927892 -0.967706 -0.991873 -1 -0.991956 -0.96787 -0.928132 -0.873396 -0.804529 -0.0912002 -0.216842 -0.338977 -0.455631 -0.564915 -0.665065 -0.754462 -0.831657 -0.895399 -0.94467 -0.97866 -0.996825 -0.99887 -0.984763 -0.954729 -0.909258 -0.849086 -0.775179 -0.688738 -0.591157 -0.48401 -0.369059 -0.248122 -0.123172
11.805 0.737974 0.646366 0.544306 0.433442 0.315571 0.192595 0.0665056 -0.0606573 -0.18684 -0.310004 -0.428155 -0.539376 -0.64189 -0.734006 -0.814259 -0.881348 -0.934179 -0.971908 -0.993919 -0.999857 -0.989626 -0.96339 -0.921585 -0.864871 0.0186837 -0.108353 -0.233638 -0.355144 -0.470907 -0.579055 -0.677841 -0.765664 -0.841101 -0.902946 -0.950184 -0.982058 -0.998049 -0.997903 -0.981618 -0.94946 -0.90195 -0.839852 -0.764174 -0.676135 -0.577158 -0.468868 -0.352979 -0.231382
11.855 0.807602 0.726231 0.633117 0.529763 0.417843 0.299165 0.175651 0.0492973 -0.0778541 -0.203749 -0.326349 -0.443665 -0.553823 -0.655005 -0.745603 -0.824147 -0.889359 -0.940193 -0.975821 -0.995669 -0.999417 -0.987002 -0.958632 -0.914757 0.128342 0.00144587 -0.125474 -0.250365 -0.371206 -0.486044 -0.593024 -0.690414 -0.776633 -0.850305 -0.91022 -0.955417 -0.985162 -0.998977 -0.996638 -0.978182 -0.94391 -0.89437 -0.83037 -0.752939 -0.663327 -0.563008 -0.453568 -0.336794
11.905 0.867466 0.797316 0.714273 0.619678 0.515064 0.402119 0.282672 0.158656 0.0320734 -0.0950298 -0.220597 -0.34259 -0.45906 -0.568085 -0.667933 -0.756983 -0.833785 -0.89711 -0.945925 -0.979444 -0.997124 -0.998679 -0.984088 -0.953583 0.236448 0.111227 -0.0157929 -0.142558 -0.267016 -0.387156 -0.501038 -0.606816 -0.702775 -0.787383 -0.85925 -0.917225 -0.960363 -0.987974 -0.999608 -0.995078 -0.974457 -0.938076 -0.886527 -0.820639 -0.741476 -0.65034 -0.548674 -0.438134
11.955 0.916842 0.858761 0.786794 0.702101 0.606057 0.50021 0.386276 0.266096 0.141613 0.0148379 -0.112178 -0.237372 -0.358747 -0.474297 -0.582187 -0.680666 -0.768131 -0.843181 -0.904592 -0.951376 -0.982776 -0.998283 -0.997647 -0.980879 0.341696 0.219664 0.094079 -0.033027 -0.159598 -0.283588 -0.402994 -0.515882 -0.620421 -0.714942 -0.797892 -0.867943 -0.923954 -0.965026 -0.990493 -0.999942 -0.993222 -0.97044 -0.931965 -0.878417 -0.810661 -0.72981 -0.637145 -0.534177
12.005 0.955133 0.909824 0.849801 0.776036 0.689723 0.592254 0.485209 0.37032 0.249441 0.124526 -0.00240294 -0.129285 -0.254097 -0.374775 -0.489402 -0.59612 -0.693189 -0.779057 -0.852322 -0.911806 -0.956546 -0.985816 -0.999143 -0.996317 0.442812 0.325444 0.202813 0.0769029 -0.0502502 -0.176591 -0.300078 -0.418711 -0.530566 -0.633856 -0.726887 -0.808167 -0.876373 -0.93041 -0.969403 -0.992717 -0.999979 -0.99107 -0.966135 -0.925575 -0.870044 -0.800456 -0.717914 -0.623761
12.055 0.981877 0.949886 0.902535 0.840588 0.765049 0.677137 0.578276 0.470065 0.354252 0.232709 0.107401 -0.0196351 -0.146374 -0.270721 -0.3907 -0.504366 -0.609867 -0.705514 -0.789748 -0.861212 -0.91875 -0.961431 -0.98856 -0.999708 0.538574 0.42729 0.309096 0.185903 0.0597049 -0.0674586 -0.193533 -0.316477 -0.434295 -0.545107 -0.647094 -0.73862 -0.818196 -0.884545 -0.936592 -0.97349 -0.994646 -0.999719 -0.988625 -0.961542 -0.918908 -0.861425 -0.790002 -0.705804
12.105 0.996749 0.978464 0.944356 0.894977 0.831126 0.753834 0.664352 0.564128 0.454781 0.338078 0.215907 0.0902525 -0.0368816 -0.163394 -0.287275 -0.406514 -0.519171 -0.623441 -0.717625 -0.800205 -0.869847 -0.925422 -0.966024 -0.991013 0.627825 0.52397 0.411641 0.292655 0.168938 0.0424893 -0.0846488 -0.210417 -0.332774 -0.449768 -0.559477 -0.660143 -0.750128 -0.827985 -0.892457 -0.942492 -0.977287 -0.99628 -0.999161 -0.985884 -0.956662 -0.911978 -0.852539 -0.779313
12.155 0.999569 0.995211 0.97476 0.938546 0.887154 0.821416 0.742395 0.65137 0.549811 0.43936 0.321803 0.199049 0.0730567 -0.0540918 -0.180376 -0.303748 -0.422198 -0.533831 -0.636825 -0.729524 -0.810427 -0.878224 -0.931809 -0.970336 0.709486 0.614315 0.509209 0.39587 0.276129 0.151923 0.0252589 -0.101813 -0.227229 -0.34899 -0.465096 -0.573685 -0.67299 -0.761415 -0.837532 -0.9001 -0.948112 -0.980796 -0.997617 -0.998306 -0.98285 -0.951505 -0.904769 -0.8434
12.205 0.990305 0.999927 0.993379 0.970766 0.932456 0.879067 0.811462 0.730737 0.638194 0.53533 0.423807 0.305439 0.182112 0.0558646 -0.0712961 -0.197309 -0.320121 -0.437766 -0.548327 -0.650022 -0.741208 -0.820408 -0.886328 -0.937927 0.782568 0.697232 0.600621 0.494297 0.379981 0.259521 0.134861 0.00802211 -0.118938 -0.243993 -0.365091 -0.480291 -0.587715 -0.685639 -0.77248 -0.846825 -0.907474 -0.953453 -0.984012 -0.998659 -0.997154 -0.979528 -0.946059 -0.897291
12.255 0.969067 0.992552 0.999987 0.99125 0.966485 0.926089 0.870719 0.801269 0.718861 0.624827 0.520688 0.408136 0.288965 0.165146 0.0386456 -0.0884842 -0.214173 -0.336409 -0.453198 -0.562661 -0.663028 -0.752673 -0.830131 -0.894178 0.846189 0.77172 0.684771 0.586749 0.479239 0.36398 0.242833 0.11776 -0.00920782 -0.136046 -0.260673 -0.381089 -0.495334 -0.601574 -0.69809 -0.783312 -0.855865 -0.914583 -0.958509 -0.986937 -0.999403 -0.995708 -0.975911 -0.940332
12.305 0.936113 0.973178 0.994505 0.99975 0.988828 0.961915 0.919448 0.862113 0.790836 0.70677 0.611273 0.505898 0.392325 0.27243 0.14812 0.0214102 -0.105636 -0.230984 -0.352591 -0.468498 -0.576832 -0.675837 -0.763897 -0.839618 0.899579 0.836877 0.760642 0.672107 0.572703 0.464039 0.347869 0.226075 0.100633 -0.0264546 -0.153102 -0.27728 -0.396965 -0.510235 -0.615259 -0.710328 -0.793908 -0.864655 -0.921418 -0.963282 -0.989568 -0.99985 -0.993964 -0.972005
12.355 0.891841 0.942037 0.976999 0.996162 0.999216 0.986111 0.95706 0.912533 0.85325 0.780168 0.694468 0.597544 0.490941 0.37642 0.255804 0.131046 0.00417837 -0.122766 -0.24772 -0.36867 -0.483661 -0.590831 -0.688427 -0.774907 0.942092 0.891916 0.827316 0.749338 0.659243 0.558488 0.448699 0.331655 0.209258 0.083457 -0.0436812 -0.170119 -0.293796 -0.412727 -0.524989 -0.628755 -0.722352 -0.804274 -0.873187 -0.927981 -0.96777 -0.991903 -1 -0.991925
12.405 0.836786 0.899506 0.94768 0.98053 0.997523 0.998385 0.983102 0.951921 0.905348 0.844133 0.769266 0.681966 0.583621 0.47586 0.360395 0.239097 0.113942 -0.0130647 -0.139854 -0.264385 -0.384643 -0.498681 -0.604634 -0.700827 0.973216 0.936171 0.883988 0.81751 0.737812 0.646184 0.544104 0.433227 0.315352 0.19236 0.0662682 -0.0609008 -0.187075 -0.310229 -0.428372 -0.539581 -0.642062 -0.734168 -0.814398 -0.881461 -0.93427 -0.971963 -0.993945 -0.999853
12.455 0.771615 0.846101 0.906904 0.953043 0.983769 0.998587 0.997257 0.9798 0.946499 0.897892 0.834764 0.758142 0.669246 0.569546 0.460628 0.344257 0.222329 0.096795 -0.0302978 -0.156903 -0.280974 -0.400502 -0.513531 -0.618274 0.992572 0.969108 0.929972 0.875798 0.807461 0.726067 0.632931 0.52956 0.417634 0.298936 0.175416 0.0490537 -0.0780923 -0.203981 -0.326576 -0.443883 -0.55401 -0.655186 -0.745763 -0.824283 -0.889475 -0.940272 -0.975873 -0.995692
12.505 0.697114 0.782465 0.855163 0.914033 0.958121 0.986716 0.999355 0.995833 0.976207 0.940795 0.890169 0.825152 0.746778 0.656346 0.555292 0.445255 0.328027 0.205484 0.079625 -0.047524 -0.173908 -0.29748 -0.416219 -0.528245 0.999929 0.990328 0.964712 0.923497 0.867347 0.797172 0.714105 0.619491 0.514866 0.401899 0.282444 0.158415 0.0318346 -0.0952657 -0.220831 -0.342819 -0.459259 -0.568282 -0.668111 -0.757139 -0.833925 -0.897213 -0.946002 -0.979493
12.555 0.614184 0.709369 0.793083 0.863972 0.920889 0.962916 0.98937 0.999825 0.994113 0.972324 0.934811 0.882185 0.815282 0.73521 0.643243 0.54087 0.429759 0.311689 0.188585 0.0624294 -0.06474 -0.190862 -0.313874 -0.43183 0.995195 0.999574 0.987789 0.96003 0.916747 0.858639 0.786645 0.701931 0.605874 0.500003 0.386056 0.265861 0.141377 0.014601 -0.112417 -0.237609 -0.358956 -0.474508 -0.582381 -0.680841 -0.768293 -0.843306 -0.904694 -0.951451
12.605 0.523829 0.627697 0.721414 0.803466 0.872524 0.927473 0.967424 0.99173 0.999999 0.992097 0.968152 0.928553 0.873929 0.805186 0.723417 0.629946 0.526295 0.414126 0.295265 0.171628 0.0452111 -0.0819368 -0.207735 -0.330194 0.97843 0.996735 0.998923 0.984956 0.955063 0.909725 0.849675 0.775885 0.689556 0.592061 0.485001 0.370093 0.249209 0.124291 -0.00264291 -0.129527 -0.254313 -0.374996 -0.489611 -0.596312 -0.693372 -0.779204 -0.852448 -0.911906
12.655 0.427141 0.538435 0.641022 0.733245 0.813609 0.880817 0.93378 0.971644 0.993795 0.999875 0.989787 0.963693 0.92201 0.865426 0.794844 0.711405 0.616468 0.511556 0.398375 0.278751 0.154616 0.0279795 -0.099084 -0.224565 0.949834 0.981845 0.997979 0.997974 0.981831 0.949812 0.902432 0.840459 0.764901 0.676961 0.578082 0.46985 0.354029 0.232479 0.107163 -0.019879 -0.146595 -0.270951 -0.39092 -0.504572 -0.610068 -0.70568 -0.789895 -0.861336
12.705 0.325288 0.442664 0.552881 0.654159 0.744857 0.823511 0.888848 0.93981 0.975575 0.995565 0.999454 0.987183 0.958943 0.915203 0.856661 0.784263 0.699188 0.6028 0.496669 0.382505 0.262151 0.137557 0.0107648 -0.116222 0.909755 0.955085 0.984969 0.998926 0.996729 0.978415 0.944277 0.894871 0.830998 0.753676 0.664174 0.563927 0.454568 0.337855 0.215673 0.0900096 -0.0371052 -0.16363 -0.287504 -0.406733 -0.519388 -0.623624 -0.717792 -0.800351
12.755 0.219502 0.34154 0.458055 0.567164 0.6671 0.756249 0.833168 0.896613 0.94556 0.979217 0.997039 0.998737 0.984282 0.953915 0.908121 0.847639 0.773455 0.686757 0.588958 0.481633 0.366517 0.245472 0.120484 -0.00647298 0.858677 0.916776 0.960051 0.987801 0.999576 0.995188 0.974707 0.938463 0.887048 0.821279 0.742235 0.651185 0.549612 0.439147 0.321575 0.19881 0.0728336 -0.0543304 -0.180611 -0.303975 -0.422429 -0.534029 -0.63701 -0.72969
12.805 0.111063 0.236288 0.357691 0.473312 0.581277 0.679843 0.767415 0.842577 0.904113 0.95103 0.982568 0.998216 0.997721 0.981094 0.948601 0.900766 0.83837 0.76241 0.674126 0.574939 0.466451 0.350419 0.228746 0.103354 0.797216 0.867384 0.923525 0.964732 0.990338 0.99993 0.993351 0.970709 0.932373 0.878952 0.811323 0.73057 0.63801 0.535129 0.42359 0.305207 0.181892 0.055626 -0.0715345 -0.197543 -0.320362 -0.437976 -0.548527 -0.650207
12.855 0.00128055 0.128178 0.253002 0.373737 0.488426 0.595218 0.692384 0.778353 0.851735 0.911345 0.956218 0.985626 0.999097 0.996411 0.977612 0.943003 0.893148 0.828846 0.751144 0.661293 0.560746 0.45113 0.334242 0.211931 0.726118 0.807505 0.875834 0.93 0.969126 0.992581 0.999986 0.991219 0.966426 0.925999 0.870602 0.801122 0.718695 0.624642 0.520483 0.407913 0.288751 0.16491 0.0384068 -0.0887222 -0.214421 -0.336629 -0.453412 -0.562863
12.905 -0.108517 0.0185186 0.145255 0.269643 0.38967 0.503397 0.608982 0.704718 0.789059 0.860642 0.918307 0.961119 0.988394 0.999681 0.994804 0.973839 0.937128 0.88526 0.819079 0.739652 0.648261 0.546386 0.435697 0.317946 0.64624 0.737862 0.817553 0.884023 0.936197 0.973232 0.99453 0.999744 0.988794 0.96185 0.919354 0.861989 0.79069 0.706602 0.611083 0.505688 0.392119 0.2722 0.147884 0.0211713 -0.105889 -0.231212 -0.352815 -0.468713
12.955 -0.217003 -0.0913646 0.0357508 0.16229 0.286202 0.405489 0.518217 0.622563 0.716843 0.799533 0.869293 0.924992 0.96574 0.990864 0.999968 0.9929 0.969778 0.930972 0.877112 0.809068 0.727938 0.635035 0.531885 0.420117 0.558548 0.659299 0.749388 0.827358 0.891949 0.942117 0.97705 0.996183 0.999207 0.986071 0.956991 0.912434 0.853125 0.780019 0.694295 0.597349 0.490746 0.376199 0.255573 0.130809 0.0039244 -0.122999 -0.247953 -0.368897
13.005 -0.322865 -0.200143 -0.0741853 0.052974 0.179275 0.302678 0.421186 0.532881 0.63596 0.728757 0.809769 0.877682 0.931411 0.970068 0.993042 0.999958 0.990703 0.965427 0.924541 0.868703 0.798814 0.716008 0.621641 0.517209 0.464104 0.572764 0.672162 0.76069 0.836917 0.899611 0.947757 0.980577 0.997539 0.998371 0.983058 0.951847 0.905246 0.844006 0.769113 0.681787 0.58344 0.475649 0.360172 0.238865 0.11369 -0.0132986 -0.140092 -0.26462
13.055 -0.424824 -0.306502 -0.183224 -0.0569822 0.0701795 0.196208 0.319063 0.436757 0.547388 0.64917 0.740454 0.81976 0.88582 0.937542 0.974109 0.994925 0.99965 0.98821 0.960791 0.917834 0.860033 0.788323 0.703882 0.608047 0.364048 0.479304 0.58681 0.684826 0.771767 0.846228 0.907005 0.953115 0.98381 0.9986 0.997239 0.979751 0.946422 0.897788 0.834632 0.757983 0.669079 0.569349 0.460416 0.344033 0.222081 0.0965622 -0.0305377 -0.157144
13.105 -0.521646 -0.409155 -0.290048 -0.166249 -0.0397641 0.0873662 0.213083 0.335351 0.452198 0.561735 0.662187 0.751927 0.829519 0.893682 0.9434 0.977863 0.996511 0.999046 0.985425 0.955868 0.910853 0.851107 0.777613 0.691534 0.259591 0.380049 0.494362 0.600681 0.697285 0.782613 0.855287 0.91413 0.958187 0.986755 0.999363 0.995811 0.976156 0.940715 0.89006 0.825014 0.74663 0.656165 0.555094 0.445041 0.327787 0.205255 0.0793858 -0.0477677
13.155 -0.612161 -0.506861 -0.393365 -0.273507 -0.149227 -0.0225323 0.104526 0.229892 0.351541 0.467507 0.575915 0.675002 0.763189 0.839017 0.901284 0.948978 0.981323 0.997802 0.998144 0.982346 0.95066 0.903601 0.841942 0.76666 0.151996 0.2762 0.395938 0.509274 0.614373 0.709537 0.793229 0.864093 0.920979 0.96298 0.989405 0.99983 0.994087 0.972269 0.934726 0.88207 0.815153 0.735048 0.64306 0.540669 0.42953 0.311467 0.18835 0.0621859
13.205 -0.695275 -0.598439 -0.491926 -0.377457 -0.256886 -0.132158 -0.00529475 0.121652 0.246633 0.367628 0.482678 0.589917 0.687632 0.774207 0.848271 0.90862 0.954271 0.984494 0.998796 0.996946 0.978974 0.94517 0.896091 0.832516 0.0425623 0.169011 0.292727 0.411709 0.524033 0.627882 0.72158 0.803608 0.872636 0.927563 0.967484 0.991761 0.999999 0.992067 0.968092 0.928462 0.873821 0.805044 0.723252 0.62976 0.526079 0.413913 0.295036 0.171388
13.255 -0.769983 -0.682782 -0.58454 -0.476844 -0.361439 -0.240186 -0.115051 0.0119424 0.138744 0.263304 0.383607 0.497699 0.603761 0.700037 0.785002 0.857276 0.915682 0.959284 0.987372 0.999493 0.995451 0.975311 0.939407 0.888307 -0.0673856 0.0597785 0.185976 0.309167 0.427357 0.538636 0.641207 0.733407 0.813742 0.88093 0.933866 0.971701 0.993821 0.999872 0.989752 0.963628 0.921923 0.865307 0.794699 0.711237 0.616269 0.511355 0.398155 0.278517
13.305 -0.835381 -0.758869 -0.670086 -0.570465 -0.461621 -0.345311 -0.223417 -0.0979121 0.0291769 0.155796 0.279897 0.399464 0.51259 0.617403 0.712243 0.795567 0.866021 0.922475 0.96401 0.989956 0.999893 0.993661 0.971364 0.933358 -0.176519 -0.0501767 0.0769773 0.202887 0.325514 0.442877 0.553081 0.65434 0.74501 0.823647 0.888957 0.939893 0.975627 0.995587 0.999447 0.987144 0.95888 0.915107 0.856538 0.784114 0.699007 0.602614 0.496461 0.382279
13.355 -0.89068 -0.825782 -0.747531 -0.65719 -0.556223 -0.44626 -0.329081 -0.206583 -0.0807428 0.0464048 0.172803 0.296399 0.415222 0.527305 0.630872 0.72424 0.80589 0.874514 0.928993 0.96845 0.992246 0.999996 0.991578 0.967125 -0.283518 -0.159525 -0.0329524 0.0941533 0.219735 0.341764 0.458268 0.567361 0.667271 0.756406 0.8333 0.896721 0.945638 0.979265 0.997057 0.998725 0.984243 0.953844 0.908021 0.847512 0.773294 0.686587 0.588764 0.48142
13.405 -0.935209 -0.88271 -0.815937 -0.735969 -0.6441 -0.541814 -0.430767 -0.312756 -0.189686 -0.0635475 0.0636199 0.189751 0.312833 0.430831 0.541873 0.644156 0.736015 0.815979 0.882743 0.935234 0.972603 0.994242 0.999803 0.989198 -0.387089 -0.266945 -0.142484 -0.0157183 0.1113 0.236519 0.357915 0.473522 0.581464 0.680019 0.767568 0.842708 0.904215 0.951104 0.982613 0.99823 0.997706 0.981048 0.948525 0.900662 0.838231 0.762259 0.673949 0.574739
13.455 -0.968432 -0.928967 -0.874479 -0.805849 -0.724189 -0.630817 -0.527244 -0.415147 -0.296337 -0.172732 -0.0463324 0.0808082 0.206663 0.329149 0.446323 0.556284 0.657242 0.747578 0.825822 0.890712 0.9412 0.976467 0.995939 0.999312 -0.48598 -0.371137 -0.250292 -0.1254 0.00151952 0.128414 0.253234 0.373958 0.488626 0.595411 0.692556 0.778506 0.85186 0.911443 0.956288 0.985667 0.999107 0.996391 0.977562 0.942924 0.893034 0.828715 0.750985 0.66111
13.505 -0.989946 -0.963991 -0.922448 -0.865987 -0.795523 -0.712193 -0.617347 -0.51252 -0.399404 -0.279827 -0.155724 -0.0291114 0.0979936 0.223487 0.345377 0.461687 0.570522 0.670139 0.758915 0.83542 0.898417 0.946885 0.980035 0.997343 -0.578995 -0.470842 -0.355075 -0.233565 -0.10828 0.0187568 0.145492 0.269873 0.389881 0.503604 0.609171 0.704891 0.789206 0.860762 0.918402 0.961187 0.988428 0.999687 0.99478 0.973785 0.93704 0.885152 0.818942 0.739488
13.555 -0.999491 -0.987361 -0.959264 -0.915654 -0.857238 -0.784959 -0.699986 -0.603696 -0.497642 -0.38354 -0.263234 -0.138679 -0.0118604 0.115122 0.240255 0.361507 0.476904 0.584598 0.682833 0.770028 0.844773 0.905856 0.952281 0.983316 -0.665011 -0.564855 -0.455564 -0.338907 -0.21677 -0.0911273 0.0359906 0.162526 0.286422 0.405708 0.51842 0.622754 0.71701 0.799675 0.869411 0.925085 0.965798 0.990896 0.99997 0.992872 0.969716 0.930886 0.876997 0.808925
13.605 -0.996952 -0.998792 -0.984482 -0.954251 -0.908589 -0.848234 -0.774162 -0.687572 -0.589864 -0.482615 -0.367561 -0.24657 -0.121571 0.00536631 0.132228 0.256957 0.377521 0.491989 0.598496 0.695326 0.780914 0.853874 0.913014 0.957401 -0.742985 -0.652038 -0.550546 -0.440151 -0.322639 -0.19991 -0.073946 0.0532127 0.179501 0.302907 0.421402 0.533088 0.636145 0.728919 0.80991 0.877799 0.931492 0.970126 0.99307 0.999955 0.990669 0.965366 0.924449 0.868582
13.655 -0.982359 -0.998148 -0.997797 -0.98131 -0.948955 -0.901253 -0.838978 -0.763136 -0.674954 -0.575855 -0.467443 -0.35148 -0.229812 -0.104455 0.0226028 0.1493 0.273573 0.393431 0.506922 0.612217 0.707615 0.791569 0.862709 0.91991 -0.811977 -0.731337 -0.638871 -0.536073 -0.424607 -0.306275 -0.182988 -0.0567436 0.0704085 0.196444 0.319289 0.436976 0.547588 0.64935 0.740616 0.819899 0.885923 0.937626 0.974163 0.994949 0.999643 0.988174 0.960724 0.917737
13.705 -0.955889 -0.985436 -0.999049 -0.996505 -0.977847 -0.943376 -0.89365 -0.829473 -0.751883 -0.662133 -0.561675 -0.45214 -0.335274 -0.213013 -0.0872959 0.0398376 0.166317 0.290117 0.409219 0.521706 0.625759 0.719693 0.801972 0.871297 -0.871152 -0.801795 -0.719472 -0.625514 -0.521442 -0.408938 -0.289819 -0.166014 -0.0395348 0.0876052 0.213315 0.335581 0.452412 0.561931 0.662367 0.752087 0.829643 0.893789 0.943479 0.977913 0.996532 0.999035 0.985384 0.955796
13.755 -0.917862 -0.96081 -0.988221 -0.999652 -0.994917 -0.974093 -0.937518 -0.885782 -0.819722 -0.740406 -0.649115 -0.547334 -0.436683 -0.318995 -0.196139 -0.0701061 0.0570506 0.183295 0.306569 0.424887 0.536339 0.639116 0.73154 0.81215 -0.919794 -0.862558 -0.791374 -0.707392 -0.611972 -0.506656 -0.393145 -0.273277 -0.149 -0.0222924 0.104762 0.230129 0.351765 0.467717 0.576111 0.675182 0.763333 0.839147 0.901387 0.949053 0.981372 0.997817 0.99813 0.9823
13.805 -0.868738 -0.924567 -0.965446 -0.990713 -0.999958 -0.993033 -0.97005 -0.931381 -0.87765 -0.809726 -0.728707 -0.63591 -0.532812 -0.421121 -0.302611 -0.179202 -0.0529056 0.0742566 0.200212 0.322932 0.440433 0.550812 0.652263 0.743183 -0.957316 -0.912893 -0.853708 -0.780718 -0.695103 -0.598248 -0.491717 -0.377236 -0.256664 -0.13192 -0.00505678 0.121895 0.246865 0.367848 0.482889 0.590114 0.687793 0.774358 0.848397 0.908719 0.954347 0.984535 0.998808 0.996927
13.855 -0.80911 -0.877146 -0.930998 -0.969795 -0.992909 -0.999967 -0.990855 -0.965719 -0.924967 -0.869257 -0.799489 -0.716798 -0.622499 -0.518156 -0.405424 -0.286132 -0.162222 -0.0356793 0.0914346 0.217072 0.339203 0.455848 0.5651 0.665231 -0.983263 -0.952191 -0.905721 -0.844604 -0.76983 -0.682608 -0.584345 -0.476634 -0.361225 -0.239954 -0.114815 0.0121863 0.138981 0.263532 0.383828 0.497911 0.603938 0.700208 0.78515 0.857399 0.915784 0.95935 0.98741 0.999501
13.905 -0.739699 -0.81912 -0.885294 -0.937152 -0.973856 -0.994811 -0.999679 -0.988382 -0.961101 -0.918278 -0.860605 -0.789019 -0.70466 -0.608925 -0.503336 -0.389602 -0.269577 -0.145184 -0.0184484 0.108587 0.233871 0.355372 0.471104 0.579236 -0.997322 -0.979976 -0.946783 -0.898279 -0.83525 -0.758714 -0.669908 -0.570269 -0.461418 -0.345086 -0.223185 -0.0976693 0.0294158 0.15603 0.280127 0.399688 0.512781 0.617591 0.71241 0.795712 0.866148 0.922566 0.964073 0.98999
13.955 -0.661346 -0.75119 -0.828886 -0.893179 -0.943028 -0.977627 -0.996417 -0.999094 -0.985615 -0.956197 -0.911315 -0.851701 -0.778301 -0.692333 -0.595161 -0.488362 -0.373673 -0.252933 -0.128108 -0.00120999 0.125712 0.250601 0.371413 0.486238 -0.999323 -0.995913 -0.976398 -0.941093 -0.890571 -0.825648 -0.747371 -0.65701 -0.556033 -0.446045 -0.328856 -0.206344 -0.0805046 0.0466416 0.173039 0.296632 0.415424 0.527508 0.631057 0.724405 0.80604 0.874627 0.929081 0.96851
14.005 -0.574997 -0.674178 -0.762457 -0.838407 -0.900798 -0.948623 -0.981108 -0.997727 -0.998212 -0.982555 -0.951008 -0.904085 -0.842532 -0.76737 -0.679792 -0.581217 -0.473251 -0.357624 -0.236219 -0.110993 0.0160328 0.142799 0.267231 0.387361 -0.989241 -0.999809 -0.994208 -0.97253 -0.935125 -0.882598 -0.815799 -0.735807 -0.643924 -0.541612 -0.430552 -0.312524 -0.189452 -0.063311 0.0638594 0.18999 0.313045 0.431047 0.542074 0.644339 0.736187 0.816114 0.882856 0.935321
14.055 -0.481695 -0.589015 -0.686809 -0.773498 -0.847678 -0.90815 -0.953937 -0.984297 -0.99874 -0.997033 -0.979202 -0.945539 -0.896577 -0.833129 -0.756203 -0.667045 -0.567107 -0.457991 -0.341474 -0.219433 -0.0938402 0.0332707 0.159818 0.283801 -0.9672 -0.991616 -0.999997 -0.992207 -0.968372 -0.928878 -0.874362 -0.805708 -0.724031 -0.630631 -0.527042 -0.414925 -0.296108 -0.172498 -0.0460926 0.0810513 0.206881 0.329374 0.446537 0.556483 0.657433 0.747734 0.825957 0.890823
14.105 -0.38257 -0.49673 -0.602858 -0.699237 -0.784308 -0.856697 -0.915232 -0.958966 -0.987193 -0.999457 -0.995558 -0.975561 -0.939782 -0.888815 -0.823471 -0.744808 -0.654107 -0.552821 -0.442601 -0.325221 -0.202579 -0.0766597 0.0504729 0.176809 -0.933465 -0.971435 -0.993696 -0.999889 -0.989912 -0.963928 -0.922355 -0.865867 -0.795384 -0.712025 -0.61716 -0.51231 -0.399185 -0.2796 -0.155487 -0.0288675 0.0982152 0.22372 0.345601 0.461899 0.57073 0.670313 0.759071 0.835554
14.155 -0.278819 -0.39844 -0.511617 -0.616522 -0.711456 -0.794887 -0.865462 -0.922041 -0.963711 -0.989797 -0.999876 -0.993787 -0.971624 -0.933755 -0.880783 -0.813566 -0.733198 -0.640968 -0.538376 -0.427077 -0.308868 -0.185663 -0.0594824 0.0676801 -0.888443 -0.939509 -0.975381 -0.995481 -0.999483 -0.987323 -0.959196 -0.915558 -0.85712 -0.78481 -0.699816 -0.603501 -0.497435 -0.383321 -0.263002 -0.138437 -0.0116379 0.11536 0.240487 0.36173 0.477127 0.584788 0.683009 0.770184
14.205 -0.171697 -0.295332 -0.414191 -0.526354 -0.630003 -0.723465 -0.805228 -0.873969 -0.928577 -0.96817 -0.992106 -0.999999 -0.991719 -0.967405 -0.927447 -0.872488 -0.803425 -0.721364 -0.627642 -0.523769 -0.411422 -0.292422 -0.168719 -0.0422675 -0.83268 -0.896223 -0.945274 -0.979038 -0.99697 -0.998781 -0.98444 -0.954179 -0.908493 -0.848107 -0.774011 -0.687395 -0.589671 -0.482407 -0.367337 -0.246333 -0.12135 0.00560527 0.132465 0.257188 0.377756 0.492192 0.598688 0.695501
14.255 -0.0624998 -0.188654 -0.311758 -0.429821 -0.540932 -0.643297 -0.735259 -0.815329 -0.882216 -0.934837 -0.972341 -0.99412 -0.999824 -0.98936 -0.962897 -0.920861 -0.863938 -0.793039 -0.70932 -0.614129 -0.509003 -0.395646 -0.275915 -0.151704 -0.76685 -0.842102 -0.903737 -0.950758 -0.982403 -0.998163 -0.997781 -0.981264 -0.948883 -0.901149 -0.838848 -0.762979 -0.674777 -0.575661 -0.467231 -0.351251 -0.229595 -0.104217 0.0228417 0.149536 0.273817 0.393646 0.507129 0.61241
14.305 0.0474535 -0.0796951 -0.205555 -0.328092 -0.445321 -0.555351 -0.6564 -0.746832 -0.825189 -0.890202 -0.94082 -0.976222 -0.99584 -0.999352 -0.986705 -0.9581 -0.914005 -0.855126 -0.782421 -0.697063 -0.600429 -0.494085 -0.379775 -0.259306 -0.691748 -0.7778 -0.851274 -0.910982 -0.955959 -0.985477 -0.999059 -0.996485 -0.977799 -0.943297 -0.893543 -0.829337 -0.751726 -0.661955 -0.561476 -0.451922 -0.335065 -0.212779 -0.0870578 0.0400764 0.166567 0.290341 0.409438 0.521914
14.355 0.156833 0.0302276 -0.0968663 -0.222395 -0.344326 -0.460691 -0.569605 -0.669306 -0.758184 -0.834804 -0.897924 -0.946521 -0.979817 -0.997262 -0.998583 -0.983756 -0.953022 -0.906874 -0.846063 -0.77157 -0.684596 -0.586552 -0.479044 -0.363774 -0.608282 -0.704093 -0.788519 -0.860193 -0.917957 -0.960876 -0.988258 -0.999658 -0.994894 -0.974039 -0.937435 -0.885669 -0.819585 -0.740246 -0.648932 -0.547129 -0.436483 -0.318769 -0.195905 -0.0698678 0.0573042 0.183525 0.306797 0.425108
14.405 0.264316 0.139785 0.0129931 -0.11401 -0.239168 -0.36046 -0.475923 -0.583687 -0.682014 -0.769313 -0.844172 -0.905376 -0.951947 -0.983115 -0.998389 -0.997517 -0.980516 -0.947657 -0.899476 -0.836748 -0.760486 -0.671926 -0.572521 -0.463843 -0.517462 -0.621874 -0.71623 -0.799003 -0.868856 -0.924658 -0.965508 -0.990745 -0.99996 -0.993005 -0.969992 -0.931292 -0.877536 -0.809587 -0.728543 -0.635722 -0.532624 -0.420904 -0.302383 -0.178967 -0.0526519 0.07449 0.200447 0.323163
14.455 0.368604 0.247652 0.122695 -0.00424693 -0.131119 -0.255872 -0.376487 -0.491011 -0.597597 -0.69452 -0.780213 -0.853284 -0.912567 -0.957081 -0.986123 -0.999219 -0.996156 -0.976983 -0.942013 -0.891809 -0.827182 -0.749177 -0.659076 -0.558304 -0.420386 -0.532136 -0.635282 -0.728154 -0.80925 -0.87726 -0.931085 -0.969853 -0.992936 -0.999965 -0.990822 -0.965656 -0.924876 -0.86914 -0.799345 -0.716627 -0.622325 -0.517951 -0.405206 -0.285903 -0.161971 -0.0354454 0.0916735 0.21731
14.505 0.468435 0.352525 0.230914 0.105568 -0.0214837 -0.14819 -0.272499 -0.392399 -0.505955 -0.611331 -0.706821 -0.790876 -0.862155 -0.919476 -0.961935 -0.988839 -0.999751 -0.994497 -0.973161 -0.936088 -0.883876 -0.817369 -0.737662 -0.646015 -0.318227 -0.435965 -0.546652 -0.6485 -0.73986 -0.819256 -0.885405 -0.937236 -0.973908 -0.994835 -0.999673 -0.988344 -0.961035 -0.918184 -0.860482 -0.788869 -0.704502 -0.608736 -0.503129 -0.389382 -0.269333 -0.144952 -0.0182084 0.10883
14.555 0.562603 0.453136 0.336341 0.214106 0.0884109 -0.0387161 -0.165216 -0.289042 -0.408196 -0.52075 -0.624884 -0.718906 -0.801318 -0.870754 -0.926116 -0.966504 -0.99126 -0.999987 -0.992544 -0.96905 -0.929884 -0.87568 -0.80733 -0.725915 -0.212221 -0.334522 -0.451414 -0.561006 -0.661525 -0.751347 -0.82902 -0.893287 -0.943104 -0.977678 -0.996437 -0.999084 -0.985574 -0.956127 -0.911217 -0.851573 -0.778161 -0.69216 -0.594969 -0.488153 -0.373438 -0.252707 -0.12787 -0.000966018
14.605 0.649968 0.548268 0.437702 0.320056 0.197237 0.0712257 -0.055936 -0.182191 -0.305501 -0.423873 -0.535391 -0.638245 -0.730793 -0.811504 -0.879101 -0.932483 -0.970783 -0.993387 -0.999926 -0.990295 -0.964649 -0.923403 -0.867236 -0.797038 -0.103649 -0.229035 -0.350718 -0.466729 -0.575192 -0.674354 -0.762612 -0.838537 -0.900898 -0.948699 -0.981154 -0.997743 -0.998198 -0.982511 -0.950934 -0.903981 -0.842413 -0.767216 -0.679616 -0.581022 -0.473027 -0.357406 -0.235986 -0.11075
14.655 0.729475 0.636771 0.53377 0.422136 0.303678 0.180306 0.0540203 -0.0731373 -0.199113 -0.321871 -0.439425 -0.549866 -0.651433 -0.742443 -0.821456 -0.887188 -0.938569 -0.974776 -0.995218 -0.999567 -0.987751 -0.959962 -0.916658 -0.858526 0.00617665 -0.120779 -0.245781 -0.366809 -0.481905 -0.589207 -0.686983 -0.77365 -0.847799 -0.908251 -0.954008 -0.98434 -0.998752 -0.997015 -0.979154 -0.945459 -0.896479 -0.832996 -0.756046 -0.666867 -0.566898 -0.457783 -0.341249 -0.219195
14.705 0.800163 0.717576 0.623385 0.519113 0.406447 0.287207 0.163324 0.0368009 -0.0903178 -0.215978 -0.338147 -0.45484 -0.564196 -0.664405 -0.75388 -0.831167 -0.895008 -0.94438 -0.978478 -0.996754 -0.998911 -0.984914 -0.954997 -0.909633 0.115927 -0.011062 -0.137873 -0.262454 -0.382791 -0.496937 -0.603049 -0.699408 -0.78445 -0.856821 -0.915328 -0.959035 -0.987231 -0.999465 -0.995535 -0.975507 -0.939706 -0.888705 -0.823336 -0.744648 -0.653915 -0.552626 -0.442386 -0.32499
14.755 0.861176 0.789705 0.705463 0.609813 0.504303 0.390635 0.270652 0.146294 0.0195696 -0.107474 -0.23278 -0.354314 -0.470139 -0.578335 -0.677189 -0.765097 -0.840625 -0.902566 -0.949908 -0.98189 -0.997994 -0.997959 -0.981789 -0.949742 0.224276 0.0987883 -0.0282979 -0.154926 -0.279049 -0.398658 -0.511823 -0.616711 -0.711617 -0.795032 -0.865581 -0.922136 -0.963775 -0.989831 -0.99988 -0.99376 -0.971572 -0.933669 -0.88067 -0.813427 -0.733026 -0.640788 -0.538174 -0.426856
14.805 0.911777 0.852285 0.779012 0.69314 0.596061 0.489341 0.374708 0.254019 0.12922 0.00233037 -0.124598 -0.249504 -0.370397 -0.485272 -0.592311 -0.689776 -0.776079 -0.849839 -0.909853 -0.955154 -0.985011 -0.998937 -0.996711 -0.978369 0.329914 0.207444 0.0816193 -0.0455253 -0.171933 -0.29556 -0.41441 -0.526557 -0.63018 -0.723631 -0.805369 -0.874087 -0.928666 -0.968229 -0.992136 -0.999998 -0.991691 -0.967345 -0.927357 -0.872371 -0.803274 -0.721202 -0.627455 -0.523561
14.855 0.951354 0.904562 0.843142 0.768087 0.680612 0.58213 0.474234 0.358672 0.237309 0.112106 -0.0149105 -0.141678 -0.266176 -0.386342 -0.500271 -0.606115 -0.70215 -0.786838 -0.858797 -0.916871 -0.960118 -0.987839 -0.999583 -0.995166 0.431563 0.313592 0.19055 0.0644261 -0.0627383 -0.188888 -0.311985 -0.430037 -0.541124 -0.643481 -0.73542 -0.815471 -0.882328 -0.934921 -0.972397 -0.994146 -0.99982 -0.989325 -0.962832 -0.920768 -0.86381 -0.792897 -0.70915 -0.613936
14.905 0.979429 0.945902 0.897078 0.833747 0.756935 0.66788 0.568027 0.458989 0.342528 0.220526 0.0949575 -0.0321389 -0.158738 -0.282741 -0.402183 -0.515127 -0.619732 -0.714323 -0.797359 -0.867501 -0.923617 -0.964796 -0.990369 -0.999932 0.527993 0.415948 0.297176 0.173599 0.0472148 -0.0799326 -0.205789 -0.328317 -0.445526 -0.555551 -0.656579 -0.746994 -0.825324 -0.89031 -0.940901 -0.976275 -0.995861 -0.999344 -0.986666 -0.958032 -0.913902 -0.855005 -0.782272 -0.696888
14.955 0.995663 0.975805 0.940168 0.889327 0.824106 0.745556 0.654951 0.553756 0.443606 0.32628 0.203678 0.0777887 -0.0493804 -0.175721 -0.299233 -0.41791 -0.529821 -0.633172 -0.726279 -0.807644 -0.875949 -0.930089 -0.969181 -0.992608 0.618041 0.513276 0.40021 0.280672 0.156597 0.0299894 -0.0971051 -0.222628 -0.344541 -0.460904 -0.5698 -0.669487 -0.75834 -0.834934 -0.89803 -0.946599 -0.979861 -0.99728 -0.998571 -0.983713 -0.952945 -0.906775 -0.845935 -0.771415
15.005 0.999858 0.993911 0.971891 0.934155 0.881313 0.814218 0.733957 0.641829 0.539321 0.42809 0.309935 0.186776 0.0605743 -0.066577 -0.192664 -0.315641 -0.433504 -0.544366 -0.646419 -0.738021 -0.817691 -0.884137 -0.936275 -0.973283 0.700616 0.604397 0.498405 0.384353 0.264086 0.139549 0.0127532 -0.114248 -0.23939 -0.360684 -0.476132 -0.583885 -0.682188 -0.769464 -0.8443 -0.905479 -0.952015 -0.983158 -0.998402 -0.997501 -0.980466 -0.947583 -0.899371 -0.836614
15.055 0.991965 1 0.991864 0.967688 0.927865 0.873036 0.804089 0.722141 0.628515 0.524723 0.412445 0.293505 0.169797 0.0433719 -0.0837665 -0.209555 -0.331946 -0.448978 -0.558744 -0.659476 -0.749546 -0.827495 -0.89205 -0.942191 0.77472 0.688211 0.590574 0.483386 0.368382 0.247421 0.122457 -0.0044859 -0.131345 -0.256104 -0.376707 -0.491224 -0.597788 -0.694691 -0.780363 -0.853411 -0.912658 -0.95715 -0.986163 -0.999228 -0.996134 -0.976934 -0.941933 -0.891699
15.105 0.972078 0.993998 0.999844 0.989522 0.963198 0.921298 0.864499 0.793722 0.71011 0.615012 0.509969 0.396685 0.276966 0.152797 0.0261441 -0.100936 -0.226374 -0.348161 -0.464312 -0.572957 -0.672339 -0.760849 -0.837039 -0.899707 0.839457 0.763705 0.675602 0.576575 0.468224 0.352302 0.230681 0.10533 -0.021712 -0.148427 -0.272728 -0.392623 -0.506161 -0.611518 -0.706991 -0.791026 -0.862267 -0.91957 -0.962 -0.988874 -0.999757 -0.994473 -0.973106 -0.936003
15.155 0.940439 0.975979 0.995736 0.999392 0.986886 0.958421 0.914458 0.855707 0.783119 0.697866 0.601326 0.49507 0.380787 0.260374 0.135739 0.00890358 -0.118066 -0.243135 -0.364268 -0.479511 -0.587004 -0.685003 -0.771908 -0.846345 0.894045 0.829965 0.752463 0.662793 0.562405 0.452923 0.336115 0.213873 0.0881836 -0.0389559 -0.165451 -0.289276 -0.408414 -0.520952 -0.625071 -0.719076 -0.801451 -0.870871 -0.926206 -0.966565 -0.991293 -0.999988 -0.992514 -0.96899
15.205 0.897429 0.94616 0.97959 0.997179 0.998642 0.983957 0.95336 0.907346 0.84666 0.772282 0.685414 0.587468 0.480004 0.364803 0.243692 0.118636 -0.00832963 -0.13517 -0.259819 -0.380268 -0.494571 -0.600876 -0.697444 -0.782751 0.937824 0.88619 0.820226 0.740997 0.649787 0.548069 0.437486 0.31983 0.197013 0.0709864 -0.0561736 -0.182431 -0.305729 -0.424088 -0.535594 -0.638432 -0.730945 -0.811644 -0.879214 -0.932569 -0.970844 -0.993414 -0.999923 -0.990261
15.255 0.843569 0.904901 0.951599 0.982909 0.998324 0.997596 0.980735 0.948015 0.899965 0.837361 0.761215 0.672764 0.573417 0.464822 0.348699 0.226933 0.101507 -0.0255704 -0.152228 -0.276427 -0.396158 -0.509483 -0.614548 -0.709693 0.970264 0.931701 0.878071 0.810243 0.729312 0.636588 0.533567 0.42192 0.30346 0.18007 0.0537827 -0.0733806 -0.199347 -0.322096 -0.439641 -0.55007 -0.651601 -0.742603 -0.821592 -0.887298 -0.938657 -0.974828 -0.995242 -0.99956
15.305 0.77951 0.852701 0.912103 0.956756 0.985936 0.999174 0.996253 0.977222 0.942389 0.892316 0.827812 0.749926 0.659898 0.55922 0.44949 0.332487 0.210116 0.0843384 -0.0427975 -0.169243 -0.292956 -0.411931 -0.524222 -0.628054 0.990973 0.965947 0.925301 0.869692 0.800019 0.71741 0.623198 0.518908 0.406239 0.286977 0.163089 0.0365571 -0.0905558 -0.216209 -0.338372 -0.455057 -0.564379 -0.664584 -0.754037 -0.8313 -0.895121 -0.944457 -0.978528 -0.996774
15.355 0.706027 0.790192 0.86158 0.919035 0.961628 0.988671 0.999726 0.994614 0.973419 0.936482 0.8844 0.818021 0.7384 0.646858 0.544847 0.434021 0.316185 0.193228 0.0671507 -0.0600139 -0.186212 -0.309399 -0.427558 -0.538822 0.999701 0.988515 0.961344 0.918626 0.861054 0.789558 0.705293 0.609623 0.504106 0.390414 0.270423 0.146053 0.0193306 -0.107709 -0.233013 -0.354542 -0.470334 -0.578529 -0.677365 -0.76525 -0.840763 -0.902666 -0.949983 -0.981936
15.405 0.624007 0.71813 0.800639 0.870203 0.925693 0.966215 0.991112 0.999981 0.99268 0.969326 0.930296 0.876226 0.807974 0.726674 0.633616 0.530307 0.418432 0.29978 0.176287 0.0499411 -0.0772165 -0.203125 -0.325724 -0.443076 0.996342 0.999131 0.985763 0.956454 0.911679 0.852161 0.778862 0.692968 0.595877 0.489131 0.374488 0.253783 0.128983 0.00209341 -0.124836 -0.24974 -0.370602 -0.485481 -0.592504 -0.689949 -0.776239 -0.849962 -0.909952 -0.955227
15.455 0.534443 0.637384 0.730019 0.810849 0.878566 0.932077 0.970514 0.993257 0.999939 0.99045 0.964944 0.923837 0.86778 0.797705 0.714725 0.620182 0.515619 0.402709 0.283292 0.159292 0.0327126 -0.0943961 -0.219952 -0.341972 0.980937 0.997667 0.998264 0.982718 0.951281 0.90446 0.843013 0.767934 0.680445 0.581935 0.474025 0.358444 0.237077 0.111871 -0.0151504 -0.14192 -0.26639 -0.386562 -0.500478 -0.606306 -0.702331 -0.786982 -0.85892 -0.916968
15.505 0.438417 0.548933 0.650572 0.741692 0.820817 0.88667 0.938183 0.974525 0.995108 0.9996 0.987926 0.960278 0.917094 0.859092 0.787192 0.702559 0.606572 0.500768 0.386872 0.266718 0.142246 0.0154744 -0.111521 -0.236734 0.953672 0.984141 0.998696 0.9971 0.979381 0.945824 0.896972 0.833615 0.756786 0.667702 0.567831 0.458772 0.342304 0.220295 0.0947187 -0.0323828 -0.158957 -0.28297 -0.402402 -0.515332 -0.619931 -0.714487 -0.797503 -0.867623
15.555 0.33709 0.453845 0.56326 0.663568 0.753144 0.830542 0.894509 0.94401 0.978246 0.996663 0.998963 0.98511 0.95532 0.910091 0.850142 0.776441 0.690191 0.592773 0.485774 0.370918 0.25006 0.125158 -0.00174188 -0.128633 0.914877 0.958716 0.987053 0.999427 0.995641 0.975753 0.940087 0.889218 0.823977 0.745396 0.654771 0.553553 0.443392 0.326056 0.203443 0.0775455 -0.0496015 -0.175956 -0.299461 -0.418127 -0.530036 -0.633353 -0.726444 -0.807787
15.605 0.231688 0.353269 0.469138 0.577421 0.676365 0.764373 0.84002 0.902082 0.949557 0.981677 0.997922 0.99803 0.981996 0.950087 0.902813 0.840936 0.765466 0.677612 0.578804 0.470634 0.35485 0.233328 0.108059 -0.0189776 0.86502 0.9217 0.963476 0.989671 0.999862 0.993885 0.971835 0.93407 0.881205 0.814079 0.733795 0.641642 0.539119 0.427875 0.309707 0.186536 0.0603533 -0.0668155 -0.192899 -0.315868 -0.433733 -0.544562 -0.646602 -0.738186
15.655 0.123485 0.248423 0.369343 0.484293 0.591409 0.688963 0.775375 0.849247 0.909387 0.954822 0.984816 0.998884 0.996799 0.978597 0.944569 0.895264 0.831486 0.754257 0.664835 0.56466 0.455351 0.338677 0.216553 0.0909075 0.804705 0.87354 0.92825 0.967949 0.991995 1 0.991833 0.967628 0.92778 0.872919 0.803948 0.721972 0.628329 0.524521 0.412226 0.293272 0.169578 0.0431332 -0.0840046 -0.209789 -0.332185 -0.449187 -0.558942 -0.659659
15.705 0.0137882 0.140573 0.265083 0.385309 0.499302 0.605222 0.701355 0.786145 0.858222 0.916423 0.959804 0.987662 0.999551 0.995274 0.974904 0.938767 0.887453 0.821783 0.742828 0.651859 0.550345 0.439932 0.322428 0.199694 0.734661 0.814819 0.881802 0.934524 0.972134 0.994024 0.99984 0.989487 0.963137 0.921204 0.86438 0.793574 0.709941 0.614825 0.509762 0.396461 0.276753 0.15256 0.0259053 -0.101174 -0.226621 -0.34838 -0.464525 -0.573157
15.755 -0.0960748 0.0310228 0.157618 0.281667 0.401158 0.514165 0.618855 0.713537 0.796681 0.866943 0.923186 0.964498 0.990217 0.999919 0.993453 0.970921 0.93269 0.879374 0.81184 0.731177 0.638686 0.535867 0.424406 0.306065 0.655734 0.746246 0.824692 0.889801 0.94052 0.976031 0.995759 0.999384 0.986849 0.958353 0.914361 0.855581 0.782971 0.697696 0.601135 0.494858 0.380582 0.260143 0.135502 0.00866462 -0.118318 -0.243362 -0.364491 -0.479725
15.805 -0.204776 -0.078902 0.0482478 0.174619 0.298165 0.41689 0.528874 0.632303 0.725508 0.806982 0.875407 0.929673 0.968911 0.992474 0.99999 0.991335 0.966651 0.926332 0.871036 0.801654 0.719305 0.625324 0.521252 0.408736 0.568879 0.668651 0.757611 0.834319 0.897535 0.946237 0.979638 0.997197 0.99863 0.983914 0.953288 0.907244 0.846533 0.772131 0.685239 0.587271 0.479809 0.36458 0.24346 0.118398 -0.00858359 -0.135402 -0.26005 -0.380493
15.855 -0.311002 -0.187873 -0.0617061 0.0654601 0.191566 0.314576 0.432497 0.543424 0.645563 0.737265 0.817044 0.883607 0.935891 0.973029 0.994437 0.999764 0.988924 0.962091 0.919702 0.862439 0.791227 0.70722 0.611796 0.506466 0.475147 0.582972 0.68137 0.76875 0.843698 0.905002 0.951673 0.982953 0.998338 0.997579 0.980689 0.947938 0.899861 0.837231 0.761059 0.672584 0.573236 0.46461 0.348475 0.2267 0.101254 -0.0258043 -0.152465 -0.276661
15.905 -0.413467 -0.294572 -0.170914 -0.0444902 0.082651 0.208458 0.330892 0.447974 0.557813 0.658633 0.748803 0.826859 0.891556 0.94182 0.976861 0.996105 0.999241 0.986218 0.957247 0.912797 0.853583 0.780566 0.694944 0.598072 0.375669 0.490244 0.596891 0.693886 0.77966 0.852826 0.912202 0.956825 0.985974 0.999183 0.996232 0.97717 0.942309 0.892209 0.827677 0.749765 0.659731 0.559022 0.449277 0.332262 0.209868 0.0841053 -0.0430373 -0.169484
15.955 -0.510934 -0.39771 -0.278055 -0.153903 -0.0272631 0.0998193 0.225287 0.347109 0.463319 0.572039 0.671508 0.760113 0.836441 0.899224 0.947474 0.980403 0.997477 0.998421 0.98322 0.952119 0.905619 0.844474 0.769689 0.682447 0.27165 0.391589 0.505196 0.610634 0.706196 0.790338 0.861701 0.919129 0.961691 0.988707 0.999731 0.994589 0.973364 0.936399 0.884288 0.817881 0.738251 0.646676 0.544647 0.433806 0.315944 0.192998 0.0669113 -0.0602574
16.005 -0.602223 -0.49604 -0.381835 -0.261454 -0.136848 -0.0100259 0.116957 0.242047 0.363223 0.478528 0.586095 0.684178 0.771213 0.845756 0.906632 0.952848 0.983653 0.998553 0.997304 0.979929 0.946706 0.898172 0.835128 0.758571 0.164346 0.288199 0.407393 0.519998 0.624194 0.718295 0.800783 0.870321 0.925779 0.966277 0.991143 0.999982 0.992651 0.969268 0.930208 0.876109 0.807844 0.72651 0.633431 0.530105 0.418201 0.299557 0.176051 0.0496974
16.055 -0.686231 -0.588372 -0.480998 -0.365845 -0.244778 -0.11975 0.00721328 0.134058 0.258736 0.379231 0.493595 0.59997 0.696661 0.782063 0.854828 0.913772 0.957936 0.986611 0.999331 0.995891 0.976346 0.941011 0.89047 0.825523 0.0550555 0.181325 0.304664 0.423075 0.534644 0.637568 0.730183 0.810989 0.878675 0.932164 0.970572 0.993286 0.999936 0.990417 0.964881 0.923744 0.86767 0.797561 0.714557 0.619995 0.515401 0.402495 0.283062 0.159051
16.105 -0.761942 -0.67359 -0.574346 -0.465812 -0.349748 -0.228026 -0.102618 0.0244483 0.15112 0.27535 0.395128 0.508509 0.613686 0.708914 0.792689 0.863649 0.920637 0.962742 0.989276 0.999813 0.994182 0.972473 0.935046 0.882495 -0.054901 0.0722592 0.198251 0.321038 0.438631 0.549132 0.650755 0.741853 0.820947 0.886781 0.938266 0.97458 0.995132 0.999593 0.987889 0.96021 0.917006 0.858969 0.787044 0.702389 0.60637 0.500566 0.386651 0.266482
16.155 -0.828441 -0.750664 -0.660749 -0.560148 -0.45049 -0.333545 -0.211208 -0.0854568 0.0416771 0.168139 0.291883 0.410899 0.523292 0.627194 0.720967 0.803083 0.872207 0.927232 0.96726 0.991647 0.999998 0.992177 0.968317 0.928797 -0.164194 -0.0376807 0.089442 0.215118 0.337315 0.454057 0.563458 0.663747 0.753294 0.830676 0.894616 0.944091 0.978296 0.996683 0.998952 0.985068 0.955255 0.909992 0.850016 0.776291 0.690008 0.592585 0.485565 0.370692
16.205 -0.884924 -0.818663 -0.739164 -0.647711 -0.545785 -0.435032 -0.317244 -0.194329 -0.0682695 0.0588955 0.185109 0.308322 0.42657 0.537891 0.640527 0.732808 0.813232 0.880511 0.933549 0.971491 0.993723 0.999885 0.989881 0.963869 -0.271501 -0.147165 -0.0204488 0.106598 0.23192 0.353492 0.46935 0.577616 0.676533 0.764528 0.840149 0.902187 0.949632 0.981722 0.997938 0.998015 0.981954 0.950013 0.90271 0.840807 0.765303 0.677439 0.578608 0.470419
16.255 -0.930707 -0.876764 -0.808642 -0.727443 -0.634482 -0.531259 -0.419445 -0.300851 -0.177391 -0.05106 0.0760974 0.202016 0.324691 0.442085 0.552343 0.653673 0.744425 0.823145 0.888551 0.939589 0.975434 0.995504 0.999476 0.987288 -0.375526 -0.25487 -0.130092 -0.00321079 0.123722 0.248653 0.369566 0.484502 0.591592 0.689137 0.775525 0.849376 0.909486 0.954892 0.984858 0.998896 0.996782 0.978548 0.94449 0.895157 0.831345 0.754103 0.664656 0.564459
16.305 -0.965238 -0.924264 -0.868343 -0.79838 -0.715507 -0.621062 -0.516575 -0.403736 -0.284367 -0.160398 -0.0338344 0.0932687 0.218887 0.340934 0.457481 0.566635 0.666617 0.755827 0.832811 0.896328 0.945352 0.979088 0.996988 0.99877 -0.475011 -0.359494 -0.238163 -0.112981 0.0140272 0.140808 0.265315 0.385529 0.499499 0.605413 0.701524 0.786295 0.858345 0.916517 0.959871 0.9877 0.999557 0.995251 0.974851 0.938685 0.887336 0.82165 0.742667 0.651674
16.355 -0.988099 -0.960589 -0.917546 -0.859664 -0.787882 -0.703357 -0.607459 -0.50174 -0.387906 -0.267797 -0.143357 -0.0166066 0.110436 0.235661 0.357088 0.472746 0.58075 0.679371 0.767001 0.842229 0.90384 0.950833 0.982445 0.998176 -0.568752 -0.459771 -0.343354 -0.221385 -0.0958369 0.031261 0.157855 0.281896 0.401366 0.51437 0.619042 0.713708 0.796826 0.867061 0.923279 0.964562 0.990248 0.999922 0.993425 0.970863 0.932599 0.879263 0.8117 0.73101
16.405 -0.999014 -0.985301 -0.955655 -0.910555 -0.85073 -0.777148 -0.690999 -0.593677 -0.486754 -0.371958 -0.251147 -0.126281 0.000649783 0.127538 0.252378 0.373141 0.487861 0.5947 0.691918 0.777948 0.8514 0.911083 0.956024 0.985514 -0.655617 -0.554489 -0.444394 -0.327113 -0.204542 -0.0786645 0.0484875 0.174854 0.298381 0.417108 0.529076 0.632492 0.725673 0.807122 0.875523 0.929762 0.968966 0.992503 0.999989 0.991304 0.966586 0.926244 0.870919 0.801508
16.455 -0.99785 -0.9981 -0.98221 -0.950436 -0.903294 -0.841543 -0.766184 -0.678437 -0.579718 -0.471622 -0.3559 -0.234429 -0.109144 0.0178735 0.144616 0.269025 0.389073 0.50284 0.608469 0.704261 0.788666 0.860317 0.918045 0.960937 -0.734556 -0.642504 -0.540061 -0.428885 -0.310775 -0.187639 -0.0614666 0.0656986 0.191789 0.314803 0.432712 0.543628 0.645746 0.737425 0.817183 0.883722 0.935969 0.973084 0.994462 0.999759 0.988887 0.962027 0.919607 0.862316
16.505 -0.984621 -0.998831 -0.996889 -0.978826 -0.944935 -0.895763 -0.832106 -0.754994 -0.665672 -0.565584 -0.45635 -0.339742 -0.217619 -0.0920071 0.0351057 0.161656 0.285582 0.404899 0.517664 0.622059 0.716397 0.79915 0.868966 0.924742 -0.804613 -0.72275 -0.629198 -0.525472 -0.41325 -0.294345 -0.170678 -0.0442515 0.0828773 0.208692 0.331117 0.448192 0.558011 0.658812 0.748962 0.826996 0.891655 0.9419 0.976912 0.996126 0.999231 0.986179 0.957178 0.912697
16.555 -0.959488 -0.987486 -0.999516 -0.995382 -0.975153 -0.939153 -0.887967 -0.822422 -0.743578 -0.652708 -0.551282 -0.440948 -0.323462 -0.200775 -0.074829 0.0523324 0.178638 0.302064 0.4206 0.532336 0.635467 0.728321 0.809381 0.877366 -0.864942 -0.794258 -0.710729 -0.615706 -0.510728 -0.397491 -0.277825 -0.153667 -0.0270361 0.100058 0.225518 0.347338 0.463531 0.572233 0.671686 0.760272 0.836562 0.899329 0.94755 0.98045 0.997495 0.998408 0.983176 0.952044
16.605 -0.922754 -0.964202 -0.990058 -0.999904 -0.99358 -0.971189 -0.933092 -0.879908 -0.812494 -0.73194 -0.639549 -0.536823 -0.425394 -0.307116 -0.183859 -0.0576236 0.0695336 0.195576 0.31845 0.436177 0.546853 0.648686 0.74001 0.819382 -0.914814 -0.856163 -0.783666 -0.698496 -0.602032 -0.495833 -0.381613 -0.261224 -0.136623 -0.00978596 0.117193 0.242283 0.363446 0.478736 0.586289 0.684356 0.771353 0.845884 0.906733 0.95292 0.983698 0.998565 0.997287 0.97988
16.655 -0.874864 -0.929261 -0.96863 -0.992336 -0.999994 -0.991482 -0.966936 -0.926755 -0.871587 -0.802323 -0.720084 -0.626207 -0.522184 -0.409744 -0.290666 -0.166883 -0.0404111 0.0867241 0.212451 0.334744 0.451628 0.561208 0.661692 0.751492 -0.953625 -0.907716 -0.847128 -0.772841 -0.686057 -0.588179 -0.480788 -0.365623 -0.244557 -0.119512 0.00745124 0.1343 0.258966 0.37945 0.493804 0.600165 0.696819 0.782212 0.854952 0.913869 0.958009 0.98665 0.99934 0.995869
16.705 -0.816397 -0.883084 -0.935491 -0.97277 -0.994318 -0.999788 -0.989089 -0.962397 -0.920141 -0.863006 -0.791913 -0.70802 -0.61266 -0.507417 -0.393959 -0.274125 -0.149867 -0.0231767 0.103883 0.229264 0.350942 0.466945 0.575374 0.674516 -0.980907 -0.948295 -0.900348 -0.837842 -0.761787 -0.673414 -0.574149 -0.465601 -0.349535 -0.227792 -0.102381 0.0246922 0.151356 0.275577 0.395348 0.508719 0.61386 0.709083 0.792835 0.863769 0.920736 0.962805 0.989311 0.999818
16.755 -0.748059 -0.82623 -0.891041 -0.941443 -0.976621 -0.996006 -0.999284 -0.986403 -0.957571 -0.913254 -0.854168 -0.781273 -0.695728 -0.598956 -0.492488 -0.378052 -0.257511 -0.132797 -0.00594127 0.121013 0.246014 0.367036 0.482099 0.589385 -0.996329 -0.977409 -0.942683 -0.892713 -0.828307 -0.750507 -0.660569 -0.55995 -0.450287 -0.333319 -0.210975 -0.0852137 0.0419159 0.168373 0.292112 0.411122 0.523479 0.62738 0.721132 0.803225 0.872331 0.927319 0.967321 0.991678
16.805 -0.670676 -0.759387 -0.835818 -0.898734 -0.947115 -0.980182 -0.997397 -0.998483 -0.983424 -0.952461 -0.906094 -0.84508 -0.770385 -0.683253 -0.585064 -0.477409 -0.362042 -0.240812 -0.115694 0.0112979 0.138111 0.26269 0.382996 0.497128 -0.999705 -0.994705 -0.97362 -0.93679 -0.884812 -0.818526 -0.739003 -0.647529 -0.545595 -0.434816 -0.317019 -0.194089 -0.0680311 0.0591321 0.185345 0.308554 0.426769 0.538093 0.64071 0.73297 0.81338 0.880622 0.933635 0.971549
16.855 -0.585185 -0.683363 -0.77049 -0.845159 -0.906159 -0.952507 -0.983451 -0.998492 -0.997386 -0.980152 -0.947066 -0.898669 -0.835728 -0.75929 -0.670565 -0.570993 -0.462196 -0.345916 -0.224047 -0.0985535 0.0285377 0.155167 0.279262 0.39886 -0.990994 -0.999975 -0.992786 -0.969542 -0.93062 -0.876649 -0.808501 -0.727279 -0.634306 -0.531055 -0.419229 -0.300618 -0.177156 -0.0508234 0.0763367 0.202255 0.3249 0.442299 0.552542 0.653854 0.744594 0.823278 0.888661 0.939673
16.905 -0.492619 -0.599076 -0.695846 -0.781365 -0.854247 -0.913316 -0.957615 -0.986428 -0.99929 -0.995992 -0.976588 -0.941394 -0.890966 -0.826146 -0.747959 -0.657674 -0.556761 -0.446837 -0.329692 -0.207213 -0.0813802 0.045769 0.172151 0.29577 -0.970301 -0.993155 -0.999948 -0.990571 -0.965176 -0.924173 -0.868224 -0.798236 -0.715349 -0.620874 -0.516371 -0.403513 -0.284138 -0.160164 -0.0335945 0.0935116 0.219102 0.341158 0.457694 0.566831 0.666806 0.75598 0.832943 0.896436
16.955 -0.394096 -0.507547 -0.61279 -0.708124 -0.792006 -0.863082 -0.9202 -0.962437 -0.989111 -0.999791 -0.994302 -0.972736 -0.935432 -0.883013 -0.81631 -0.736403 -0.644595 -0.542355 -0.43135 -0.313368 -0.190314 -0.0641828 0.0629596 0.189104 -0.937878 -0.974327 -0.995021 -0.999624 -0.988063 -0.960523 -0.91745 -0.859542 -0.787742 -0.703187 -0.60727 -0.501529 -0.387685 -0.267569 -0.14312 -0.0163627 0.110655 0.235893 0.357311 0.472956 0.580956 0.679542 0.767155 0.842361
17.005 -0.290809 -0.409881 -0.522324 -0.626322 -0.72019 -0.802414 -0.871661 -0.926811 -0.966974 -0.991502 -0.999995 -0.992318 -0.968589 -0.929205 -0.874792 -0.806229 -0.724635 -0.631317 -0.527794 -0.415734 -0.296947 -0.173359 -0.0469933 0.0801515 -0.894115 -0.943719 -0.978063 -0.996591 -0.999003 -0.98526 -0.955584 -0.910456 -0.850611 -0.776997 -0.690827 -0.593481 -0.486545 -0.371738 -0.250914 -0.126039 0.000869986 0.127775 0.252609 0.373362 0.488082 0.594888 0.692091 0.778101
17.055 -0.184006 -0.307259 -0.425543 -0.536947 -0.639667 -0.732044 -0.812582 -0.879979 -0.933146 -0.971225 -0.993597 -0.999902 -0.990035 -0.964162 -0.922697 -0.866308 -0.795915 -0.712645 -0.617856 -0.513073 -0.39999 -0.280438 -0.156378 -0.02977 -0.839541 -0.901702 -0.949281 -0.981509 -0.997865 -0.998085 -0.982165 -0.950362 -0.903196 -0.841413 -0.766031 -0.678257 -0.579523 -0.471413 -0.355675 -0.234192 -0.108925 0.0181124 0.144852 0.269255 0.389307 0.503042 0.608659 0.704434
17.105 -0.0749782 -0.200923 -0.323618 -0.441081 -0.55141 -0.652823 -0.743679 -0.822508 -0.888036 -0.939205 -0.975186 -0.995397 -0.999511 -0.987463 -0.959446 -0.915912 -0.857571 -0.785358 -0.700448 -0.604209 -0.498197 -0.384127 -0.263872 -0.139331 -0.774818 -0.848782 -0.909021 -0.95456 -0.984663 -0.998843 -0.99687 -0.978778 -0.944861 -0.895656 -0.831974 -0.754834 -0.665494 -0.565389 -0.456136 -0.339513 -0.217404 -0.0917692 0.0353445 0.161892 0.285825 0.405113 0.517869 0.62225
17.155 0.0349561 -0.0921568 -0.217779 -0.339881 -0.456485 -0.565709 -0.665784 -0.755092 -0.832189 -0.895831 -0.944985 -0.978857 -0.996902 -0.998824 -0.984595 -0.954443 -0.908859 -0.848575 -0.774571 -0.68804 -0.59038 -0.483172 -0.368176 -0.247208 -0.700726 -0.7856 -0.857771 -0.91607 -0.959555 -0.987524 -0.999523 -0.995359 -0.975102 -0.939071 -0.887857 -0.822284 -0.743418 -0.652529 -0.551082 -0.440729 -0.323254 -0.200541 -0.0745907 0.052571 0.178887 0.302287 0.420817 0.532542
17.205 0.144468 0.0177232 -0.109308 -0.234573 -0.356042 -0.471756 -0.57984 -0.678546 -0.766281 -0.841625 -0.903359 -0.950482 -0.982241 -0.998109 -0.99784 -0.981434 -0.949159 -0.901532 -0.839329 -0.763553 -0.675426 -0.576375 -0.468028 -0.352097 -0.618162 -0.71292 -0.796149 -0.866504 -0.922846 -0.964265 -0.990092 -0.999907 -0.993554 -0.971131 -0.933007 -0.879792 -0.812355 -0.731779 -0.639365 -0.536617 -0.425195 -0.306889 -0.183624 -0.0573851 0.0697869 0.195806 0.318678 0.436396
17.255 0.252233 0.127389 0.000485372 -0.126428 -0.251294 -0.372099 -0.486886 -0.593797 -0.691108 -0.777243 -0.850811 -0.910616 -0.955704 -0.985327 -0.99902 -0.996559 -0.977983 -0.94359 -0.89394 -0.829833 -0.752305 -0.66261 -0.562222 -0.452728 -0.528125 -0.63162 -0.724903 -0.806462 -0.87498 -0.929349 -0.96869 -0.992365 -0.999994 -0.991451 -0.966875 -0.926663 -0.871469 -0.802182 -0.719918 -0.626017 -0.521996 -0.409526 -0.290437 -0.166647 -0.0401574 0.0869572 0.212685 0.334974
17.305 0.356948 0.235514 0.110273 -0.0167543 -0.143508 -0.267943 -0.388045 -0.501869 -0.607579 -0.703465 -0.787976 -0.85974 -0.917612 -0.960631 -0.988122 -0.999635 -0.994982 -0.974239 -0.937742 -0.886081 -0.820088 -0.740833 -0.649618 -0.547885 -0.431702 -0.542684 -0.644891 -0.73667 -0.816535 -0.883196 -0.935575 -0.972826 -0.994343 -0.999783 -0.989054 -0.962331 -0.920048 -0.862886 -0.791767 -0.707848 -0.612486 -0.507211 -0.393739 -0.273895 -0.149616 -0.0229427 0.104121 0.229502
17.355 0.457348 0.340793 0.218726 0.0931217 -0.0339869 -0.160548 -0.284512 -0.403873 -0.516704 -0.621181 -0.715614 -0.798469 -0.868425 -0.924321 -0.965277 -0.990625 -0.999952 -0.993109 -0.970207 -0.931615 -0.877957 -0.8101 -0.72916 -0.636418 -0.33006 -0.447187 -0.557083 -0.65797 -0.748217 -0.826365 -0.89115 -0.941524 -0.976669 -0.996027 -0.999275 -0.986363 -0.957502 -0.913157 -0.854043 -0.781121 -0.69557 -0.598765 -0.49228 -0.377831 -0.257266 -0.132565 -0.0057013 0.121255
17.405 0.552218 0.44195 0.324536 0.201872 0.0759452 -0.0512115 -0.177539 -0.300994 -0.419582 -0.531387 -0.6346 -0.727544 -0.808739 -0.876836 -0.930762 -0.969638 -0.992832 -0.999972 -0.990942 -0.965886 -0.92521 -0.869571 -0.799886 -0.717257 -0.224427 -0.346283 -0.462539 -0.571316 -0.670853 -0.759542 -0.83595 -0.898839 -0.947188 -0.980229 -0.997414 -0.99847 -0.98338 -0.952388 -0.905993 -0.844949 -0.770245 -0.683079 -0.58487 -0.477199 -0.361805 -0.240585 -0.115455 0.0115418
17.455 0.640412 0.537765 0.426422 0.308181 0.184959 0.0587441 -0.0684198 -0.194475 -0.317387 -0.435168 -0.545913 -0.647824 -0.739276 -0.818749 -0.884993 -0.936928 -0.973708 -0.994745 -0.999695 -0.988479 -0.961277 -0.91853 -0.860942 -0.789424 -0.116081 -0.241192 -0.362404 -0.477754 -0.585379 -0.683537 -0.770643 -0.845286 -0.906255 -0.95258 -0.983494 -0.998505 -0.997369 -0.980105 -0.946989 -0.898562 -0.835607 -0.759134 -0.670388 -0.570797 -0.461971 -0.345696 -0.223813 -0.0983107
17.505 0.720863 0.627077 0.523152 0.410765 0.291737 0.16799 0.0415266 -0.0856059 -0.211355 -0.333688 -0.450626 -0.56027 -0.660873 -0.750764 -0.828525 -0.89289 -0.942812 -0.977491 -0.996362 -0.999121 -0.985723 -0.956383 -0.911588 -0.852046 -0.00633138 -0.133185 -0.257886 -0.378416 -0.492826 -0.599267 -0.696019 -0.781514 -0.854364 -0.913413 -0.957683 -0.986468 -0.999299 -0.995971 -0.976536 -0.941311 -0.890866 -0.826011 -0.747801 -0.657494 -0.55655 -0.446627 -0.329465 -0.206975
17.555 0.792598 0.708808 0.613557 0.508382 0.394987 0.275204 0.150971 0.0242987 -0.102767 -0.228174 -0.349891 -0.465943 -0.574481 -0.673701 -0.762039 -0.838057 -0.900517 -0.948419 -0.980983 -0.997683 -0.99825 -0.982673 -0.951212 -0.904367 0.103495 -0.0235682 -0.150251 -0.274503 -0.394316 -0.507752 -0.612979 -0.708293 -0.792145 -0.863203 -0.920294 -0.962504 -0.989147 -0.999796 -0.994277 -0.972679 -0.935355 -0.882901 -0.816172 -0.736242 -0.644401 -0.542159 -0.431134 -0.313136
17.605 0.854751 0.781969 0.696543 0.599852 0.493462 0.379091 0.25859 0.13391 0.00706263 -0.1199 -0.244926 -0.365982 -0.481143 -0.588493 -0.68634 -0.773091 -0.847334 -0.90788 -0.953743 -0.984183 -0.998708 -0.997082 -0.979336 -0.945753 0.21207 0.0863339 -0.0407984 -0.167271 -0.291038 -0.410098 -0.522529 -0.626508 -0.720347 -0.802557 -0.871777 -0.926903 -0.967035 -0.991532 -0.999996 -0.992287 -0.968534 -0.929117 -0.874676 -0.806088 -0.72446 -0.631135 -0.52759 -0.415512
17.655 0.906569 0.845676 0.771109 0.68407 0.585971 0.478394 0.363083 0.241901 0.116807 -0.0101776 -0.136999 -0.261597 -0.381988 -0.49617 -0.602342 -0.698778 -0.783906 -0.856365 -0.914972 -0.958783 -0.987091 -0.999436 -0.99562 -0.975705 0.318081 0.195192 0.0691469 -0.0580166 -0.184241 -0.307486 -0.42576 -0.537149 -0.639841 -0.732207 -0.812721 -0.880095 -0.933232 -0.971281 -0.993624 -0.999898 -0.990004 -0.964099 -0.922605 -0.866188 -0.795761 -0.712481 -0.617667 -0.512864
17.705 0.947426 0.899159 0.836351 0.760017 0.671395 0.571914 0.463185 0.346968 0.22514 0.0996684 -0.0274157 -0.154049 -0.278214 -0.397848 -0.511062 -0.616016 -0.711001 -0.794495 -0.865138 -0.921792 -0.96354 -0.989706 -0.999866 -0.993861 0.420246 0.301691 0.178256 0.0519393 -0.0752165 -0.201156 -0.323845 -0.441295 -0.551598 -0.653005 -0.743838 -0.822646 -0.888146 -0.939287 -0.97524 -0.99542 -0.999504 -0.987425 -0.959378 -0.915816 -0.857441 -0.785213 -0.700276 -0.604015
17.755 0.976829 0.94177 0.891481 0.826776 0.748702 0.658519 0.557688 0.447841 0.33075 0.208309 0.0824988 -0.0446378 -0.171077 -0.294716 -0.413604 -0.525807 -0.6295 -0.72302 -0.804845 -0.873655 -0.928339 -0.96801 -0.992023 -1 0.51733 0.404541 0.28521 0.161267 0.0347173 -0.0923941 -0.218013 -0.340106 -0.456687 -0.565907 -0.665962 -0.755252 -0.832322 -0.895936 -0.945064 -0.978907 -0.99692 -0.998812 -0.984553 -0.954371 -0.908753 -0.848451 -0.774419 -0.687863
17.805 0.994421 0.972994 0.935833 0.883538 0.816956 0.737162 0.645448 0.543298 0.432362 0.314432 0.191416 0.0653128 -0.0618714 -0.188021 -0.311144 -0.429241 -0.540387 -0.642804 -0.73482 -0.814956 -0.881915 -0.934611 -0.972186 -0.994048 0.608159 0.502501 0.388716 0.268645 0.144231 0.0174849 -0.109546 -0.234805 -0.356253 -0.471968 -0.580034 -0.678726 -0.766434 -0.841753 -0.903462 -0.950558 -0.982282 -0.998124 -0.997824 -0.981388 -0.949079 -0.901431 -0.839199 -0.763395
17.855 0.999991 0.992455 0.968871 0.929618 0.875334 0.806893 0.725404 0.632187 0.528746 0.416752 0.298019 0.174474 0.0480823 -0.0790519 -0.204923 -0.327485 -0.444741 -0.554815 -0.655912 -0.746403 -0.824827 -0.889912 -0.940595 -0.976079 0.691636 0.594385 0.487522 0.372775 0.252002 0.127153 0.000245404 -0.126665 -0.251513 -0.372322 -0.487094 -0.593994 -0.69128 -0.777393 -0.850937 -0.910716 -0.955768 -0.985367 -0.999031 -0.996539 -0.97793 -0.943512 -0.893832 -0.829697
17.905 0.99347 0.999917 0.990194 0.964459 0.923128 0.866868 0.79659 0.713432 0.618737 0.514035 0.401018 0.281525 0.157455 0.0308725 -0.0962238 -0.221769 -0.343718 -0.460119 -0.569073 -0.668827 -0.757767 -0.834453 -0.897632 -0.946307 0.76675 0.679083 0.580434 0.472399 0.356725 0.235283 0.110034 -0.0169932 -0.143732 -0.268175 -0.388264 -0.50208 -0.607769 -0.703633 -0.788123 -0.859864 -0.917699 -0.960698 -0.988159 -0.999641 -0.994957 -0.974186 -0.937659 -0.885968
17.955 0.974937 0.995289 0.999546 0.987639 0.959761 0.916362 0.858145 0.786052 0.701248 0.605102 0.49917 0.385173 0.264923 0.140424 0.0136386 -0.113372 -0.238539 -0.359859 -0.475354 -0.583163 -0.681546 -0.768906 -0.843817 -0.905095 0.832595 0.755571 0.666328 0.56631 0.457135 0.340568 0.218492 0.0928838 -0.0342127 -0.160785 -0.28474 -0.404096 -0.516909 -0.621367 -0.715781 -0.798616 -0.868534 -0.924412 -0.96534 -0.990658 -0.999955 -0.993082 -0.970149 -0.931527
18.005 0.944618 0.978628 0.996812 0.998878 0.98479 0.954777 0.909324 0.849168 0.77528 0.688853 0.591286 0.484163 0.369189 0.248277 0.123336 -0.0036044 -0.130477 -0.255249 -0.375888 -0.49045 -0.597084 -0.694062 -0.779799 -0.85294 0.888372 0.822923 0.744166 0.653375 0.552019 0.441737 0.324309 0.201638 0.07572 -0.0514511 -0.177773 -0.301226 -0.419799 -0.531588 -0.634785 -0.727712 -0.808868 -0.876951 -0.930849 -0.969697 -0.992862 -0.99997 -0.990909 -0.965823
18.055 0.902877 0.950134 0.982027 0.99804 0.997913 0.981648 0.94951 0.902017 0.839938 0.764276 0.676253 0.5773 0.468991 0.353129 0.231542 0.106207 -0.0208363 -0.147552 -0.271877 -0.391806 -0.505403 -0.610827 -0.706353 -0.790472 0.933409 0.880326 0.813006 0.73254 0.640228 0.537564 0.426204 0.307954 0.184737 0.0585046 -0.0686572 -0.194715 -0.317614 -0.435382 -0.546114 -0.648009 -0.739423 -0.818887 -0.885105 -0.937012 -0.973766 -0.994769 -0.999689 -0.988442
18.105 0.85022 0.910154 0.955369 0.985135 0.99897 0.996651 0.978215 0.943961 0.894442 0.830458 0.753044 0.663458 0.563123 0.453711 0.336949 0.214734 0.0890559 -0.0380721 -0.164578 -0.288425 -0.407612 -0.520206 -0.624366 -0.718448 0.967161 0.927085 0.872018 0.802848 0.720697 0.626892 0.522947 0.410547 0.291521 0.167753 0.0412888 -0.0858489 -0.211589 -0.333912 -0.45084 -0.560472 -0.661038 -0.750922 -0.828659 -0.892998 -0.942897 -0.977541 -0.996383 -0.999111
18.155 0.787284 0.859169 0.917159 0.96032 0.98795 0.999604 0.995093 0.974491 0.938131 0.8866 0.82073 0.741593 0.650446 0.548807 0.438282 0.320665 0.197871 0.0718686 -0.0552905 -0.181557 -0.304892 -0.423296 -0.534831 -0.637736 0.989219 0.962636 0.920485 0.86345 0.792452 0.70864 0.613367 0.508176 0.39478 0.274973 0.150736 0.0240548 -0.103005 -0.228404 -0.350116 -0.466159 -0.574661 -0.673878 -0.762194 -0.838187 -0.900627 -0.948493 -0.981029 -0.9977
18.205 0.714829 0.797796 0.867862 0.923894 0.964984 0.990471 0.999941 0.99324 0.970478 0.932022 0.878493 0.810763 0.729906 0.637269 0.534316 0.422719 0.304295 0.18094 0.0546659 -0.0724945 -0.198486 -0.321269 -0.43883 -0.549315 0.999317 0.986547 0.957824 0.913612 0.854627 0.781821 0.696371 0.599661 0.493266 0.378869 0.25836 0.133668 0.00682367 -0.120136 -0.245158 -0.366209 -0.481335 -0.588686 -0.686513 -0.773242 -0.847469 -0.907978 -0.953815 -0.984226
18.255 0.633732 0.726778 0.808071 0.876297 0.930352 0.969363 0.992698 0.99998 0.991092 0.966176 0.925636 0.87013 0.80054 0.718025 0.62389 0.519662 0.407039 0.287824 0.163961 0.037445 -0.0896809 -0.215356 -0.337523 -0.454252 0.997333 0.998532 0.983583 0.952728 0.906468 0.845549 0.770956 0.683896 0.585788 0.478184 0.362861 0.241665 0.11657 -0.0104145 -0.137237 -0.261832 -0.382191 -0.496378 -0.602533 -0.698949 -0.784064 -0.856486 -0.915068 -0.958853
18.305 0.544972 0.646972 0.73851 0.818106 0.884472 0.936535 0.973453 0.99463 0.999722 0.988648 0.961586 0.918977 0.861495 0.7901 0.705921 0.610322 0.504862 0.391229 0.271275 0.146932 0.020209 -0.106841 -0.232136 -0.353697 0.983291 0.998443 0.997449 0.980326 0.94735 0.899054 0.836219 0.759862 0.671228 0.571717 0.462975 0.34674 0.224907 0.0994326 -0.0276556 -0.15429 -0.278425 -0.398067 -0.511268 -0.616205 -0.71118 -0.794638 -0.865258 -0.921886
18.355 0.449624 0.559345 0.66002 0.750024 0.827897 0.892384 0.942439 0.977254 0.996266 0.999168 0.985911 0.956713 0.912035 0.852623 0.779417 0.693603 0.59658 0.489903 0.375308 0.254642 0.129854 0.00296691 -0.123941 -0.248865 0.95736 0.986283 0.999256 0.996071 0.976778 0.941689 0.891373 0.826641 0.748552 0.658338 0.557491 0.447622 0.330525 0.208078 0.0822597 -0.0448815 -0.171293 -0.294944 -0.413821 -0.52601 -0.629697 -0.723182 -0.804987 -0.873774
18.405 0.348839 0.464955 0.573551 0.672873 0.761314 0.837444 0.900031 0.948063 0.980764 0.997606 0.998316 0.982882 0.951548 0.904837 0.843489 0.768498 0.681086 0.582654 0.474803 0.359274 0.23793 0.112739 -0.0142483 -0.141025 0.919855 0.962198 0.988982 0.999772 0.994396 0.972939 0.935749 0.883426 0.816826 0.737 0.645266 0.543093 0.432146 0.314207 0.19118 0.0650693 -0.06209 -0.188255 -0.311371 -0.429457 -0.540601 -0.642983 -0.734983 -0.815097
18.455 0.243837 0.364943 0.480147 0.587588 0.685525 0.772378 0.846741 0.907409 0.953405 0.983984 0.99865 0.997168 0.979556 0.946111 0.897363 0.834102 0.757358 0.66836 0.568559 0.459561 0.343129 0.221147 0.0956168 -0.0314793 0.871228 0.92648 0.96675 0.991387 0.999992 0.992426 0.968811 0.92953 0.875225 0.806751 0.725241 0.631998 0.528543 0.416537 0.29779 0.174233 0.0478636 -0.0792901 -0.205157 -0.32771 -0.444969 -0.55501 -0.656093 -0.746566
18.505 0.135887 0.260519 0.380938 0.495198 0.601448 0.697975 0.783213 0.855785 0.914519 0.958464 0.986911 0.999397 0.995721 0.975946 0.940388 0.889621 0.824472 0.745986 0.65544 0.554293 0.444179 0.326882 0.204326 0.0784468 0.812068 0.87956 0.93283 0.971015 0.993497 0.999914 0.990161 0.964396 0.923041 0.866748 0.796446 0.713261 0.618549 0.513831 0.400799 0.281291 0.157239 0.0306337 -0.0964616 -0.222002 -0.343957 -0.460326 -0.56927 -0.669008
18.555 0.0262937 0.152945 0.277123 0.396821 0.5101 0.615132 0.710216 0.793813 0.864575 0.921357 0.963239 0.989543 0.999847 0.993982 0.972043 0.934384 0.881619 0.814592 0.734396 0.642323 0.539859 0.428665 0.310565 0.187424 0.743089 0.822006 0.887631 0.938903 0.97499 0.995312 0.999538 0.987601 0.959697 0.916266 0.858023 0.785901 0.701077 0.604913 0.498962 0.384948 0.264712 0.140187 0.0133996 -0.113609 -0.238786 -0.360077 -0.475565 -0.583362
18.605 -0.0836174 0.0435221 0.169957 0.293646 0.412584 0.524852 0.628632 0.722245 0.804179 0.87311 0.927922 0.967726 0.991885 1 0.991946 0.96785 0.928106 0.87335 0.804473 0.722587 0.629012 0.525265 0.413048 0.294136 0.665126 0.754514 0.831701 0.895439 0.944696 0.978677 0.996831 0.998866 0.984751 0.954706 0.909225 0.849039 0.775129 0.688681 0.591092 0.48395 0.368986 0.248046 0.123099 -0.00384337 -0.130728 -0.255475 -0.37611 -0.490662
18.655 -0.192517 -0.066427 0.0607372 0.186921 0.31008 0.428227 0.539448 0.641943 0.734059 0.814306 0.881385 0.934208 0.971931 0.993928 0.999856 0.989615 0.963372 0.921548 0.864824 0.794114 0.71056 0.615514 0.510538 0.397291 0.579122 0.677899 0.765715 0.841149 0.90298 0.950209 0.982072 0.998055 0.997898 0.981602 0.949435 0.901912 0.839809 0.764123 0.676076 0.577101 0.468798 0.352905 0.23131 0.105969 -0.0210902 -0.147784 -0.272107 -0.39203
18.705 -0.29909 -0.175573 -0.0492174 0.0779359 0.203827 0.326424 0.443741 0.553881 0.655065 0.745657 0.824192 0.889395 0.940225 0.975838 0.995677 0.999414 0.98699 0.958605 0.914719 0.856041 0.783517 0.698322 0.601856 0.495643 0.486115 0.593089 0.690472 0.776689 0.850346 0.910252 0.95544 0.985176 0.99898 0.996631 0.978166 0.94388 0.894335 0.830326 0.752886 0.663275 0.562942 0.453498 0.336724 0.2145 0.0888029 -0.0383059 -0.164815 -0.288659
18.755 -0.402046 -0.282596 -0.158577 -0.0319914 0.0951095 0.220674 0.34267 0.459122 0.568151 0.667993 0.757034 0.833829 0.897152 0.945951 0.97946 0.99713 0.998676 0.984071 0.953555 0.907617 0.847001 0.772686 0.685896 0.588003 0.387232 0.501107 0.60688 0.702839 0.787431 0.859291 0.917255 0.960386 0.987984 0.999611 0.99507 0.974437 0.938048 0.88649 0.820593 0.74143 0.65028 0.548608 0.438067 0.320438 0.197622 0.0716352 -0.0555301 -0.181797
18.805 -0.500142 -0.386203 -0.266019 -0.141532 -0.0147579 0.112257 0.237455 0.358812 0.474367 0.582253 0.680724 0.768181 0.843232 0.904626 0.9514 0.982791 0.998287 0.99764 0.980861 0.94822 0.900244 0.837709 0.761644 0.673253 0.283666 0.403067 0.515951 0.620491 0.714996 0.79794 0.867981 0.923985 0.965043 0.990504 0.999943 0.993212 0.97042 0.931936 0.878379 0.81062 0.729756 0.637084 0.534114 0.422502 0.304053 0.18071 0.0544263 -0.0727378
18.855 -0.59219 -0.48514 -0.370245 -0.249361 -0.124447 0.00248202 0.12937 0.254163 0.374848 0.489473 0.596183 0.693246 0.779116 0.852364 0.911838 0.956569 0.985828 0.999147 0.996309 0.977359 0.942603 0.892603 0.828183 0.750363 0.176671 0.300154 0.418784 0.530641 0.633917 0.726941 0.808212 0.876412 0.930435 0.969422 0.992727 0.999978 0.99106 0.966115 0.925545 0.87001 0.800409 0.717859 0.623703 0.519458 0.406807 0.2876 0.163725 0.0372012
18.905 -0.677079 -0.578212 -0.469995 -0.354176 -0.232631 -0.107323 0.0197202 0.146442 0.270797 0.390775 0.504434 0.60993 0.705581 0.789797 0.861252 0.918782 0.96145 0.988574 0.999711 0.994681 0.973565 0.936705 0.884709 0.818401 0.06754 0.193612 0.316553 0.434375 0.545173 0.647154 0.738672 0.818244 0.884577 0.936619 0.973508 0.994655 0.999717 0.988613 0.96152 0.918881 0.861384 0.789954 0.705751 0.610133 0.504642 0.391013 0.271044 0.14669
18.955 -0.753782 -0.664293 -0.564062 -0.454708 -0.338003 -0.21583 -0.0901678 0.0369505 0.163472 0.287352 0.406587 0.519239 0.623515 0.71768 0.800252 0.869886 0.925448 0.966049 0.991025 0.999977 0.992757 0.969482 0.930539 0.876544 -0.0424077 0.0847286 0.210495 0.332858 0.449837 0.559542 0.660201 0.750182 0.828024 0.892492 0.942519 0.977306 0.996287 0.999158 0.985871 0.956642 0.911945 0.852498 0.779267 0.693431 0.596377 0.489699 0.375085 0.254406
19.005 -0.821371 -0.742342 -0.651309 -0.549743 -0.439288 -0.321728 -0.198966 -0.072988 0.0541708 0.180456 0.303823 0.42227 0.533911 0.636887 0.729578 0.810473 0.878257 0.931843 0.970358 0.993182 0.999946 0.990538 0.965118 0.92409 -0.151843 -0.0251789 0.101893 0.227316 0.349063 0.465166 0.573747 0.67305 0.761459 0.837575 0.900135 0.94814 0.980811 0.997623 0.998302 0.982837 0.951481 0.904735 0.843361 0.768345 0.6809 0.582464 0.474592 0.359046
19.055 -0.879029 -0.811416 -0.730682 -0.638131 -0.535262 -0.423736 -0.305358 -0.182044 -0.0557856 0.071377 0.197386 0.320196 0.437852 0.548394 0.650082 0.741261 0.820447 0.886372 0.937959 0.97438 0.995045 0.999617 0.988028 0.960462 -0.259442 -0.134782 -0.00794203 0.119026 0.244069 0.365165 0.480357 0.587781 0.685689 0.772531 0.846867 0.907512 0.953477 0.984026 0.998663 0.997149 0.979512 0.946034 0.897258 0.83397 0.757192 0.668186 0.568361 0.459345
19.105 -0.92606 -0.87068 -0.801221 -0.718804 -0.624764 -0.52062 -0.408058 -0.288899 -0.165068 -0.0385646 0.088563 0.214251 0.336498 0.45327 0.562726 0.663087 0.752718 0.830183 0.89422 0.943797 0.978113 0.996611 0.998993 0.985223 -0.363904 -0.242755 -0.117681 0.00929718 0.136124 0.260749 0.38116 0.495405 0.601628 0.698146 0.783361 0.855911 0.914615 0.958532 0.986949 0.999405 0.995701 0.975894 0.940307 0.889512 0.824329 0.74583 0.655258 0.55409
19.155 -0.961894 -0.919417 -0.862072 -0.790786 -0.706713 -0.611211 -0.505825 -0.392261 -0.272354 -0.14804 -0.0213311 0.105715 0.231076 0.352666 0.468567 0.576896 0.675888 0.763958 0.839669 0.901804 0.949356 0.981556 0.99788 0.998072 -0.463967 -0.347794 -0.225996 -0.100544 0.0265326 0.153181 0.277353 0.39704 0.510293 0.615321 0.710383 0.793962 0.864695 0.921449 0.963304 0.989578 0.999851 0.993956 0.971987 0.934299 0.881499 0.814456 0.734233 0.642136
19.205 -0.986098 -0.957037 -0.912501 -0.853207 -0.780117 -0.694411 -0.597476 -0.490881 -0.376347 -0.255725 -0.130967 -0.00409929 0.122861 0.247798 0.368743 0.48373 0.590886 0.688496 0.774966 0.848907 0.909121 0.954633 0.984701 0.998853 -0.55842 -0.448628 -0.33158 -0.20917 -0.0833792 0.0437602 0.170194 0.293874 0.412789 0.525056 0.628817 0.722413 0.804321 0.873225 0.928011 0.967787 0.991913 1 0.991916 0.96779 0.928011 0.873236 0.804331 0.722418
19.255 -0.99838 -0.983087 -0.951897 -0.905313 -0.84409 -0.769216 -0.681903 -0.583565 -0.47579 -0.360319 -0.23902 -0.113864 0.0131599 0.139934 0.264461 0.384716 0.498741 0.604709 0.700894 0.785746 0.857894 0.916168 0.959617 0.987558 -0.646122 -0.544037 -0.433154 -0.315267 -0.192283 -0.0661893 0.0609767 0.187156 0.310294 0.428444 0.539648 0.64213 0.734222 0.814444 0.881498 0.934295 0.971982 0.993954 0.999852 0.98958 0.963304 0.921457 0.864704 0.793966
19.305 -0.998591 -0.997251 -0.979784 -0.946473 -0.897857 -0.83472 -0.758086 -0.669195 -0.569481 -0.460556 -0.344183 -0.222251 -0.0967002 0.0303779 0.156981 0.28105 0.400565 0.513612 0.618347 0.713085 0.796295 0.866626 0.922931 0.964323 -0.726011 -0.632869 -0.529492 -0.417553 -0.298862 -0.175339 -0.0489777 0.0781742 0.204047 0.326651 0.443954 0.554084 0.655245 0.745815 0.824328 0.889506 0.940299 0.97589 0.995699 0.999406 0.98695 0.958538 0.914622 0.855914
19.355 -0.986729 -0.999358 -0.995826 -0.97619 -0.940768 -0.890133 -0.825104 -0.746733 -0.656286 -0.555225 -0.445184 -0.327952 -0.205391 -0.0795452 0.047603 0.173986 0.297546 0.416304 0.528325 0.631803 0.725068 0.806606 0.875087 0.929429 -0.797123 -0.714049 -0.619428 -0.51479 -0.401828 -0.282368 -0.15834 -0.0317525 0.0953332 0.220908 0.342893 0.459339 0.568347 0.66817 0.757191 0.833963 0.897248 0.946028 0.979508 0.997148 0.998663 0.98403 0.953482 0.907515
19.405 -0.962937 -0.989382 -0.999827 -0.994104 -0.972305 -0.934783 -0.882145 -0.815243 -0.735157 -0.643181 -0.540804 -0.429688 -0.311599 -0.188507 -0.0623504 0.0648189 0.19093 0.313964 0.431914 0.542883 0.645075 0.736835 0.816662 0.883298 -0.858597 -0.786596 -0.701874 -0.605802 -0.499935 -0.385983 -0.265788 -0.141295 -0.0145332 0.112495 0.237686 0.359039 0.474577 0.582446 0.6809 0.768338 0.843349 0.904728 0.951474 0.982835 0.998302 0.997624 0.980814 0.948143
19.455 -0.927503 -0.967444 -0.99174 -0.999999 -0.992087 -0.968132 -0.928521 -0.873896 -0.805139 -0.723361 -0.629884 -0.526228 -0.414039 -0.295189 -0.17155 -0.0451321 0.0820056 0.207827 0.330282 0.447398 0.557282 0.658154 0.748364 0.826487 -0.909691 -0.849633 -0.775835 -0.689491 -0.591998 -0.484932 -0.370022 -0.24913 -0.124224 0.00272199 0.129606 0.254399 0.37507 0.48968 0.596376 0.693422 0.779253 0.852489 0.911936 0.956639 0.985871 0.999157 0.996288 0.977307
19.505 -0.880854 -0.933809 -0.971662 -0.993804 -0.999874 -0.989775 -0.963671 -0.921983 -0.865387 -0.794795 -0.711349 -0.616406 -0.511474 -0.398302 -0.278675 -0.154538 -0.0279104 0.0991779 0.224657 0.346504 0.462752 0.571516 0.671017 0.759684 -0.949786 -0.902397 -0.840415 -0.764843 -0.676903 -0.578017 -0.469783 -0.353952 -0.232413 -0.107084 0.0199581 0.146684 0.271027 0.390993 0.504641 0.610123 0.705736 0.789943 0.861373 0.918876 0.96152 0.988609 0.999716 0.994656
19.555 -0.823556 -0.888884 -0.939837 -0.975593 -0.995572 -0.999452 -0.987169 -0.958924 -0.915172 -0.856619 -0.784214 -0.699132 -0.602724 -0.4966 -0.382432 -0.262075 -0.137489 -0.0106704 0.116315 0.241421 0.362627 0.477969 0.585558 0.683696 -0.978398 -0.944251 -0.894835 -0.830948 -0.753625 -0.664115 -0.563864 -0.454495 -0.337792 -0.215596 -0.0899308 0.0371943 0.163708 0.287579 0.406806 0.519447 0.623686 0.717847 0.800396 0.870004 0.925544 0.966109 0.991057 0.999978
19.605 -0.756301 -0.833212 -0.896649 -0.945587 -0.979233 -0.997045 -0.998733 -0.98427 -0.953892 -0.908087 -0.847597 -0.773405 -0.686688 -0.588893 -0.481564 -0.366443 -0.245405 -0.12039 0.00656676 0.133419 0.258118 0.378642 0.493018 0.599441 -0.99518 -0.974689 -0.938435 -0.887007 -0.821234 -0.742182 -0.651127 -0.549543 -0.439086 -0.3215 -0.198732 -0.0727447 0.0544094 0.180689 0.304052 0.422491 0.534095 0.637071 0.729741 0.810613 0.878378 0.931928 0.970416 0.993211
19.655 -0.679901 -0.767466 -0.84262 -0.904148 -0.951055 -0.982583 -0.998221 -0.997717 -0.981079 -0.948575 -0.900732 -0.838327 -0.762349 -0.674067 -0.574874 -0.466381 -0.350355 -0.228654 -0.103261 0.023804 0.150488 0.274738 0.394519 0.507939 -0.999931 -0.993342 -0.97069 -0.932341 -0.878915 -0.811277 -0.730518 -0.637947 -0.535072 -0.423518 -0.305131 -0.181804 -0.055547 0.0716133 0.197622 0.320427 0.438048 0.548593 0.650263 0.741422 0.820592 0.88648 0.938043 0.974435
19.705 -0.595282 -0.692441 -0.778403 -0.851778 -0.911378 -0.956241 -0.98564 -0.9991 -0.996404 -0.977595 -0.942977 -0.893113 -0.828793 -0.751091 -0.661234 -0.56068 -0.451068 -0.334153 -0.21184 -0.0860989 0.0410381 0.167512 0.291249 0.410296 -0.992591 -0.999985 -0.991208 -0.966403 -0.925969 -0.870563 -0.801077 -0.718638 -0.624589 -0.520415 -0.407841 -0.288666 -0.164832 -0.0383278 0.088802 0.214489 0.336703 0.453483 0.562924 0.663266 0.752885 0.830314 0.894327 0.943878
19.755 -0.503465 -0.609044 -0.704775 -0.78911 -0.860682 -0.918338 -0.961143 -0.988404 -0.999683 -0.994796 -0.973821 -0.937101 -0.885216 -0.819033 -0.739599 -0.6482 -0.546328 -0.435612 -0.317857 -0.194961 -0.0689076 0.0582601 0.184458 0.307693 -0.973251 -0.994538 -0.999743 -0.98878 -0.961828 -0.919323 -0.86195 -0.79064 -0.706554 -0.611021 -0.50562 -0.392037 -0.272124 -0.147806 -0.0210912 0.105957 0.231288 0.352889 0.468779 0.577091 0.676075 0.764109 0.839799 0.901909
19.805 -0.405561 -0.518284 -0.622626 -0.716901 -0.799581 -0.869332 -0.925025 -0.965758 -0.990875 -0.999968 -0.992891 -0.969759 -0.930937 -0.877074 -0.809022 -0.727884 -0.634982 -0.531805 -0.420032 -0.301466 -0.17802 -0.0516957 0.0754365 0.201369 -0.942144 -0.977067 -0.99619 -0.999203 -0.986058 -0.956968 -0.912403 -0.853082 -0.779977 -0.694238 -0.597285 -0.490668 -0.376126 -0.255496 -0.130729 -0.00385532 0.123077 0.248029 0.368965 0.483939 0.591091 0.688665 0.775118 0.849036
19.855 -0.302754 -0.421258 -0.532949 -0.636024 -0.728812 -0.809815 -0.877723 -0.931435 -0.970087 -0.993051 -0.999957 -0.990693 -0.965402 -0.92451 -0.868663 -0.798767 -0.715959 -0.621567 -0.517128 -0.404326 -0.28498 -0.161027 -0.0344969 0.0926104 -0.899646 -0.947782 -0.980592 -0.997545 -0.998366 -0.983043 -0.951823 -0.905211 -0.843969 -0.769062 -0.681729 -0.583367 -0.47558 -0.360098 -0.238787 -0.113621 0.0133777 0.14017 0.264691 0.384937 0.498961 0.604895 0.701065 0.785897
19.905 -0.196286 -0.319138 -0.436829 -0.547457 -0.649231 -0.740507 -0.819808 -0.885851 -0.93757 -0.974128 -0.994933 -0.999648 -0.988196 -0.960769 -0.917802 -0.859992 -0.78828 -0.703815 -0.607973 -0.502297 -0.388495 -0.26841 -0.144013 -0.0172678 -0.846271 -0.907039 -0.953139 -0.983826 -0.998604 -0.997233 -0.979736 -0.946396 -0.897758 -0.834588 -0.757931 -0.669013 -0.569284 -0.460346 -0.343958 -0.222014 -0.0964835 0.0306167 0.157217 0.281279 0.400798 0.513812 0.618536 0.713256
19.955 -0.0874449 -0.21316 -0.335427 -0.452272 -0.561801 -0.662247 -0.751983 -0.829557 -0.893717 -0.943426 -0.977879 -0.996517 -0.999041 -0.985411 -0.955845 -0.91082 -0.851071 -0.777553 -0.691466 -0.594195 -0.487313 -0.372549 -0.251788 -0.126937 -0.782664 -0.855329 -0.914162 -0.958213 -0.986768 -0.999366 -0.995804 -0.976138 -0.940692 -0.890024 -0.824969 -0.74657 -0.656106 -0.555028 -0.44497 -0.327722 -0.205178 -0.079307 0.0478417 0.174222 0.297789 0.416517 0.528528 0.631992
