10.005 50 50 50 50 50 50 50 50 50 50 50 50 50 50 50 50 50 50 50 50 50 50 50 50 50 50 50 50 50 50 50 50 50 50 50 50 50 50 50 50 50 50 50 50 50 50 50 50
10.055 50.25 50.25 50.25 50.25 50.25 50.25 50.25 50.25 50.25 50.25 50.25 50.25 50.25 50.25 50.25 50.25 50.25 50.25 50.25 50.25 50.25 50.25 50.25 50.25 50.25 50.25 50.25 50.25 50.25 50.25 50.25 50.25 50.25 50.25 50.25 50.25 50.25 50.25 50.25 50.25 50.25 50.25 50.25 50.25 50.25 50.25 50.25 50.25
10.105 50.5 50.5 50.5 50.5 50.5 50.5 50.5 50.5 50.5 50.5 50.5 50.5 50.5 50.5 50.5 50.5 50.5 50.5 50.5 50.5 50.5 50.5 50.5 50.5 50.5 50.5 50.5 50.5 50.5 50.5 50.5 50.5 50.5 50.5 50.5 50.5 50.5 50.5 50.5 50.5 50.5 50.5 50.5 50.5 50.5 50.5 50.5 50.5
10.155 50.75 50.75 50.75 50.75 50.75 50.75 50.75 50.75 50.75 50.75 50.75 50.75 50.75 50.75 50.75 50.75 50.75 50.75 50.75 50.75 50.75 50.75 50.75 50.75 50.75 50.75 50.75 50.75 50.75 50.75 50.75 50.75 50.75 50.75 50.75 50.75 50.75 50.75 50.75 50.75 50.75 50.75 50.75 50.75 50.75 50.75 50.75 50.75
10.205 51 51 51 51 51 51 51 51 51 51 51 51 51 51 51 51 51 51 51 51 51 51 51 51 51 51 51 51 51 51 51 51 51 51 51 51 51 51 51 51 51 51 51 51 51 51 51 51
10.255 51.25 51.25 51.25 51.25 51.25 51.25 51.25 51.25 51.25 51.25 51.25 51.25 51.25 51.25 51.25 51.25 51.25 51.25 51.25 51.25 51.25 51.25 51.25 51.25 51.25 51.25 51.25 51.25 51.25 51.25 51.25 51.25 51.25 51.25 51.25 51.25 51.25 51.25 51.25 51.25 51.25 51.25 51.25 51.25 51.25 51.25 51.25 51.25
10.305 51.5 51.5 51.5 51.5 51.5 51.5 51.5 51.5 51.5 51.5 51.5 51.5 51.5 51.5 51.5 51.5 51.5 51.5 51.5 51.5 51.5 51.5 51.5 51.5 51.5 51.5 51.5 51.5 51.5 51.5 51.5 51.5 51.5 51.5 51.5 51.5 51.5 51.5 51.5 51.5 51.5 51.5 51.5 51.5 51.5 51.5 51.5 51.5
10.355 51.75 51.75 51.75 51.75 51.75 51.75 51.75 51.75 51.75 51.75 51.75 51.75 51.75 51.75 51.75 51.75 51.75 51.75 51.75 51.75 51.75 51.75 51.75 51.75 51.75 51.75 51.75 51.75 51.75 51.75 51.75 51.75 51.75 51.75 51.75 51.75 51.75 51.75 51.75 51.75 51.75 51.75 51.75 51.75 51.75 51.75 51.75 51.75
10.405 52 52 52 52 52 52 52 52 52 52 52 52 52 52 52 52 52 52 52 52 52 52 52 52 52 52 52 52 52 52 52 52 52 52 52 52 52 52 52 52 52 52 52 52 52 52 52 52
10.455 52.25 52.25 52.25 52.25 52.25 52.25 52.25 52.25 52.25 52.25 52.25 52.25 52.25 52.25 52.25 52.25 52.25 52.25 52.25 52.25 52.25 52.25 52.25 52.25 52.25 52.25 52.25 52.25 52.25 52.25 52.25 52.25 52.25 52.25 52.25 52.25 52.25 52.25 52.25 52.25 52.25 52.25 52.25 52.25 52.25 52.25 52.25 52.25
10.505 52.5 52.5 52.5 52.5 52.5 52.5 52.5 52.5 52.5 52.5 52.5 52.5 52.5 52.5 52.5 52.5 52.5 52.5 52.5 52.5 52.5 52.5 52.5 52.5 52.5 52.5 52.5 52.5 52.5 52.5 52.5 52.5 52.5 52.5 52.5 52.5 52.5 52.5 52.5 52.5 52.5 52.5 52.5 52.5 52.5 52.5 52.5 52.5
10.555 52.75 52.75 52.75 52.75 52.75 52.75 52.75 52.75 52.75 52.75 52.75 52.75 52.75 52.75 52.75 52.75 52.75 52.75 52.75 52.75 52.75 52.75 52.75 52.75 52.75 52.75 52.75 52.75 52.75 52.75 52.75 52.75 52.75 52.75 52.75 52.75 52.75 52.75 52.75 52.75 52.75 52.75 52.75 52.75 52.75 52.75 52.75 52.75
10.605 53 53 53 53 53 53 53 53 53 53 53 53 53 53 53 53 53 53 53 53 53 53 53 53 53 53 53 53 53 53 53 53 53 53 53 53 53 53 53 53 53 53 53 53 53 53 53 53
10.655 53.25 53.25 53.25 53.25 53.25 53.25 53.25 53.25 53.25 53.25 53.25 53.25 53.25 53.25 53.25 53.25 53.25 53.25 53.25 53.25 53.25 53.25 53.25 53.25 53.25 53.25 53.25 53.25 53.25 53.25 53.25 53.25 53.25 53.25 53.25 53.25 53.25 53.25 53.25 53.25 53.25 53.25 53.25 53.25 53.25 53.25 53.25 53.25
10.705 53.5 53.5 53.5 53.5 53.5 53.5 53.5 53.5 53.5 53.5 53.5 53.5 53.5 53.5 53.5 53.5 53.5 53.5 53.5 53.5 53.5 53.5 53.5 53.5 53.5 53.5 53.5 53.5 53.5 53.5 53.5 53.5 53.5 53.5 53.5 53.5 53.5 53.5 53.5 53.5 53.5 53.5 53.5 53.5 53.5 53.5 53.5 53.5
10.755 53.75 53.75 53.75 53.75 53.75 53.75 53.75 53.75 53.75 53.75 53.75 53.75 53.75 53.75 53.75 53.75 53.75 53.75 53.75 53.75 53.75 53.75 53.75 53.75 53.75 53.75 53.75 53.75 53.75 53.75 53.75 53.75 53.75 53.75 53.75 53.75 53.75 53.75 53.75 53.75 53.75 53.75 53.75 53.75 53.75 53.75 53.75 53.75
10.805 54 54 54 54 54 54 54 54 54 54 54 54 54 54 54 54 54 54 54 54 54 54 54 54 54 54 54 54 54 54 54 54 54 54 54 54 54 54 54 54 54 54 54 54 54 54 54 54
10.855 54.25 54.25 54.25 54.25 54.25 54.25 54.25 54.25 54.25 54.25 54.25 54.25 54.25 54.25 54.25 54.25 54.25 54.25 54.25 54.25 54.25 54.25 54.25 54.25 54.25 54.25 54.25 54.25 54.25 54.25 54.25 54.25 54.25 54.25 54.25 54.25 54.25 54.25 54.25 54.25 54.25 54.25 54.25 54.25 54.25 54.25 54.25 54.25
10.905 54.5 54.5 54.5 54.5 54.5 54.5 54.5 54.5 54.5 54.5 54.5 54.5 54.5 54.5 54.5 54.5 54.5 54.5 54.5 54.5 54.5 54.5 54.5 54.5 54.5 54.5 54.5 54.5 54.5 54.5 54.5 54.5 54.5 54.5 54.5 54.5 54.5 54.5 54.5 54.5 54.5 54.5 54.5 54.5 54.5 54.5 54.5 54.5
10.955 54.75 54.75 54.75 54.75 54.75 54.75 54.75 54.75 54.75 54.75 54.75 54.75 54.75 54.75 54.75 54.75 54.75 54.75 54.75 54.75 54.75 54.75 54.75 54.75 54.75 54.75 54.75 54.75 54.75 54.75 54.75 54.75 54.75 54.75 54.75 54.75 54.75 54.75 54.75 54.75 54.75 54.75 54.75 54.75 54.75 54.75 54.75 54.75
11.005 55 55 55 55 55 55 55 55 55 55 55 55 55 55 55 55 55 55 55 55 55 55 55 55 55 55 55 55 55 55 55 55 55 55 55 55 55 55 55 55 55 55 55 55 55 55 55 55
11.055 55.25 55.25 55.25 55.25 55.25 55.25 55.25 55.25 55.25 55.25 55.25 55.25 55.25 55.25 55.25 55.25 55.25 55.25 55.25 55.25 55.25 55.25 55.25 55.25 55.25 55.25 55.25 55.25 55.25 55.25 55.25 55.25 55.25 55.25 55.25 55.25 55.25 55.25 55.25 55.25 55.25 55.25 55.25 55.25 55.25 55.25 55.25 55.25
11.105 55.5 55.5 55.5 55.5 55.5 55.5 55.5 55.5 55.5 55.5 55.5 55.5 55.5 55.5 55.5 55.5 55.5 55.5 55.5 55.5 55.5 55.5 55.5 55.5 55.5 55.5 55.5 55.5 55.5 55.5 55.5 55.5 55.5 55.5 55.5 55.5 55.5 55.5 55.5 55.5 55.5 55.5 55.5 55.5 55.5 55.5 55.5 55.5
11.155 55.75 55.75 55.75 55.75 55.75 55.75 55.75 55.75 55.75 55.75 55.75 55.75 55.75 55.75 55.75 55.75 55.75 55.75 55.75 55.75 55.75 55.75 55.75 55.75 55.75 55.75 55.75 55.75 55.75 55.75 55.75 55.75 55.75 55.75 55.75 55.75 55.75 55.75 55.75 55.75 55.75 55.75 55.75 55.75 55.75 55.75 55.75 55.75
11.205 56 56 56 56 56 56 56 56 56 56 56 56 56 56 56 56 56 56 56 56 56 56 56 56 56 56 56 56 56 56 56 56 56 56 56 56 56 56 56 56 56 56 56 56 56 56 56 56
11.255 56.25 56.25 56.25 56.25 56.25 56.25 56.25 56.25 56.25 56.25 56.25 56.25 56.25 56.25 56.25 56.25 56.25 56.25 56.25 56.25 56.25 56.25 56.25 56.25 56.25 56.25 56.25 56.25 56.25 56.25 56.25 56.25 56.25 56.25 56.25 56.25 56.25 56.25 56.25 56.25 56.25 56.25 56.25 56.25 56.25 56.25 56.25 56.25
11.305 56.5 56.5 56.5 56.5 56.5 56.5 56.5 56.5 56.5 56.5 56.5 56.5 56.5 56.5 56.5 56.5 56.5 56.5 56.5 56.5 56.5 56.5 56.5 56.5 56.5 56.5 56.5 56.5 56.5 56.5 56.5 56.5 56.5 56.5 56.5 56.5 56.5 56.5 56.5 56.5 56.5 56.5 56.5 56.5 56.5 56.5 56.5 56.5
11.355 56.75 56.75 56.75 56.75 56.75 56.75 56.75 56.75 56.75 56.75 56.75 56.75 56.75 56.75 56.75 56.75 56.75 56.75 56.75 56.75 56.75 56.75 56.75 56.75 56.75 56.75 56.75 56.75 56.75 56.75 56.75 56.75 56.75 56.75 56.75 56.75 56.75 56.75 56.75 56.75 56.75 56.75 56.75 56.75 56.75 56.75 56.75 56.75
11.405 57 57 57 57 57 57 57 57 57 57 57 57 57 57 57 57 57 57 57 57 57 57 57 57 57 57 57 57 57 57 57 57 57 57 57 57 57 57 57 57 57 57 57 57 57 57 57 57
11.455 57.25 57.25 57.25 57.25 57.25 57.25 57.25 57.25 57.25 57.25 57.25 57.25 57.25 57.25 57.25 57.25 57.25 57.25 57.25 57.25 57.25 57.25 57.25 57.25 57.25 57.25 57.25 57.25 57.25 57.25 57.25 57.25 57.25 57.25 57.25 57.25 57.25 57.25 57.25 57.25 57.25 57.25 57.25 57.25 57.25 57.25 57.25 57.25
11.505 57.5 57.5 57.5 57.5 57.5 57.5 57.5 57.5 57.5 57.5 57.5 57.5 57.5 57.5 57.5 57.5 57.5 57.5 57.5 57.5 57.5 57.5 57.5 57.5 57.5 57.5 57.5 57.5 57.5 57.5 57.5 57.5 57.5 57.5 57.5 57.5 57.5 57.5 57.5 57.5 57.5 57.5 57.5 57.5 57.5 57.5 57.5 57.5
11.555 57.75 57.75 57.75 57.75 57.75 57.75 57.75 57.75 57.75 57.75 57.75 57.75 57.75 57.75 57.75 57.75 57.75 57.75 57.75 57.75 57.75 57.75 57.75 57.75 57.75 57.75 57.75 57.75 57.75 57.75 57.75 57.75 57.75 57.75 57.75 57.75 57.75 57.75 57.75 57.75 57.75 57.75 57.75 57.75 57.75 57.75 57.75 57.75
11.605 58 58 58 58 58 58 58 58 58 58 58 58 58 58 58 58 58 58 58 58 58 58 58 58 58 58 58 58 58 58 58 58 58 58 58 58 58 58 58 58 58 58 58 58 58 58 58 58
11.655 58.25 58.25 58.25 58.25 58.25 58.25 58.25 58.25 58.25 58.25 58.25 58.25 58.25 58.25 58.25 58.25 58.25 58.25 58.25 58.25 58.25 58.25 58.25 58.25 58.25 58.25 58.25 58.25 58.25 58.25 58.25 58.25 58.25 58.25 58.25 58.25 58.25 58.25 58.25 58.25 58.25 58.25 58.25 58.25 58.25 58.25 58.25 58.25
11.705 58.5 58.5 58.5 58.5 58.5 58.5 58.5 58.5 58.5 58.5 58.5 58.5 58.5 58.5 58.5 58.5 58.5 58.5 58.5 58.5 58.5 58.5 58.5 58.5 58.5 58.5 58.5 58.5 58.5 58.5 58.5 58.5 58.5 58.5 58.5 58.5 58.5 58.5 58.5 58.5 58.5 58.5 58.5 58.5 58.5 58.5 58.5 58.5
11.755 58.75 58.75 58.75 58.75 58.75 58.75 58.75 58.75 58.75 58.75 58.75 58.75 58.75 58.75 58.75 58.75 58.75 58.75 58.75 58.75 58.75 58.75 58.75 58.75 58.75 58.75 58.75 58.75 58.75 58.75 58.75 58.75 58.75 58.75 58.75 58.75 58.75 58.75 58.75 58.75 58.75 58.75 58.75 58.75 58.75 58.75 58.75 58.75
11.805 59 59 59 59 59 59 59 59 59 59 59 59 59 59 59 59 59 59 59 59 59 59 59 59 59 59 59 59 59 59 59 59 59 59 59 59 59 59 59 59 59 59 59 59 59 59 59 59
11.855 59.25 59.25 59.25 59.25 59.25 59.25 59.25 59.25 59.25 59.25 59.25 59.25 59.25 59.25 59.25 59.25 59.25 59.25 59.25 59.25 59.25 59.25 59.25 59.25 59.25 59.25 59.25 59.25 59.25 59.25 59.25 59.25 59.25 59.25 59.25 59.25 59.25 59.25 59.25 59.25 59.25 59.25 59.25 59.25 59.25 59.25 59.25 59.25
11.905 59.5 59.5 59.5 59.5 59.5 59.5 59.5 59.5 59.5 59.5 59.5 59.5 59.5 59.5 59.5 59.5 59.5 59.5 59.5 59.5 59.5 59.5 59.5 59.5 59.5 59.5 59.5 59.5 59.5 59.5 59.5 59.5 59.5 59.5 59.5 59.5 59.5 59.5 59.5 59.5 59.5 59.5 59.5 59.5 59.5 59.5 59.5 59.5
11.955 59.75 59.75 59.75 59.75 59.75 59.75 59.75 59.75 59.75 59.75 59.75 59.75 59.75 59.75 59.75 59.75 59.75 59.75 59.75 59.75 59.75 59.75 59.75 59.75 59.75 59.75 59.75 59.75 59.75 59.75 59.75 59.75 59.75 59.75 59.75 59.75 59.75 59.75 59.75 59.75 59.75 59.75 59.75 59.75 59.75 59.75 59.75 59.75
12.005 60 60 60 60 60 60 60 60 60 60 60 60 60 60 60 60 60 60 60 60 60 60 60 60 60 60 60 60 60 60 60 60 60 60 60 60 60 60 60 60 60 60 60 60 60 60 60 60
12.055 60.25 60.25 60.25 60.25 60.25 60.25 60.25 60.25 60.25 60.25 60.25 60.25 60.25 60.25 60.25 60.25 60.25 60.25 60.25 60.25 60.25 60.25 60.25 60.25 60.25 60.25 60.25 60.25 60.25 60.25 60.25 60.25 60.25 60.25 60.25 60.25 60.25 60.25 60.25 60.25 60.25 60.25 60.25 60.25 60.25 60.25 60.25 60.25
12.105 60.5 60.5 60.5 60.5 60.5 60.5 60.5 60.5 60.5 60.5 60.5 60.5 60.5 60.5 60.5 60.5 60.5 60.5 60.5 60.5 60.5 60.5 60.5 60.5 60.5 60.5 60.5 60.5 60.5 60.5 60.5 60.5 60.5 60.5 60.5 60.5 60.5 60.5 60.5 60.5 60.5 60.5 60.5 60.5 60.5 60.5 60.5 60.5
12.155 60.75 60.75 60.75 60.75 60.75 60.75 60.75 60.75 60.75 60.75 60.75 60.75 60.75 60.75 60.75 60.75 60.75 60.75 60.75 60.75 60.75 60.75 60.75 60.75 60.75 60.75 60.75 60.75 60.75 60.75 60.75 60.75 60.75 60.75 60.75 60.75 60.75 60.75 60.75 60.75 60.75 60.75 60.75 60.75 60.75 60.75 60.75 60.75
12.205 61 61 61 61 61 61 61 61 61 61 61 61 61 61 61 61 61 61 61 61 61 61 61 61 61 61 61 61 61 61 61 61 61 61 61 61 61 61 61 61 61 61 61 61 61 61 61 61
12.255 61.25 61.25 61.25 61.25 61.25 61.25 61.25 61.25 61.25 61.25 61.25 61.25 61.25 61.25 61.25 61.25 61.25 61.25 61.25 61.25 61.25 61.25 61.25 61.25 61.25 61.25 61.25 61.25 61.25 61.25 61.25 61.25 61.25 61.25 61.25 61.25 61.25 61.25 61.25 61.25 61.25 61.25 61.25 61.25 61.25 61.25 61.25 61.25
12.305 61.5 61.5 61.5 61.5 61.5 61.5 61.5 61.5 61.5 61.5 61.5 61.5 61.5 61.5 61.5 61.5 61.5 61.5 61.5 61.5 61.5 61.5 61.5 61.5 61.5 61.5 61.5 61.5 61.5 61.5 61.5 61.5 61.5 61.5 61.5 61.5 61.5 61.5 61.5 61.5 61.5 61.5 61.5 61.5 61.5 61.5 61.5 61.5
12.355 61.75 61.75 61.75 61.75 61.75 61.75 61.75 61.75 61.75 61.75 61.75 61.75 61.75 61.75 61.75 61.75 61.75 61.75 61.75 61.75 61.75 61.75 61.75 61.75 61.75 61.75 61.75 61.75 61.75 61.75 61.75 61.75 61.75 61.75 61.75 61.75 61.75 61.75 61.75 61.75 61.75 61.75 61.75 61.75 61.75 61.75 61.75 61.75
12.405 62 62 62 62 62 62 62 62 62 62 62 62 62 62 62 62 62 62 62 62 62 62 62 62 62 62 62 62 62 62 62 62 62 62 62 62 62 62 62 62 62 62 62 62 62 62 62 62
12.455 62.25 62.25 62.25 62.25 62.25 62.25 62.25 62.25 62.25 62.25 62.25 62.25 62.25 62.25 62.25 62.25 62.25 62.25 62.25 62.25 62.25 62.25 62.25 62.25 62.25 62.25 62.25 62.25 62.25 62.25 62.25 62.25 62.25 62.25 62.25 62.25 62.25 62.25 62.25 62.25 62.25 62.25 62.25 62.25 62.25 62.25 62.25 62.25
12.505 62.5 62.5 62.5 62.5 62.5 62.5 62.5 62.5 62.5 62.5 62.5 62.5 62.5 62.5 62.5 62.5 62.5 62.5 62.5 62.5 62.5 62.5 62.5 62.5 62.5 62.5 62.5 62.5 62.5 62.5 62.5 62.5 62.5 62.5 62.5 62.5 62.5 62.5 62.5 62.5 62.5 62.5 62.5 62.5 62.5 62.5 62.5 62.5
12.555 62.75 62.75 62.75 62.75 62.75 62.75 62.75 62.75 62.75 62.75 62.75 62.75 62.75 62.75 62.75 62.75 62.75 62.75 62.75 62.75 62.75 62.75 62.75 62.75 62.75 62.75 62.75 62.75 62.75 62.75 62.75 62.75 62.75 62.75 62.75 62.75 62.75 62.75 62.75 62.75 62.75 62.75 62.75 62.75 62.75 62.75 62.75 62.75
12.605 63 63 63 63 63 63 63 63 63 63 63 63 63 63 63 63 63 63 63 63 63 63 63 63 63 63 63 63 63 63 63 63 63 63 63 63 63 63 63 63 63 63 63 63 63 63 63 63
12.655 63.25 63.25 63.25 63.25 63.25 63.25 63.25 63.25 63.25 63.25 63.25 63.25 63.25 63.25 63.25 63.25 63.25 63.25 63.25 63.25 63.25 63.25 63.25 63.25 63.25 63.25 63.25 63.25 63.25 63.25 63.25 63.25 63.25 63.25 63.25 63.25 63.25 63.25 63.25 63.25 63.25 63.25 63.25 63.25 63.25 63.25 63.25 63.25
12.705 63.5 63.5 63.5 63.5 63.5 63.5 63.5 63.5 63.5 63.5 63.5 63.5 63.5 63.5 63.5 63.5 63.5 63.5 63.5 63.5 63.5 63.5 63.5 63.5 63.5 63.5 63.5 63.5 63.5 63.5 63.5 63.5 63.5 63.5 63.5 63.5 63.5 63.5 63.5 63.5 63.5 63.5 63.5 63.5 63.5 63.5 63.5 63.5
12.755 63.75 63.75 63.75 63.75 63.75 63.75 63.75 63.75 63.75 63.75 63.75 63.75 63.75 63.75 63.75 63.75 63.75 63.75 63.75 63.75 63.75 63.75 63.75 63.75 63.75 63.75 63.75 63.75 63.75 63.75 63.75 63.75 63.75 63.75 63.75 63.75 63.75 63.75 63.75 63.75 63.75 63.75 63.75 63.75 63.75 63.75 63.75 63.75
12.805 64 64 64 64 64 64 64 64 64 64 64 64 64 64 64 64 64 64 64 64 64 64 64 64 64 64 64 64 64 64 64 64 64 64 64 64 64 64 64 64 64 64 64 64 64 64 64 64
12.855 64.25 64.25 64.25 64.25 64.25 64.25 64.25 64.25 64.25 64.25 64.25 64.25 64.25 64.25 64.25 64.25 64.25 64.25 64.25 64.25 64.25 64.25 64.25 64.25 64.25 64.25 64.25 64.25 64.25 64.25 64.25 64.25 64.25 64.25 64.25 64.25 64.25 64.25 64.25 64.25 64.25 64.25 64.25 64.25 64.25 64.25 64.25 64.25
12.905 64.5 64.5 64.5 64.5 64.5 64.5 64.5 64.5 64.5 64.5 64.5 64.5 64.5 64.5 64.5 64.5 64.5 64.5 64.5 64.5 64.5 64.5 64.5 64.5 64.5 64.5 64.5 64.5 64.5 64.5 64.5 64.5 64.5 64.5 64.5 64.5 64.5 64.5 64.5 64.5 64.5 64.5 64.5 64.5 64.5 64.5 64.5 64.5
12.955 64.75 64.75 64.75 64.75 64.75 64.75 64.75 64.75 64.75 64.75 64.75 64.75 64.75 64.75 64.75 64.75 64.75 64.75 64.75 64.75 64.75 64.75 64.75 64.75 64.75 64.75 64.75 64.75 64.75 64.75 64.75 64.75 64.75 64.75 64.75 64.75 64.75 64.75 64.75 64.75 64.75 64.75 64.75 64.75 64.75 64.75 64.75 64.75
13.005 65 65 65 65 65 65 65 65 65 65 65 65 65 65 65 65 65 65 65 65 65 65 65 65 65 65 65 65 65 65 65 65 65 65 65 65 65 65 65 65 65 65 65 65 65 65 65 65
13.055 65.25 65.25 65.25 65.25 65.25 65.25 65.25 65.25 65.25 65.25 65.25 65.25 65.25 65.25 65.25 65.25 65.25 65.25 65.25 65.25 65.25 65.25 65.25 65.25 65.25 65.25 65.25 65.25 65.25 65.25 65.25 65.25 65.25 65.25 65.25 65.25 65.25 65.25 65.25 65.25 65.25 65.25 65.25 65.25 65.25 65.25 65.25 65.25
13.105 65.5 65.5 65.5 65.5 65.5 65.5 65.5 65.5 65.5 65.5 65.5 65.5 65.5 65.5 65.5 65.5 65.5 65.5 65.5 65.5 65.5 65.5 65.5 65.5 65.5 65.5 65.5 65.5 65.5 65.5 65.5 65.5 65.5 65.5 65.5 65.5 65.5 65.5 65.5 65.5 65.5 65.5 65.5 65.5 65.5 65.5 65.5 65.5
13.155 65.75 65.75 65.75 65.75 65.75 65.75 65.75 65.75 65.75 65.75 65.75 65.75 65.75 65.75 65.75 65.75 65.75 65.75 65.75 65.75 65.75 65.75 65.75 65.75 65.75 65.75 65.75 65.75 65.75 65.75 65.75 65.75 65.75 65.75 65.75 65.75 65.75 65.75 65.75 65.75 65.75 65.75 65.75 65.75 65.75 65.75 65.75 65.75
13.205 66 66 66 66 66 66 66 66 66 66 66 66 66 66 66 66 66 66 66 66 66 66 66 66 66 66 66 66 66 66 66 66 66 66 66 66 66 66 66 66 66 66 66 66 66 66 66 66
13.255 66.25 66.25 66.25 66.25 66.25 66.25 66.25 66.25 66.25 66.25 66.25 66.25 66.25 66.25 66.25 66.25 66.25 66.25 66.25 66.25 66.25 66.25 66.25 66.25 66.25 66.25 66.25 66.25 66.25 66.25 66.25 66.25 66.25 66.25 66.25 66.25 66.25 66.25 66.25 66.25 66.25 66.25 66.25 66.25 66.25 66.25 66.25 66.25
13.305 66.5 66.5 66.5 66.5 66.5 66.5 66.5 66.5 66.5 66.5 66.5 66.5 66.5 66.5 66.5 66.5 66.5 66.5 66.5 66.5 66.5 66.5 66.5 66.5 66.5 66.5 66.5 66.5 66.5 66.5 66.5 66.5 66.5 66.5 66.5 66.5 66.5 66.5 66.5 66.5 66.5 66.5 66.5 66.5 66.5 66.5 66.5 66.5
13.355 66.75 66.75 66.75 66.75 66.75 66.75 66.75 66.75 66.75 66.75 66.75 66.75 66.75 66.75 66.75 66.75 66.75 66.75 66.75 66.75 66.75 66.75 66.75 66.75 66.75 66.75 66.75 66.75 66.75 66.75 66.75 66.75 66.75 66.75 66.75 66.75 66.75 66.75 66.75 66.75 66.75 66.75 66.75 66.75 66.75 66.75 66.75 66.75
13.405 67 67 67 67 67 67 67 67 67 67 67 67 67 67 67 67 67 67 67 67 67 67 67 67 67 67 67 67 67 67 67 67 67 67 67 67 67 67 67 67 67 67 67 67 67 67 67 67
13.455 67.25 67.25 67.25 67.25 67.25 67.25 67.25 67.25 67.25 67.25 67.25 67.25 67.2499 67.25 67.25 67.25 67.25 67.25 67.25 67.25 67.25 67.25 67.25 67.25 67.25 67.25 67.25 67.25 67.25 67.25 67.25 67.25 67.25 67.25 67.25 67.25 67.25 67.25 67.25 67.25 67.25 67.25 67.25 67.25 67.25 67.25 67.25 67.25
13.505 67.5 67.5 67.5 67.5 67.5 67.5 67.5 67.5 67.5 67.5 67.5 67.5 67.4999 67.5 67.5 67.5 67.5 67.5 67.5 67.5 67.5 67.5 67.5 67.5 67.5 67.5 67.5 67.5 67.5 67.5 67.5 67.5 67.5 67.5 67.5 67.5 67.5 67.5 67.5 67.5 67.5 67.5 67.5 67.5 67.5 67.5 67.5 67.5
13.555 67.75 67.75 67.75 67.75 67.75 67.75 67.75 67.75 67.75 67.75 67.75 67.75 67.7499 67.75 67.75 67.75 67.75 67.75 67.75 67.75 67.75 67.75 67.75 67.75 67.75 67.75 67.75 67.75 67.75 67.75 67.75 67.75 67.75 67.75 67.75 67.75 67.75 67.75 67.75 67.75 67.75 67.75 67.75 67.75 67.75 67.75 67.75 67.75
13.605 68 68 68 68 68 68 68 68 68 68 68 68 67.9999 68 68 68 68 68 68 68 68 68 68 68 68 68 68 68 68 68 68 68 68 68 68 68 68 68 68 68 68 68 68 68 68 68 68 68
13.655 68.25 68.25 68.25 68.25 68.25 68.25 68.25 68.25 68.25 68.25 68.25 68.25 68.2499 68.25 68.25 68.25 68.25 68.25 68.25 68.25 68.25 68.25 68.25 68.25 68.25 68.25 68.25 68.25 68.25 68.25 68.25 68.25 68.25 68.25 68.25 68.25 68.25 68.25 68.25 68.25 68.25 68.25 68.25 68.25 68.25 68.25 68.25 68.25
13.705 68.5 68.5 68.5 68.5 68.5 68.5 68.5 68.5 68.5 68.5 68.5 68.5 68.4999 68.5 68.5 68.5 68.5 68.5 68.5 68.5 68.5 68.5 68.5 68.5 68.5 68.5 68.5 68.5 68.5 68.5 68.5 68.5 68.5 68.5 68.5 68.5 68.5 68.5 68.5 68.5 68.5 68.5 68.5 68.5 68.5 68.5 68.5 68.5
13.755 68.75 68.75 68.75 68.75 68.75 68.75 68.75 68.75 68.75 68.75 68.75 68.75 68.7499 68.75 68.75 68.75 68.75 68.75 68.75 68.75 68.75 68.75 68.75 68.75 68.75 68.75 68.75 68.75 68.75 68.75 68.75 68.75 68.75 68.75 68.75 68.75 68.75 68.75 68.75 68.75 68.75 68.75 68.75 68.75 68.75 68.75 68.75 68.75
13.805 69 69 69 69 69 69 69 69 69 69 69 69 68.9999 69 69 69 69 69 69 69 69 69 69 69 69 69 69 69 69 69 69 69 69 69 69 69 69 69 69 69 69 69 69 69 69 69 69 69
13.855 69.25 69.25 69.25 69.25 69.25 69.25 69.25 69.25 69.25 69.25 69.25 69.25 69.2499 69.25 69.25 69.25 69.25 69.25 69.25 69.25 69.25 69.25 69.25 69.25 69.25 69.25 69.25 69.25 69.25 69.25 69.25 69.25 69.25 69.25 69.25 69.25 69.25 69.25 69.25 69.25 69.25 69.25 69.25 69.25 69.25 69.25 69.25 69.25
13.905 69.5 69.5 69.5 69.5 69.5 69.5 69.5 69.5 69.5 69.5 69.5 69.5 69.4999 69.5 69.5 69.5 69.5 69.5 69.5 69.5 69.5 69.5 69.5 69.5 69.5 69.5 69.5 69.5 69.5 69.5 69.5 69.5 69.5 69.5 69.5 69.5 69.5 69.5 69.5 69.5 69.5 69.5 69.5 69.5 69.5 69.5 69.5 69.5
13.955 69.75 69.75 69.75 69.75 69.75 69.75 69.75 69.75 69.75 69.75 69.75 69.75 69.7499 69.75 69.75 69.75 69.75 69.75 69.75 69.75 69.75 69.75 69.75 69.75 69.75 69.75 69.75 69.75 69.75 69.75 69.75 69.75 69.75 69.75 69.75 69.75 69.75 69.75 69.75 69.75 69.75 69.75 69.75 69.75 69.75 69.75 69.75 69.75
14.005 70 70 70 70 70 70 70 70 70 70 70 70 69.9999 70 70 70 70 70 70 70 70 70 70 70 70 70 70 70 70 70 70 70 70 70 70 70 70 70 70 70 70 70 70 70 70 70 70 70
14.055 70.25 70.25 70.25 70.25 70.25 70.25 70.25 70.25 70.25 70.25 70.25 70.25 70.2499 70.25 70.25 70.25 70.25 70.25 70.25 70.25 70.25 70.25 70.25 70.25 70.25 70.25 70.25 70.25 70.25 70.25 70.25 70.25 70.25 70.25 70.25 70.25 70.25 70.25 70.25 70.25 70.25 70.25 70.25 70.25 70.25 70.25 70.25 70.25
14.105 70.5 70.5 70.5 70.5 70.5 70.5 70.5 70.5 70.5 70.5 70.5 70.5 70.4999 70.5 70.5 70.5 70.5 70.5 70.5 70.5 70.5 70.5 70.5 70.5 70.5 70.5 70.5 70.5 70.5 70.5 70.5 70.5 70.5 70.5 70.5 70.5 70.5 70.5 70.5 70.5 70.5 70.5 70.5 70.5 70.5 70.5 70.5 70.5
14.155 70.75 70.75 70.75 70.75 70.75 70.75 70.75 70.75 70.75 70.75 70.75 70.75 70.7499 70.75 70.75 70.75 70.75 70.75 70.75 70.75 70.75 70.75 70.75 70.75 70.75 70.75 70.75 70.75 70.75 70.75 70.75 70.75 70.75 70.75 70.75 70.75 70.75 70.75 70.75 70.75 70.75 70.75 70.75 70.75 70.75 70.75 70.75 70.75
14.205 71 71 71 71 71 71 71 71 71 71 71 71 70.9999 71 71 71 71 71 71 71 71 71 71 71 71 71 71 71 71 71 71 71 71 71 71 71 71 71 71 71 71 71 71 71 71 71 71 71
14.255 71.25 71.25 71.25 71.25 71.25 71.25 71.25 71.25 71.25 71.25 71.25 71.25 71.2499 71.25 71.25 71.25 71.25 71.25 71.25 71.25 71.25 71.25 71.25 71.25 71.25 71.25 71.25 71.25 71.25 71.25 71.25 71.25 71.25 71.25 71.25 71.25 71.25 71.25 71.25 71.25 71.25 71.25 71.25 71.25 71.25 71.25 71.25 71.25
14.305 71.5 71.5 71.5 71.5 71.5 71.5 71.5 71.5 71.5 71.5 71.5 71.5 71.4999 71.5 71.5 71.5 71.5 71.5 71.5 71.5 71.5 71.5 71.5 71.5 71.5 71.5 71.5 71.5 71.5 71.5 71.5 71.5 71.5 71.5 71.5 71.5 71.5 71.5 71.5 71.5 71.5 71.5 71.5 71.5 71.5 71.5 71.5 71.5
14.355 71.75 71.75 71.75 71.75 71.75 71.75 71.75 71.75 71.75 71.75 71.75 71.75 71.7499 71.75 71.75 71.75 71.75 71.75 71.75 71.75 71.75 71.75 71.75 71.75 71.75 71.75 71.75 71.75 71.75 71.75 71.75 71.75 71.75 71.75 71.75 71.75 71.75 71.75 71.75 71.75 71.75 71.75 71.75 71.75 71.75 71.75 71.75 71.75
14.405 72 72 72 72 72 72 72 72 72 72 72 72 71.9999 72 72 72 72 72 72 72 72 72 72 72 72 72 72 72 72 72 72 72 72 72 72 72 72 72 72 72 72 72 72 72 72 72 72 72
14.455 72.25 72.25 72.25 72.25 72.25 72.25 72.25 72.25 72.25 72.25 72.25 72.25 72.2499 72.25 72.25 72.25 72.25 72.25 72.25 72.25 72.25 72.25 72.25 72.25 72.25 72.25 72.25 72.25 72.25 72.25 72.25 72.25 72.25 72.25 72.25 72.25 72.25 72.25 72.25 72.25 72.25 72.25 72.25 72.25 72.25 72.25 72.25 72.25
14.505 72.5 72.5 72.5 72.5 72.5 72.5 72.5 72.5 72.5 72.5 72.5 72.5 72.4999 72.5 72.5 72.5 72.5 72.5 72.5 72.5 72.5 72.5 72.5 72.5 72.5 72.5 72.5 72.5 72.5 72.5 72.5 72.5 72.5 72.5 72.5 72.5 72.5 72.5 72.5 72.5 72.5 72.5 72.5 72.5 72.5 72.5 72.5 72.5
14.555 72.75 72.75 72.75 72.75 72.75 72.75 72.75 72.75 72.75 72.75 72.75 72.75 72.7499 72.75 72.75 72.75 72.75 72.75 72.75 72.75 72.75 72.75 72.75 72.75 72.75 72.75 72.75 72.75 72.75 72.75 72.75 72.75 72.75 72.75 72.75 72.75 72.75 72.75 72.75 72.75 72.75 72.75 72.75 72.75 72.75 72.75 72.75 72.75
14.605 73 73 73 73 73 73 73 73 73 73 73 73 72.9999 73 73 73 73 73 73 73 73 73 73 73 73 73 73 73 73 73 73 73 73 73 73 73 73 73 73 73 73 73 73 73 73 73 73 73
14.655 73.25 73.25 73.25 73.25 73.25 73.25 73.25 73.25 73.25 73.25 73.25 73.25 73.2499 73.25 73.25 73.25 73.25 73.25 73.25 73.25 73.25 73.25 73.25 73.25 73.25 73.25 73.25 73.25 73.25 73.25 73.25 73.25 73.25 73.25 73.25 73.25 73.25 73.25 73.25 73.25 73.25 73.25 73.25 73.25 73.25 73.25 73.25 73.25
14.705 73.5 73.5 73.5 73.5 73.5 73.5 73.5 73.5 73.5 73.5 73.5 73.5 73.4999 73.5 73.5 73.5 73.5 73.5 73.5 73.5 73.5 73.5 73.5 73.5 73.5 73.5 73.5 73.5 73.5 73.5 73.5 73.5 73.5 73.5 73.5 73.5 73.5 73.5 73.5 73.5 73.5 73.5 73.5 73.5 73.5 73.5 73.5 73.5
14.755 73.75 73.75 73.75 73.75 73.75 73.75 73.75 73.75 73.75 73.75 73.75 73.75 73.7499 73.75 73.75 73.75 73.75 73.75 73.75 73.75 73.75 73.75 73.75 73.75 73.75 73.75 73.75 73.75 73.75 73.75 73.75 73.75 73.75 73.75 73.75 73.75 73.75 73.75 73.75 73.75 73.75 73.75 73.75 73.75 73.75 73.75 73.75 73.75
14.805 74 74 74 74 74 74 74 74 74 74 74 74 73.9999 74 74 74 74 74 74 74 74 74 74 74 74 74 74 74 74 74 74 74 74 74 74 74 74 74 74 74 74 74 74 74 74 74 74 74
14.855 74.25 74.25 74.25 74.25 74.25 74.25 74.25 74.25 74.25 74.25 74.25 74.25 74.2499 74.25 74.25 74.25 74.25 74.25 74.25 74.25 74.25 74.25 74.25 74.25 74.25 74.25 74.25 74.25 74.25 74.25 74.25 74.25 74.25 74.25 74.25 74.25 74.25 74.25 74.25 74.25 74.25 74.25 74.25 74.25 74.25 74.25 74.25 74.25
14.905 74.5 74.5 74.5 74.5 74.5 74.5 74.5 74.5 74.5 74.5 74.5 74.5 74.4999 74.5 74.5 74.5 74.5 74.5 74.5 74.5 74.5 74.5 74.5 74.5 74.5 74.5 74.5 74.5 74.5 74.5 74.5 74.5 74.5 74.5 74.5 74.5 74.5 74.5 74.5 74.5 74.5 74.5 74.5 74.5 74.5 74.5 74.5 74.5
14.955 74.75 74.75 74.75 74.75 74.75 74.75 74.75 74.75 74.75 74.75 74.75 74.75 74.7499 74.75 74.75 74.75 74.75 74.75 74.75 74.75 74.75 74.75 74.75 74.75 74.75 74.75 74.75 74.75 74.75 74.75 74.75 74.75 74.75 74.75 74.75 74.75 74.75 74.75 74.75 74.75 74.75 74.75 74.75 74.75 74.75 74.75 74.75 74.75
15.005 75 75 75 75 75 75 75 75 75 75 75 75 74.9999 75 75 75 75 75 75 75 75 75 75 75 75 75 75 75 75 75 75 75 75 75 75 75 75 75 75 75 75 75 75 75 75 75 75 75
15.055 75.25 75.25 75.25 75.25 75.25 75.25 75.25 75.25 75.25 75.25 75.25 75.25 75.2499 75.25 75.25 75.25 75.25 75.25 75.25 75.25 75.25 75.25 75.25 75.25 75.25 75.25 75.25 75.25 75.25 75.25 75.25 75.25 75.25 75.25 75.25 75.25 75.25 75.25 75.25 75.25 75.25 75.25 75.25 75.25 75.25 75.25 75.25 75.25
15.105 75.5 75.5 75.5 75.5 75.5 75.5 75.5 75.5 75.5 75.5 75.5 75.5 75.4999 75.5 75.5 75.5 75.5 75.5 75.5 75.5 75.5 75.5 75.5 75.5 75.5 75.5 75.5 75.5 75.5 75.5 75.5 75.5 75.5 75.5 75.5 75.5 75.5 75.5 75.5 75.5 75.5 75.5 75.5 75.5 75.5 75.5 75.5 75.5
15.155 75.75 75.75 75.75 75.75 75.75 75.75 75.75 75.75 75.75 75.75 75.75 75.75 75.7499 75.75 75.75 75.75 75.75 75.75 75.75 75.75 75.75 75.75 75.75 75.75 75.75 75.75 75.75 75.75 75.75 75.75 75.75 75.75 75.75 75.75 75.75 75.75 75.75 75.75 75.75 75.75 75.75 75.75 75.75 75.75 75.75 75.75 75.75 75.75
15.205 76 76 76 76 76 76 76 76 76 76 76 76 75.9999 76 76 76 76 76 76 76 76 76 76 76 76 76 76 76 76 76 76 76 76 76 76 76 76 76 76 76 76 76 76 76 76 76 76 76
15.255 76.25 76.25 76.25 76.25 76.25 76.25 76.25 76.25 76.25 76.25 76.25 76.25 76.2499 76.25 76.25 76.25 76.25 76.25 76.25 76.25 76.25 76.25 76.25 76.25 76.25 76.25 76.25 76.25 76.25 76.25 76.25 76.25 76.25 76.25 76.25 76.25 76.25 76.25 76.25 76.25 76.25 76.25 76.25 76.25 76.25 76.25 76.25 76.25
15.305 76.5 76.5 76.5 76.5 76.5 76.5 76.5 76.5 76.5 76.5 76.5 76.5 76.4999 76.5 76.5 76.5 76.5 76.5 76.5 76.5 76.5 76.5 76.5 76.5 76.5 76.5 76.5 76.5 76.5 76.5 76.5 76.5 76.5 76.5 76.5 76.5 76.5 76.5 76.5 76.5 76.5 76.5 76.5 76.5 76.5 76.5 76.5 76.5
15.355 76.75 76.75 76.75 76.75 76.75 76.75 76.75 76.75 76.75 76.75 76.75 76.75 76.7499 76.75 76.75 76.75 76.75 76.75 76.75 76.75 76.75 76.75 76.75 76.75 76.75 76.75 76.75 76.75 76.75 76.75 76.75 76.75 76.75 76.75 76.75 76.75 76.75 76.75 76.75 76.75 76.75 76.75 76.75 76.75 76.75 76.75 76.75 76.75
15.405 77 77 77 77 77 77 77 77 77 77 77 77 76.9999 77 77 77 77 77 77 77 77 77 77 77 77 77 77 77 77 77 77 77 77 77 77 77 77 77 77 77 77 77 77 77 77 77 77 77
15.455 77.25 77.25 77.25 77.25 77.25 77.25 77.25 77.25 77.25 77.25 77.25 77.25 77.2499 77.25 77.25 77.25 77.25 77.25 77.25 77.25 77.25 77.25 77.25 77.25 77.25 77.25 77.25 77.25 77.25 77.25 77.25 77.25 77.25 77.25 77.25 77.25 77.25 77.25 77.25 77.25 77.25 77.25 77.25 77.25 77.25 77.25 77.25 77.25
15.505 77.5 77.5 77.5 77.5 77.5 77.5 77.5 77.5 77.5 77.5 77.5 77.5 77.4999 77.5 77.5 77.5 77.5 77.5 77.5 77.5 77.5 77.5 77.5 77.5 77.5 77.5 77.5 77.5 77.5 77.5 77.5 77.5 77.5 77.5 77.5 77.5 77.5 77.5 77.5 77.5 77.5 77.5 77.5 77.5 77.5 77.5 77.5 77.5
15.555 77.75 77.75 77.75 77.75 77.75 77.75 77.75 77.75 77.75 77.75 77.75 77.75 77.7499 77.75 77.75 77.75 77.75 77.75 77.75 77.75 77.75 77.75 77.75 77.75 77.75 77.75 77.75 77.75 77.75 77.75 77.75 77.75 77.75 77.75 77.75 77.75 77.75 77.75 77.75 77.75 77.75 77.75 77.75 77.75 77.75 77.75 77.75 77.75
15.605 78 78 78 78 78 78 78 78 78 78 78 78 77.9999 78 78 78 78 78 78 78 78 78 78 78 78 78 78 78 78 78 78 78 78 78 78 78 78 78 78 78 78 78 78 78 78 78 78 78
15.655 78.25 78.25 78.25 78.25 78.25 78.25 78.25 78.25 78.25 78.25 78.25 78.25 78.2499 78.25 78.25 78.25 78.25 78.25 78.25 78.25 78.25 78.25 78.25 78.25 78.25 78.25 78.25 78.25 78.25 78.25 78.25 78.25 78.25 78.25 78.25 78.25 78.25 78.25 78.25 78.25 78.25 78.25 78.25 78.25 78.25 78.25 78.25 78.25
15.705 78.5 78.5 78.5 78.5 78.5 78.5 78.5 78.5 78.5 78.5 78.5 78.5 78.4999 78.5 78.5 78.5 78.5 78.5 78.5 78.5 78.5 78.5 78.5 78.5 78.5 78.5 78.5 78.5 78.5 78.5 78.5 78.5 78.5 78.5 78.5 78.5 78.5 78.5 78.5 78.5 78.5 78.5 78.5 78.5 78.5 78.5 78.5 78.5
15.755 78.75 78.75 78.75 78.75 78.75 78.75 78.75 78.75 78.75 78.75 78.75 78.75 78.7499 78.75 78.75 78.75 78.75 78.75 78.75 78.75 78.75 78.75 78.75 78.75 78.75 78.75 78.75 78.75 78.75 78.75 78.75 78.75 78.75 78.75 78.75 78.75 78.75 78.75 78.75 78.75 78.75 78.75 78.75 78.75 78.75 78.75 78.75 78.75
15.805 79 79 79 79 79 79 79 79 79 79 79 79 78.9999 79 79 79 79 79 79 79 79 79 79 79 79 79 79 79 79 79 79 79 79 79 79 79 79 79 79 79 79 79 79 79 79 79 79 79
15.855 79.25 79.25 79.25 79.25 79.25 79.25 79.25 79.25 79.25 79.25 79.25 79.25 79.2499 79.25 79.25 79.25 79.25 79.25 79.25 79.25 79.25 79.25 79.25 79.25 79.25 79.25 79.25 79.25 79.25 79.25 79.25 79.25 79.25 79.25 79.25 79.25 79.25 79.25 79.25 79.25 79.25 79.25 79.25 79.25 79.25 79.25 79.25 79.25
15.905 79.5 79.5 79.5 79.5 79.5 79.5 79.5 79.5 79.5 79.5 79.5 79.5 79.4999 79.5 79.5 79.5 79.5 79.5 79.5 79.5 79.5 79.5 79.5 79.5 79.5 79.5 79.5 79.5 79.5 79.5 79.5 79.5 79.5 79.5 79.5 79.5 79.5 79.5 79.5 79.5 79.5 79.5 79.5 79.5 79.5 79.5 79.5 79.5
15.955 79.75 79.75 79.75 79.75 79.75 79.75 79.75 79.75 79.75 79.75 79.75 79.75 79.7499 79.75 79.75 79.75 79.75 79.75 79.75 79.75 79.75 79.75 79.75 79.75 79.75 79.75 79.75 79.75 79.75 79.75 79.75 79.75 79.75 79.75 79.75 79.75 79.75 79.75 79.75 79.75 79.75 79.75 79.75 79.75 79.75 79.75 79.75 79.75
16.005 80 80 80 80 80 80 80 80 80 80 80 80 79.9999 80 80 80 80 80 80 80 80 80 80 80 80 80 80 80 80 80 80 80 80 80 80 80 80 80 80 80 80 80 80 80 80 80 80 80
16.055 80.25 80.25 80.25 80.25 80.25 80.25 80.25 80.25 80.25 80.25 80.25 80.25 80.2499 80.25 80.25 80.25 80.25 80.25 80.25 80.25 80.25 80.25 80.25 80.25 80.25 80.25 80.25 80.25 80.25 80.25 80.25 80.25 80.25 80.25 80.25 80.25 80.25 80.25 80.25 80.25 80.25 80.25 80.25 80.25 80.25 80.25 80.25 80.25
16.105 80.5 80.5 80.5 80.5 80.5 80.5 80.5 80.5 80.5 80.5 80.5 80.5 80.4999 80.5 80.5 80.5 80.5 80.5 80.5 80.5 80.5 80.5 80.5 80.5 80.5 80.5 80.5 80.5 80.5 80.5 80.5 80.5 80.5 80.5 80.5 80.5 80.5 80.5 80.5 80.5 80.5 80.5 80.5 80.5 80.5 80.5 80.5 80.5
16.155 80.75 80.75 80.75 80.75 80.75 80.75 80.75 80.75 80.75 80.75 80.75 80.75 80.7499 80.75 80.75 80.75 80.75 80.75 80.75 80.75 80.75 80.75 80.75 80.75 80.75 80.75 80.75 80.75 80.75 80.75 80.75 80.75 80.75 80.75 80.75 80.75 80.75 80.75 80.75 80.75 80.75 80.75 80.75 80.75 80.75 80.75 80.75 80.75
16.205 81 81 81 81 81 81 81 81 81 81 81 81 80.9999 81 81 81 81 81 81 81 81 81 81 81 81 81 81 81 81 81 81 81 81 81 81 81 81 81 81 81 81 81 81 81 81 81 81 81
16.255 81.25 81.25 81.25 81.25 81.25 81.25 81.25 81.25 81.25 81.25 81.25 81.25 81.2499 81.25 81.25 81.25 81.25 81.25 81.25 81.25 81.25 81.25 81.25 81.25 81.25 81.25 81.25 81.25 81.25 81.25 81.25 81.25 81.25 81.25 81.25 81.25 81.25 81.25 81.25 81.25 81.25 81.25 81.25 81.25 81.25 81.25 81.25 81.25
16.305 81.5 81.5 81.5 81.5 81.5 81.5 81.5 81.5 81.5 81.5 81.5 81.5 81.4999 81.5 81.5 81.5 81.5 81.5 81.5 81.5 81.5 81.5 81.5 81.5 81.5 81.5 81.5 81.5 81.5 81.5 81.5 81.5 81.5 81.5 81.5 81.5 81.5 81.5 81.5 81.5 81.5 81.5 81.5 81.5 81.5 81.5 81.5 81.5
16.355 81.75 81.75 81.75 81.75 81.75 81.75 81.75 81.75 81.75 81.75 81.75 81.75 81.7499 81.75 81.75 81.75 81.75 81.75 81.75 81.75 81.75 81.75 81.75 81.75 81.75 81.75 81.75 81.75 81.75 81.75 81.75 81.75 81.75 81.75 81.75 81.75 81.75 81.75 81.75 81.75 81.75 81.75 81.75 81.75 81.75 81.75 81.75 81.75
16.405 82 82 82 82 82 82 82 82 82 82 82 82 81.9999 82 82 82 82 82 82 82 82 82 82 82 82 82 82 82 82 82 82 82 82 82 82 82 82 82 82 82 82 82 82 82 82 82 82 82
16.455 82.25 82.25 82.25 82.25 82.25 82.25 82.25 82.25 82.25 82.25 82.25 82.25 82.2499 82.25 82.25 82.25 82.25 82.25 82.25 82.25 82.25 82.25 82.25 82.25 82.25 82.25 82.25 82.25 82.25 82.25 82.25 82.25 82.25 82.25 82.25 82.25 82.25 82.25 82.25 82.25 82.25 82.25 82.25 82.25 82.25 82.25 82.25 82.25
16.505 82.5 82.5 82.5 82.5 82.5 82.5 82.5 82.5 82.5 82.5 82.5 82.5 82.4999 82.5 82.5 82.5 82.5 82.5 82.5 82.5 82.5 82.5 82.5 82.5 82.5 82.5 82.5 82.5 82.5 82.5 82.5 82.5 82.5 82.5 82.5 82.5 82.5 82.5 82.5 82.5 82.5 82.5 82.5 82.5 82.5 82.5 82.5 82.5
16.555 82.75 82.75 82.75 82.75 82.75 82.75 82.75 82.75 82.75 82.75 82.75 82.75 82.7499 82.75 82.75 82.75 82.75 82.75 82.75 82.75 82.75 82.75 82.75 82.75 82.75 82.75 82.75 82.75 82.75 82.75 82.75 82.75 82.75 82.75 82.75 82.75 82.75 82.75 82.75 82.75 82.75 82.75 82.75 82.75 82.75 82.75 82.75 82.75
16.605 83 83 83 83 83 83 83 83 83 83 83 83 82.9999 83 83 83 83 83 83 83 83 83 83 83 83 83 83 83 83 83 83 83 83 83 83 83 83 83 83 83 83 83 83 83 83 83 83 83
16.655 83.25 83.25 83.25 83.25 83.25 83.25 83.25 83.25 83.25 83.25 83.25 83.25 83.2499 83.25 83.25 83.25 83.25 83.25 83.25 83.25 83.25 83.25 83.25 83.25 83.25 83.25 83.25 83.25 83.25 83.25 83.25 83.25 83.25 83.25 83.25 83.25 83.25 83.25 83.25 83.25 83.25 83.25 83.25 83.25 83.25 83.25 83.25 83.25
16.705 83.5 83.5 83.5 83.5 83.5 83.5 83.5 83.5 83.5 83.5 83.5 83.5 83.4999 83.5 83.5 83.5 83.5 83.5 83.5 83.5 83.5 83.5 83.5 83.5 83.5 83.5 83.5 83.5 83.5 83.5 83.5 83.5 83.5 83.5 83.5 83.5 83.5 83.5 83.5 83.5 83.5 83.5 83.5 83.5 83.5 83.5 83.5 83.5
16.755 83.75 83.75 83.75 83.75 83.75 83.75 83.75 83.75 83.75 83.75 83.75 83.75 83.7499 83.75 83.75 83.75 83.75 83.75 83.75 83.75 83.75 83.75 83.75 83.75 83.75 83.75 83.75 83.75 83.75 83.75 83.75 83.75 83.75 83.75 83.75 83.75 83.75 83.75 83.75 83.75 83.75 83.75 83.75 83.75 83.75 83.75 83.75 83.75
16.805 84 84 84 84 84 84 84 84 84 84 84 84 83.9999 84 84 84 84 84 84 84 84 84 84 84 84 84 84 84 84 84 84 84 84 84 84 84 84 84 84 84 84 84 84 84 84 84 84 84
16.855 84.25 84.25 84.25 84.25 84.25 84.25 84.25 84.25 84.25 84.25 84.25 84.25 84.2499 84.25 84.25 84.25 84.25 84.25 84.25 84.25 84.25 84.25 84.25 84.25 84.25 84.25 84.25 84.25 84.25 84.25 84.25 84.25 84.25 84.25 84.25 84.25 84.25 84.25 84.25 84.25 84.25 84.25 84.25 84.25 84.25 84.25 84.25 84.25
16.905 84.5 84.5 84.5 84.5 84.5 84.5 84.5 84.5 84.5 84.5 84.5 84.5 84.4999 84.5 84.5 84.5 84.5 84.5 84.5 84.5 84.5 84.5 84.5 84.5 84.5 84.5 84.5 84.5 84.5 84.5 84.5 84.5 84.5 84.5 84.5 84.5 84.5 84.5 84.5 84.5 84.5 84.5 84.5 84.5 84.5 84.5 84.5 84.5
16.955 84.75 84.75 84.75 84.75 84.75 84.75 84.75 84.75 84.75 84.75 84.75 84.75 84.7499 84.75 84.75 84.75 84.75 84.75 84.75 84.75 84.75 84.75 84.75 84.75 84.75 84.75 84.75 84.75 84.75 84.75 84.75 84.75 84.75 84.75 84.75 84.75 84.75 84.75 84.75 84.75 84.75 84.75 84.75 84.75 84.75 84.75 84.75 84.75
17.005 85 85 85 85 85 85 85 85 85 85 85 85 84.9999 85 85 85 85 85 85 85 85 85 85 85 85 85 85 85 85 85 85 85 85 85 85 85 85 85 85 85 85 85 85 85 85 85 85 85
17.055 85.25 85.25 85.25 85.25 85.25 85.25 85.25 85.25 85.25 85.25 85.25 85.25 85.2499 85.25 85.25 85.25 85.25 85.25 85.25 85.25 85.25 85.25 85.25 85.25 85.25 85.25 85.25 85.25 85.25 85.25 85.25 85.25 85.25 85.25 85.25 85.25 85.25 85.25 85.25 85.25 85.25 85.25 85.25 85.25 85.25 85.25 85.25 85.25
17.105 85.5 85.5 85.5 85.5 85.5 85.5 85.5 85.5 85.5 85.5 85.5 85.5 85.4999 85.5 85.5 85.5 85.5 85.5 85.5 85.5 85.5 85.5 85.5 85.5 85.5 85.5 85.5 85.5 85.5 85.5 85.5 85.5 85.5 85.5 85.5 85.5 85.5 85.5 85.5 85.5 85.5 85.5 85.5 85.5 85.5 85.5 85.5 85.5
17.155 85.75 85.75 85.75 85.75 85.75 85.75 85.75 85.75 85.75 85.75 85.75 85.75 85.7499 85.75 85.75 85.75 85.75 85.75 85.75 85.75 85.75 85.75 85.75 85.75 85.75 85.75 85.75 85.75 85.75 85.75 85.75 85.75 85.75 85.75 85.75 85.75 85.75 85.75 85.75 85.75 85.75 85.75 85.75 85.75 85.75 85.75 85.75 85.75
17.205 86 86 86 86 86 86 86 86 86 86 86 86 85.9999 86 86 86 86 86 86 86 86 86 86 86 86 86 86 86 86 86 86 86 86 86 86 86 86 86 86 86 86 86 86 86 86 86 86 86
17.255 86.25 86.25 86.25 86.25 86.25 86.25 86.25 86.25 86.25 86.25 86.25 86.25 86.2499 86.25 86.25 86.25 86.25 86.25 86.25 86.25 86.25 86.25 86.25 86.25 86.25 86.25 86.25 86.25 86.25 86.25 86.25 86.25 86.25 86.25 86.25 86.25 86.25 86.25 86.25 86.25 86.25 86.25 86.25 86.25 86.25 86.25 86.25 86.25
17.305 86.5 86.5 86.5 86.5 86.5 86.5 86.5 86.5 86.5 86.5 86.5 86.5 86.4999 86.5 86.5 86.5 86.5 86.5 86.5 86.5 86.5 86.5 86.5 86.5 86.5 86.5 86.5 86.5 86.5 86.5 86.5 86.5 86.5 86.5 86.5 86.5 86.5 86.5 86.5 86.5 86.5 86.5 86.5 86.5 86.5 86.5 86.5 86.5
17.355 86.75 86.75 86.75 86.75 86.75 86.75 86.75 86.75 86.75 86.75 86.75 86.75 86.7499 86.75 86.75 86.75 86.75 86.75 86.75 86.75 86.75 86.75 86.75 86.75 86.75 86.75 86.75 86.75 86.75 86.75 86.75 86.75 86.75 86.75 86.75 86.75 86.75 86.75 86.75 86.75 86.75 86.75 86.75 86.75 86.75 86.75 86.75 86.75
17.405 87 87 87 87 87 87 87 87 87 87 87 87 86.9999 87 87 87 87 87 87 87 87 87 87 87 87 87 87 87 87 87 87 87 87 87 87 87 87 87 87 87 87 87 87 87 87 87 87 87
17.455 87.25 87.25 87.25 87.25 87.25 87.25 87.25 87.25 87.25 87.25 87.25 87.25 87.2499 87.25 87.25 87.25 87.25 87.25 87.25 87.25 87.25 87.25 87.25 87.25 87.25 87.25 87.25 87.25 87.25 87.25 87.25 87.25 87.25 87.25 87.25 87.25 87.25 87.25 87.25 87.25 87.25 87.25 87.25 87.25 87.25 87.25 87.25 87.25
17.505 87.5 87.5 87.5 87.5 87.5 87.5 87.5 87.5 87.5 87.5 87.5 87.5 87.4999 87.5 87.5 87.5 87.5 87.5 87.5 87.5 87.5 87.5 87.5 87.5 87.5 87.5 87.5 87.5 87.5 87.5 87.5 87.5 87.5 87.5 87.5 87.5 87.5 87.5 87.5 87.5 87.5 87.5 87.5 87.5 87.5 87.5 87.5 87.5
17.555 87.75 87.75 87.75 87.75 87.75 87.75 87.75 87.75 87.75 87.75 87.75 87.75 87.7499 87.75 87.75 87.75 87.75 87.75 87.75 87.75 87.75 87.75 87.75 87.75 87.75 87.75 87.75 87.75 87.75 87.75 87.75 87.75 87.75 87.75 87.75 87.75 87.75 87.75 87.75 87.75 87.75 87.75 87.75 87.75 87.75 87.75 87.75 87.75
17.605 88 88 88 88 88 88 88 88 88 88 88 88 87.9999 88 88 88 88 88 88 88 88 88 88 88 88 88 88 88 88 88 88 88 88 88 88 88 88 88 88 88 88 88 88 88 88 88 88 88
17.655 88.25 88.25 88.25 88.25 88.25 88.25 88.25 88.25 88.25 88.25 88.25 88.25 88.2499 88.25 88.25 88.25 88.25 88.25 88.25 88.25 88.25 88.25 88.25 88.25 88.25 88.25 88.25 88.25 88.25 88.25 88.25 88.25 88.25 88.25 88.25 88.25 88.25 88.25 88.25 88.25 88.25 88.25 88.25 88.25 88.25 88.25 88.25 88.25
17.705 88.5 88.5 88.5 88.5 88.5 88.5 88.5 88.5 88.5 88.5 88.5 88.5 88.4999 88.5 88.5 88.5 88.5 88.5 88.5 88.5 88.5 88.5 88.5 88.5 88.5 88.5 88.5 88.5 88.5 88.5 88.5 88.5 88.5 88.5 88.5 88.5 88.5 88.5 88.5 88.5 88.5 88.5 88.5 88.5 88.5 88.5 88.5 88.5
17.755 88.75 88.75 88.75 88.75 88.75 88.75 88.75 88.75 88.75 88.75 88.75 88.75 88.7499 88.75 88.75 88.75 88.75 88.75 88.75 88.75 88.75 88.75 88.75 88.75 88.75 88.75 88.75 88.75 88.75 88.75 88.75 88.75 88.75 88.75 88.75 88.75 88.75 88.75 88.75 88.75 88.75 88.75 88.75 88.75 88.75 88.75 88.75 88.75
17.805 89 89 89 89 89 89 89 89 89 89 89 89 88.9999 89 89 89 89 89 89 89 89 89 89 89 89 89 89 89 89 89 89 89 89 89 89 89 89 89 89 89 89 89 89 89 89 89 89 89
17.855 89.25 89.25 89.25 89.25 89.25 89.25 89.25 89.25 89.25 89.25 89.25 89.25 89.2499 89.25 89.25 89.25 89.25 89.25 89.25 89.25 89.25 89.25 89.25 89.25 89.25 89.25 89.25 89.25 89.25 89.25 89.25 89.25 89.25 89.25 89.25 89.25 89.25 89.25 89.25 89.25 89.25 89.25 89.25 89.25 89.25 89.25 89.25 89.25
17.905 89.5 89.5 89.5 89.5 89.5 89.5 89.5 89.5 89.5 89.5 89.5 89.5 89.4999 89.5 89.5 89.5 89.5 89.5 89.5 89.5 89.5 89.5 89.5 89.5 89.5 89.5 89.5 89.5 89.5 89.5 89.5 89.5 89.5 89.5 89.5 89.5 89.5 89.5 89.5 89.5 89.5 89.5 89.5 89.5 89.5 89.5 89.5 89.5
17.955 89.75 89.75 89.75 89.75 89.75 89.75 89.75 89.75 89.75 89.75 89.75 89.75 89.7499 89.75 89.75 89.75 89.75 89.75 89.75 89.75 89.75 89.75 89.75 89.75 89.75 89.75 89.75 89.75 89.75 89.75 89.75 89.75 89.75 89.75 89.75 89.75 89.75 89.75 89.75 89.75 89.75 89.75 89.75 89.75 89.75 89.75 89.75 89.75
18.005 90 90 90 90 90 90 90 90 90 90 90 90 89.9999 90 90 90 90 90 90 90 90 90 90 90 90 90 90 90 90 90 90 90 90 90 90 90 90 90 90 90 90 90 90 90 90 90 90 90
18.055 90.25 90.25 90.25 90.25 90.25 90.25 90.25 90.25 90.25 90.25 90.25 90.25 90.2499 90.25 90.25 90.25 90.25 90.25 90.25 90.25 90.25 90.25 90.25 90.25 90.25 90.25 90.25 90.25 90.25 90.25 90.25 90.25 90.25 90.25 90.25 90.25 90.25 90.25 90.25 90.25 90.25 90.25 90.25 90.25 90.25 90.25 90.25 90.25
18.105 90.5 90.5 90.5 90.5 90.5 90.5 90.5 90.5 90.5 90.5 90.5 90.5 90.4999 90.5 90.5 90.5 90.5 90.5 90.5 90.5 90.5 90.5 90.5 90.5 90.5 90.5 90.5 90.5 90.5 90.5 90.5 90.5 90.5 90.5 90.5 90.5 90.5 90.5 90.5 90.5 90.5 90.5 90.5 90.5 90.5 90.5 90.5 90.5
18.155 90.75 90.75 90.75 90.75 90.75 90.75 90.75 90.75 90.75 90.75 90.75 90.75 90.7499 90.75 90.75 90.75 90.75 90.75 90.75 90.75 90.75 90.75 90.75 90.75 90.75 90.75 90.75 90.75 90.75 90.75 90.75 90.75 90.75 90.75 90.75 90.75 90.75 90.75 90.75 90.75 90.75 90.75 90.75 90.75 90.75 90.75 90.75 90.75
18.205 91 91 91 91 91 91 91 91 91 91 91 91 90.9999 91 91 91 91 91 91 91 91 91 91 91 91 91 91 91 91 91 91 91 91 91 91 91 91 91 91 91 91 91 91 91 91 91 91 91
18.255 91.25 91.25 91.25 91.25 91.25 91.25 91.25 91.25 91.25 91.25 91.25 91.25 91.2499 91.25 91.25 91.25 91.25 91.25 91.25 91.25 91.25 91.25 91.25 91.25 91.25 91.25 91.25 91.25 91.25 91.25 91.25 91.25 91.25 91.25 91.25 91.25 91.25 91.25 91.25 91.25 91.25 91.25 91.25 91.25 91.25 91.25 91.25 91.25
18.305 91.5 91.5 91.5 91.5 91.5 91.5 91.5 91.5 91.5 91.5 91.5 91.5 91.4999 91.5 91.5 91.5 91.5 91.5 91.5 91.5 91.5 91.5 91.5 91.5 91.5 91.5 91.5 91.5 91.5 91.5 91.5 91.5 91.5 91.5 91.5 91.5 91.5 91.5 91.5 91.5 91.5 91.5 91.5 91.5 91.5 91.5 91.5 91.5
18.355 91.75 91.75 91.75 91.75 91.75 91.75 91.75 91.75 91.75 91.75 91.75 91.75 91.7499 91.75 91.75 91.75 91.75 91.75 91.75 91.75 91.75 91.75 91.75 91.75 91.75 91.75 91.75 91.75 91.75 91.75 91.75 91.75 91.75 91.75 91.75 91.75 91.75 91.75 91.75 91.75 91.75 91.75 91.75 91.75 91.75 91.75 91.75 91.75
18.405 92 92 92 92 92 92 92 92 92 92 92 92 91.9999 92 92 92 92 92 92 92 92 92 92 92 92 92 92 92 92 92 92 92 92 92 92 92 92 92 92 92 92 92 92 92 92 92 92 92
18.455 92.25 92.25 92.25 92.25 92.25 92.25 92.25 92.25 92.25 92.25 92.25 92.25 92.2499 92.25 92.25 92.25 92.25 92.25 92.25 92.25 92.25 92.25 92.25 92.25 92.25 92.25 92.25 92.25 92.25 92.25 92.25 92.25 92.25 92.25 92.25 92.25 92.25 92.25 92.25 92.25 92.25 92.25 92.25 92.25 92.25 92.25 92.25 92.25
18.505 92.5 92.5 92.5 92.5 92.5 92.5 92.5 92.5 92.5 92.5 92.5 92.5 92.4999 92.5 92.5 92.5 92.5 92.5 92.5 92.5 92.5 92.5 92.5 92.5 92.5 92.5 92.5 92.5 92.5 92.5 92.5 92.5 92.5 92.5 92.5 92.5 92.5 92.5 92.5 92.5 92.5 92.5 92.5 92.5 92.5 92.5 92.5 92.5
18.555 92.75 92.75 92.75 92.75 92.75 92.75 92.75 92.75 92.75 92.75 92.75 92.75 92.7499 92.75 92.75 92.75 92.75 92.75 92.75 92.75 92.75 92.75 92.75 92.75 92.75 92.75 92.75 92.75 92.75 92.75 92.75 92.75 92.75 92.75 92.75 92.75 92.75 92.75 92.75 92.75 92.75 92.75 92.75 92.75 92.75 92.75 92.75 92.75
18.605 93 93 93 93 93 93 93 93 93 93 93 93 92.9999 93 93 93 93 93 93 93 93 93 93 93 93 93 93 93 93 93 93 93 93 93 93 93 93 93 93 93 93 93 93 93 93 93 93 93
18.655 93.25 93.25 93.25 93.25 93.25 93.25 93.25 93.25 93.25 93.25 93.25 93.25 93.2499 93.25 93.25 93.25 93.25 93.25 93.25 93.25 93.25 93.25 93.25 93.25 93.25 93.25 93.25 93.25 93.25 93.25 93.25 93.25 93.25 93.25 93.25 93.25 93.25 93.25 93.25 93.25 93.25 93.25 93.25 93.25 93.25 93.25 93.25 93.25
18.705 93.5 93.5 93.5 93.5 93.5 93.5 93.5 93.5 93.5 93.5 93.5 93.5 93.4999 93.5 93.5 93.5 93.5 93.5 93.5 93.5 93.5 93.5 93.5 93.5 93.5 93.5 93.5 93.5 93.5 93.5 93.5 93.5 93.5 93.5 93.5 93.5 93.5 93.5 93.5 93.5 93.5 93.5 93.5 93.5 93.5 93.5 93.5 93.5
18.755 93.75 93.75 93.75 93.75 93.75 93.75 93.75 93.75 93.75 93.75 93.75 93.75 93.7499 93.75 93.75 93.75 93.75 93.75 93.75 93.75 93.75 93.75 93.75 93.75 93.75 93.75 93.75 93.75 93.75 93.75 93.75 93.75 93.75 93.75 93.75 93.75 93.75 93.75 93.75 93.75 93.75 93.75 93.75 93.75 93.75 93.75 93.75 93.75
18.805 94 94 94 94 94 94 94 94 94 94 94 94 93.9999 94 94 94 94 94 94 94 94 94 94 94 94 94 94 94 94 94 94 94 94 94 94 94 94 94 94 94 94 94 94 94 94 94 94 94
18.855 94.25 94.25 94.25 94.25 94.25 94.25 94.25 94.25 94.25 94.25 94.25 94.25 94.2499 94.25 94.25 94.25 94.25 94.25 94.25 94.25 94.25 94.25 94.25 94.25 94.25 94.25 94.25 94.25 94.25 94.25 94.25 94.25 94.25 94.25 94.25 94.25 94.25 94.25 94.25 94.25 94.25 94.25 94.25 94.25 94.25 94.25 94.25 94.25
18.905 94.5 94.5 94.5 94.5 94.5 94.5 94.5 94.5 94.5 94.5 94.5 94.5 94.4999 94.5 94.5 94.5 94.5 94.5 94.5 94.5 94.5 94.5 94.5 94.5 94.5 94.5 94.5 94.5 94.5 94.5 94.5 94.5 94.5 94.5 94.5 94.5 94.5 94.5 94.5 94.5 94.5 94.5 94.5 94.5 94.5 94.5 94.5 94.5
18.955 94.75 94.75 94.75 94.75 94.75 94.75 94.75 94.75 94.75 94.75 94.75 94.75 94.7499 94.75 94.75 94.75 94.75 94.75 94.75 94.75 94.75 94.75 94.75 94.75 94.75 94.75 94.75 94.75 94.75 94.75 94.75 94.75 94.75 94.75 94.75 94.75 94.75 94.75 94.75 94.75 94.75 94.75 94.75 94.75 94.75 94.75 94.75 94.75
19.005 95 95 95 95 95 95 95 95 95 95 95 95 94.9999 95 95 95 95 95 95 95 95 95 95 95 95 95 95 95 95 95 95 95 95 95 95 95 95 95 95 95 95 95 95 95 95 95 95 95
19.055 95.25 95.25 95.25 95.25 95.25 95.25 95.25 95.25 95.25 95.25 95.25 95.25 95.2499 95.25 95.25 95.25 95.25 95.25 95.25 95.25 95.25 95.25 95.25 95.25 95.25 95.25 95.25 95.25 95.25 95.25 95.25 95.25 95.25 95.25 95.25 95.25 95.25 95.25 95.25 95.25 95.25 95.25 95.25 95.25 95.25 95.25 95.25 95.25
19.105 95.5 95.5 95.5 95.5 95.5 95.5 95.5 95.5 95.5 95.5 95.5 95.5 95.4999 95.5 95.5 95.5 95.5 95.5 95.5 95.5 95.5 95.5 95.5 95.5 95.5 95.5 95.5 95.5 95.5 95.5 95.5 95.5 95.5 95.5 95.5 95.5 95.5 95.5 95.5 95.5 95.5 95.5 95.5 95.5 95.5 95.5 95.5 95.5
19.155 95.75 95.75 95.75 95.75 95.75 95.75 95.75 95.75 95.75 95.75 95.75 95.75 95.7499 95.75 95.75 95.75 95.75 95.75 95.75 95.75 95.75 95.75 95.75 95.75 95.75 95.75 95.75 95.75 95.75 95.75 95.75 95.75 95.75 95.75 95.75 95.75 95.75 95.75 95.75 95.75 95.75 95.75 95.75 95.75 95.75 95.75 95.75 95.75
19.205 96 96 96 96 96 96 96 96 96 96 96 96 95.9999 96 96 96 96 96 96 96 96 96 96 96 96 96 96 96 96 96 96 96 96 96 96 96 96 96 96 96 96 96 96 96 96 96 96 96
19.255 96.25 96.25 96.25 96.25 96.25 96.25 96.25 96.25 96.25 96.25 96.25 96.25 96.2499 96.25 96.25 96.25 96.25 96.25 96.25 96.25 96.25 96.25 96.25 96.25 96.25 96.25 96.25 96.25 96.25 96.25 96.25 96.25 96.25 96.25 96.25 96.25 96.25 96.25 96.25 96.25 96.25 96.25 96.25 96.25 96.25 96.25 96.25 96.25
19.305 96.5 96.5 96.5 96.5 96.5 96.5 96.5 96.5 96.5 96.5 96.5 96.5 96.4999 96.5 96.5 96.5 96.5 96.5 96.5 96.5 96.5 96.5 96.5 96.5 96.5 96.5 96.5 96.5 96.5 96.5 96.5 96.5 96.5 96.5 96.5 96.5 96.5 96.5 96.5 96.5 96.5 96.5 96.5 96.5 96.5 96.5 96.5 96.5
19.355 96.75 96.75 96.75 96.75 96.75 96.75 96.75 96.75 96.75 96.75 96.75 96.75 96.7499 96.75 96.75 96.75 96.75 96.75 96.75 96.75 96.75 96.75 96.75 96.75 96.75 96.75 96.75 96.75 96.75 96.75 96.75 96.75 96.75 96.75 96.75 96.75 96.75 96.75 96.75 96.75 96.75 96.75 96.75 96.75 96.75 96.75 96.75 96.75
19.405 97 97 97 97 97 97 97 97 97 97 97 97 96.9999 97 97 97 97 97 97 97 97 97 97 97 97 97 97 97 97 97 97 97 97 97 97 97 97 97 97 97 97 97 97 97 97 97 97 97
19.455 97.25 97.25 97.25 97.25 97.25 97.25 97.25 97.25 97.25 97.25 97.25 97.25 97.2499 97.25 97.25 97.25 97.25 97.25 97.25 97.25 97.25 97.25 97.25 97.25 97.25 97.25 97.25 97.25 97.25 97.25 97.25 97.25 97.25 97.25 97.25 97.25 97.25 97.25 97.25 97.25 97.25 97.25 97.25 97.25 97.25 97.25 97.25 97.25
19.505 97.5 97.5 97.5 97.5 97.5 97.5 97.5 97.5 97.5 97.5 97.5 97.5 97.4999 97.5 97.5 97.5 97.5 97.5 97.5 97.5 97.5 97.5 97.5 97.5 97.5 97.5 97.5 97.5 97.5 97.5 97.5 97.5 97.5 97.5 97.5 97.5 97.5 97.5 97.5 97.5 97.5 97.5 97.5 97.5 97.5 97.5 97.5 97.5
19.555 97.75 97.75 97.75 97.75 97.75 97.75 97.75 97.75 97.75 97.75 97.75 97.75 97.7499 97.75 97.75 97.75 97.75 97.75 97.75 97.75 97.75 97.75 97.75 97.75 97.75 97.75 97.75 97.75 97.75 97.75 97.75 97.75 97.75 97.75 97.75 97.75 97.75 97.75 97.75 97.75 97.75 97.75 97.75 97.75 97.75 97.75 97.75 97.75
19.605 98 98 98 98 98 98 98 98 98 98 98 98 97.9999 98 98 98 98 98 98 98 98 98 98 98 98 98 98 98 98 98 98 98 98 98 98 98 98 98 98 98 98 98 98 98 98 98 98 98
19.655 98.25 98.25 98.25 98.25 98.25 98.25 98.25 98.25 98.25 98.25 98.25 98.25 98.2499 98.25 98.25 98.25 98.25 98.25 98.25 98.25 98.25 98.25 98.25 98.25 98.25 98.25 98.25 98.25 98.25 98.25 98.25 98.25 98.25 98.25 98.25 98.25 98.25 98.25 98.25 98.25 98.25 98.25 98.25 98.25 98.25 98.25 98.25 98.25
19.705 98.5 98.5 98.5 98.5 98.5 98.5 98.5 98.5 98.5 98.5 98.5 98.5 98.4999 98.5 98.5 98.5 98.5 98.5 98.5 98.5 98.5 98.5 98.5 98.5 98.5 98.5 98.5 98.5 98.5 98.5 98.5 98.5 98.5 98.5 98.5 98.5 98.5 98.5 98.5 98.5 98.5 98.5 98.5 98.5 98.5 98.5 98.5 98.5
19.755 98.75 98.75 98.75 98.75 98.75 98.75 98.75 98.75 98.75 98.75 98.75 98.75 98.7499 98.75 98.75 98.75 98.75 98.75 98.75 98.75 98.75 98.75 98.75 98.75 98.75 98.75 98.75 98.75 98.75 98.75 98.75 98.75 98.75 98.75 98.75 98.75 98.75 98.75 98.75 98.75 98.75 98.75 98.75 98.75 98.75 98.75 98.75 98.75
19.805 99 99 99 99 99 99 99 99 99 99 99 99 98.9999 99 99 99 99 99 99 99 99 99 99 99 99 99 99 99 99 99 99 99 99 99 99 99 99 99 99 99 99 99 99 99 99 99 99 99
19.855 99.25 99.25 99.25 99.25 99.25 99.25 99.25 99.25 99.25 99.25 99.25 99.25 99.2499 99.25 99.25 99.25 99.25 99.25 99.25 99.25 99.25 99.25 99.25 99.25 99.25 99.25 99.25 99.25 99.25 99.25 99.25 99.25 99.25 99.25 99.25 99.25 99.25 99.25 99.25 99.25 99.25 99.25 99.25 99.25 99.25 99.25 99.25 99.25
19.905 99.5 99.5 99.5 99.5 99.5 99.5 99.5 99.5 99.5 99.5 99.5 99.5 99.4999 99.5 99.5 99.5 99.5 99.5 99.5 99.5 99.5 99.5 99.5 99.5 99.5 99.5 99.5 99.5 99.5 99.5 99.5 99.5 99.5 99.5 99.5 99.5 99.5 99.5 99.5 99.5 99.5 99.5 99.5 99.5 99.5 99.5 99.5 99.5
19.955 99.75 99.75 99.75 99.75 99.75 99.75 99.75 99.75 99.75 99.75 99.75 99.75 99.7499 99.75 99.75 99.75 99.75 99.75 99.75 99.75 99.75 99.75 99.75 99.75 99.75 99.75 99.75 99.75 99.75 99.75 99.75 99.75 99.75 99.75 99.75 99.75 99.75 99.75 99.75 99.75 99.75 99.75 99.75 99.75 99.75 99.75 99.75 99.75
