50.005 0
50.055 4.24733e-05
50.105 4.22299e-05
50.155 4.18715e-05
50.205 4.02603e-05
50.255 3.59779e-05
50.305 2.89704e-05
50.355 2.02485e-05
50.405 1.13425e-05
50.455 4.0482e-06
50.505 2.66389e-06
50.555 6.01421e-06
50.605 8.70081e-06
50.655 1.05556e-05
50.705 1.10208e-05
50.755 8.12376e-06
50.805 5.29842e-06
50.855 1.75867e-05
50.905 3.52474e-05
50.955 5.13455e-05
51.005 6.12151e-05
51.055 6.16501e-05
51.105 5.46079e-05
51.155 4.26058e-05
51.205 2.80635e-05
51.255 1.39554e-05
51.305 2.31544e-06
51.355 9.6504e-06
51.405 1.83637e-05
51.455 2.56672e-05
51.505 3.59646e-05
51.555 4.28884e-05
51.605 4.20145e-05
51.655 3.85188e-05
51.705 3.54883e-05
51.755 3.08423e-05
51.805 2.52417e-05
51.855 1.94725e-05
51.905 1.40588e-05
51.955 8.92376e-06
52.005 4.06297e-06
52.055 6.37343e-06
52.105 1.34578e-05
52.155 1.96582e-05
52.205 2.38338e-05
52.255 2.63179e-05
52.305 2.77097e-05
52.355 2.84813e-05
52.405 2.89472e-05
52.455 2.92225e-05
52.505 2.9332e-05
52.555 2.93081e-05
52.605 2.90005e-05
52.655 2.93678e-05
52.705 2.89581e-05
52.755 2.64433e-05
52.805 2.08732e-05
52.855 1.25977e-05
52.905 3.89063e-06
52.955 5.90703e-06
53.005 1.15326e-05
53.055 1.53963e-05
53.105 1.76955e-05
53.155 1.84682e-05
53.205 1.74744e-05
53.255 1.34235e-05
53.305 4.95086e-06
53.355 1.41363e-05
53.405 3.39468e-05
53.455 5.41739e-05
53.505 6.94673e-05
53.555 7.49218e-05
53.605 7.09865e-05
53.655 6.01435e-05
53.705 4.40374e-05
53.755 2.69878e-05
53.805 1.16623e-05
53.855 2.68355e-06
53.905 1.40229e-05
53.955 2.53761e-05
54.005 3.71169e-05
54.055 4.47267e-05
54.105 4.33138e-05
54.155 3.94404e-05
54.205 3.74316e-05
54.255 3.4284e-05
54.305 2.95499e-05
54.355 2.37548e-05
54.405 1.78296e-05
54.455 1.2379e-05
54.505 7.59941e-06
54.555 4.25286e-06
54.605 6.80201e-06
54.655 1.22289e-05
54.705 1.71643e-05
54.755 2.08913e-05
54.805 2.34758e-05
54.855 2.52503e-05
54.905 2.64729e-05
54.955 2.72626e-05
55.005 2.76711e-05
55.055 2.77477e-05
55.105 2.75764e-05
55.155 2.7116e-05
55.205 2.74101e-05
55.255 2.70656e-05
55.305 2.41559e-05
55.355 1.76486e-05
55.405 8.60993e-06
55.455 3.69056e-06
55.505 1.10537e-05
55.555 1.79897e-05
55.605 2.35413e-05
55.655 2.77825e-05
55.705 3.08031e-05
55.755 3.18452e-05
55.805 2.7936e-05
55.855 1.91873e-05
55.905 7.31378e-06
55.955 1.61903e-05
56.005 3.29511e-05
56.055 4.49575e-05
56.105 4.98193e-05
56.155 4.76424e-05
56.205 3.86004e-05
56.255 2.63521e-05
56.305 1.36887e-05
56.355 3.072e-06
56.405 1.16738e-05
56.455 2.23639e-05
56.505 3.25677e-05
56.555 3.90125e-05
56.605 3.68414e-05
56.655 2.95529e-05
56.705 2.507e-05
56.755 2.08155e-05
56.805 1.74593e-05
56.855 1.52789e-05
56.905 1.34784e-05
56.955 1.08375e-05
57.005 6.79154e-06
57.055 2.10747e-06
57.105 7.01117e-06
57.155 1.55144e-05
57.205 2.37169e-05
57.255 2.99462e-05
57.305 3.37411e-05
57.355 3.54887e-05
57.405 3.60386e-05
57.455 3.60549e-05
57.505 3.58037e-05
57.555 3.53768e-05
57.605 3.48385e-05
57.655 3.42836e-05
57.705 3.39229e-05
57.755 3.3801e-05
57.805 3.2418e-05
57.855 2.80467e-05
57.905 2.0783e-05
57.955 1.16599e-05
58.005 3.4475e-06
58.055 6.61255e-06
58.105 1.24748e-05
58.155 1.75291e-05
58.205 2.18856e-05
58.255 2.50917e-05
58.305 2.44775e-05
58.355 1.84257e-05
58.405 8.30579e-06
58.455 1.41352e-05
58.505 3.12723e-05
58.555 4.47953e-05
58.605 5.092e-05
58.655 4.95997e-05
58.705 4.15516e-05
58.755 2.94349e-05
58.805 1.645e-05
58.855 4.73164e-06
58.905 7.55316e-06
58.955 1.56454e-05
59.005 2.28328e-05
59.055 3.15284e-05
59.105 3.40235e-05
59.155 2.9061e-05
59.205 2.42112e-05
59.255 2.05028e-05
59.305 1.75185e-05
59.355 1.55617e-05
59.405 1.42541e-05
59.455 1.32878e-05
59.505 1.20283e-05
59.555 9.1366e-06
59.605 4.09229e-06
59.655 6.15137e-06
59.705 1.40124e-05
59.755 2.06053e-05
59.805 2.51069e-05
59.855 2.80112e-05
59.905 2.99178e-05
59.955 3.105e-05
60.005 3.16807e-05
60.055 3.20979e-05
60.105 3.24322e-05
60.155 3.26822e-05
60.205 3.27425e-05
60.255 3.21162e-05
60.305 2.95427e-05
60.355 2.44275e-05
60.405 1.73628e-05
60.455 9.68627e-06
60.505 3.03707e-06
60.555 4.11642e-06
60.605 8.07015e-06
60.655 1.16838e-05
60.705 1.54894e-05
60.755 1.91933e-05
60.805 2.08988e-05
60.855 1.75611e-05
60.905 9.51429e-06
60.955 9.54527e-06
61.005 2.69583e-05
61.055 4.40673e-05
61.105 5.51829e-05
61.155 5.83553e-05
61.205 5.34163e-05
61.255 4.09738e-05
61.305 2.51023e-05
61.355 9.6608e-06
61.405 6.10318e-06
61.455 1.76415e-05
61.505 2.86296e-05
61.555 3.85857e-05
61.605 4.48362e-05
61.655 4.20959e-05
61.705 3.68091e-05
61.755 3.32841e-05
61.805 2.9741e-05
61.855 2.57105e-05
61.905 2.10555e-05
61.955 1.61397e-05
62.005 1.10665e-05
62.055 5.55262e-06
62.105 5.05658e-06
62.155 1.27746e-05
62.205 2.02062e-05
62.255 2.54135e-05
62.305 2.83724e-05
62.355 2.9717e-05
62.405 2.99449e-05
62.455 2.96106e-05
62.505 2.91801e-05
62.555 2.88741e-05
62.605 2.8765e-05
62.655 2.89236e-05
62.705 2.93692e-05
62.755 2.94465e-05
62.805 2.74047e-05
62.855 2.24287e-05
62.905 1.51074e-05
62.955 6.92277e-06
63.005 3.69996e-06
63.055 8.65671e-06
63.105 1.30766e-05
63.155 1.69577e-05
63.205 2.06375e-05
63.255 2.38972e-05
63.305 2.52908e-05
63.355 2.17043e-05
63.405 1.34487e-05
63.455 5.8661e-06
63.505 2.01318e-05
63.555 3.59045e-05
63.605 4.57796e-05
63.655 4.82482e-05
63.705 4.41225e-05
63.755 3.41051e-05
63.805 2.21917e-05
63.855 1.10514e-05
63.905 2.26507e-06
63.955 9.58065e-06
64.005 1.7948e-05
64.055 2.61109e-05
64.105 3.187e-05
64.155 2.88864e-05
64.205 2.10545e-05
64.255 1.55483e-05
64.305 1.0391e-05
64.355 6.57561e-06
64.405 4.47824e-06
64.455 3.446e-06
64.505 2.46629e-06
64.555 1.76095e-06
64.605 6.02709e-06
64.655 1.33988e-05
64.705 2.13125e-05
64.755 2.76214e-05
64.805 3.15183e-05
64.855 3.33164e-05
64.905 3.35225e-05
64.955 3.29309e-05
65.005 3.22808e-05
65.055 3.18587e-05
65.105 3.16323e-05
65.155 3.15326e-05
65.205 3.16202e-05
65.255 3.18955e-05
65.305 3.10816e-05
65.355 2.74899e-05
65.405 2.11266e-05
65.455 1.29856e-05
65.505 4.91092e-06
65.555 4.55391e-06
65.605 9.76398e-06
65.655 1.44969e-05
65.705 1.90047e-05
65.755 2.32172e-05
65.805 2.61413e-05
65.855 2.48836e-05
65.905 1.88359e-05
65.955 8.54186e-06
66.005 1.25967e-05
66.055 2.7918e-05
66.105 3.91912e-05
66.155 4.33802e-05
66.205 4.10819e-05
66.255 3.30602e-05
66.305 2.25302e-05
66.355 1.2356e-05
66.405 3.37801e-06
66.455 5.98201e-06
66.505 1.23053e-05
66.555 1.95562e-05
66.605 2.69833e-05
66.655 2.68848e-05
66.705 1.96492e-05
66.755 1.51379e-05
66.805 1.09901e-05
66.855 7.82322e-06
66.905 6.13605e-06
66.955 5.95788e-06
67.005 6.5029e-06
67.055 6.27373e-06
67.105 4.28312e-06
67.155 6.16757e-06
67.205 1.31583e-05
67.255 1.97832e-05
67.305 2.4415e-05
67.355 2.70372e-05
67.405 2.8052e-05
67.455 2.80657e-05
67.505 2.80133e-05
67.555 2.85821e-05
67.605 2.99533e-05
67.655 3.20473e-05
67.705 3.47016e-05
67.755 3.74692e-05
67.805 3.88235e-05
67.855 3.70277e-05
67.905 3.18388e-05
67.955 2.40909e-05
68.005 1.53294e-05
68.055 7.44636e-06
68.105 2.22719e-06
68.155 4.71014e-06
68.205 8.68864e-06
68.255 1.22379e-05
68.305 1.47557e-05
68.355 1.38055e-05
68.405 7.77004e-06
68.455 8.85425e-06
68.505 2.58064e-05
68.555 4.38124e-05
68.605 5.64732e-05
68.655 5.95767e-05
68.705 5.40471e-05
68.755 4.21183e-05
68.805 2.7162e-05
68.855 1.28345e-05
68.905 2.62469e-06
68.955 1.10831e-05
69.005 1.94424e-05
69.055 2.69112e-05
69.105 3.68596e-05
69.155 4.18695e-05
69.205 3.94924e-05
69.255 3.63742e-05
69.305 3.37953e-05
69.355 3.00198e-05
69.405 2.5405e-05
69.455 2.05137e-05
69.505 1.56433e-05
69.555 1.05261e-05
69.605 4.74532e-06
69.655 5.5933e-06
69.705 1.35234e-05
69.755 2.06032e-05
69.805 2.54707e-05
69.855 2.8406e-05
69.905 3.01378e-05
69.955 3.1082e-05
70.005 3.1579e-05
70.055 3.18785e-05
70.105 3.20772e-05
70.155 3.22053e-05
70.205 3.22993e-05
70.255 3.2386e-05
70.305 3.18141e-05
70.355 2.8986e-05
70.405 2.33417e-05
70.455 1.54548e-05
70.505 6.77046e-06
70.555 2.75882e-06
70.605 7.76849e-06
70.655 1.19057e-05
70.705 1.5177e-05
70.755 1.77056e-05
70.805 1.90589e-05
70.855 1.74601e-05
70.905 1.02627e-05
70.955 6.88009e-06
71.005 2.47839e-05
71.055 4.54058e-05
71.105 6.17798e-05
71.155 6.85331e-05
71.205 6.5431e-05
71.255 5.44142e-05
71.305 3.80059e-05
71.355 2.08336e-05
71.405 6.08735e-06
71.455 8.0897e-06
71.505 1.88262e-05
71.555 2.92063e-05
71.605 3.94368e-05
71.655 4.50515e-05
71.705 4.19205e-05
71.755 3.72523e-05
71.805 3.44678e-05
71.855 3.07452e-05
71.905 2.5867e-05
71.955 2.04031e-05
72.005 1.50531e-05
72.055 1.01563e-05
72.105 5.66293e-06
72.155 3.74714e-06
72.205 8.91577e-06
72.255 1.52378e-05
72.305 2.02833e-05
72.355 2.36097e-05
72.405 2.5563e-05
72.455 2.6733e-05
72.505 2.75405e-05
72.555 2.81167e-05
72.605 2.8457e-05
72.655 2.8555e-05
72.705 2.84621e-05
72.755 2.81752e-05
72.805 2.83925e-05
72.855 2.74255e-05
72.905 2.36307e-05
72.955 1.67231e-05
73.005 7.85149e-06
73.055 3.7139e-06
73.105 1.02655e-05
73.155 1.61503e-05
73.205 2.11096e-05
73.255 2.52884e-05
73.305 2.85789e-05
73.355 2.98357e-05
73.405 2.60031e-05
73.455 1.74216e-05
73.505 6.52558e-06
73.555 1.74142e-05
73.605 3.36266e-05
73.655 4.44961e-05
73.705 4.81903e-05
73.755 4.49938e-05
73.805 3.52191e-05
73.855 2.29657e-05
73.905 1.1184e-05
73.955 2.66447e-06
74.005 1.19109e-05
74.055 2.22823e-05
74.105 3.2535e-05
74.155 3.91666e-05
74.205 3.68747e-05
74.255 3.00657e-05
74.305 2.57389e-05
74.355 2.13315e-05
74.405 1.75416e-05
74.455 1.47296e-05
74.505 1.24197e-05
74.555 9.54167e-06
74.605 5.50589e-06
74.655 2.31788e-06
74.705 8.87215e-06
74.755 1.74559e-05
74.805 2.5286e-05
74.855 3.09763e-05
74.905 3.42279e-05
74.955 3.54623e-05
75.005 3.55786e-05
75.055 3.53117e-05
75.105 3.49696e-05
75.155 3.46032e-05
75.205 3.421e-05
75.255 3.38609e-05
75.305 3.37426e-05
75.355 3.34217e-05
75.405 3.09899e-05
75.455 2.54003e-05
75.505 1.72612e-05
75.555 7.94861e-06
75.605 3.29715e-06
75.655 9.12196e-06
75.705 1.4699e-05
75.755 1.95827e-05
75.805 2.38115e-05
75.855 2.6691e-05
75.905 2.53088e-05
75.955 1.87558e-05
76.005 8.2595e-06
76.055 1.4315e-05
76.105 3.06844e-05
76.155 4.27894e-05
76.205 4.76813e-05
76.255 4.58353e-05
76.305 3.79418e-05
76.355 2.67862e-05
76.405 1.4942e-05
76.455 4.02307e-06
76.505 7.6604e-06
76.555 1.48451e-05
76.605 2.24872e-05
76.655 3.0189e-05
76.705 3.11628e-05
76.755 2.49583e-05
76.805 2.08509e-05
76.855 1.75948e-05
76.905 1.54828e-05
76.955 1.43637e-05
77.005 1.37231e-05
77.055 1.29353e-05
77.105 1.10256e-05
77.155 6.99221e-06
77.205 3.69777e-06
77.255 1.03726e-05
77.305 1.79823e-05
77.355 2.36274e-05
77.405 2.71595e-05
77.455 2.91531e-05
77.505 2.99373e-05
77.555 2.99829e-05
77.605 2.97711e-05
77.655 2.95401e-05
77.705 2.95545e-05
77.755 2.99804e-05
77.805 3.08326e-05
77.855 3.12342e-05
77.905 2.9524e-05
77.955 2.52287e-05
78.005 1.90224e-05
78.055 1.22016e-05
78.105 6.14123e-06
78.155 2.68277e-06
78.205 5.10776e-06
78.255 9.29485e-06
78.305 1.37235e-05
78.355 1.77483e-05
78.405 1.90597e-05
78.455 1.50124e-05
78.505 6.85819e-06
78.555 1.21367e-05
78.605 2.85967e-05
78.655 4.28983e-05
78.705 5.03876e-05
78.755 5.03684e-05
78.805 4.35161e-05
78.855 3.17398e-05
78.905 1.84829e-05
78.955 6.01472e-06
79.005 7.23884e-06
79.055 1.69642e-05
79.105 2.50092e-05
79.155 3.34386e-05
79.205 3.67279e-05
79.255 3.24052e-05
79.305 2.64969e-05
79.355 2.24862e-05
79.405 1.9264e-05
79.455 1.73318e-05
79.505 1.62114e-05
79.555 1.53153e-05
79.605 1.36922e-05
79.655 9.92157e-06
79.705 4.22235e-06
79.755 7.67565e-06
79.805 1.58084e-05
79.855 2.22794e-05
79.905 2.66181e-05
79.955 2.94198e-05
80.005 3.11003e-05
80.055 3.19341e-05
80.105 3.23234e-05
80.155 3.26743e-05
80.205 3.31203e-05
80.255 3.36641e-05
80.305 3.43237e-05
80.355 3.44891e-05
80.405 3.2654e-05
80.455 2.82183e-05
80.505 2.1768e-05
80.555 1.45566e-05
80.605 7.97254e-06
80.655 3.0645e-06
80.705 2.44035e-06
80.755 6.29243e-06
80.805 1.0958e-05
80.855 1.58717e-05
80.905 1.90887e-05
80.955 1.72103e-05
81.005 1.05687e-05
81.055 8.1544e-06
81.105 2.29358e-05
81.155 3.8016e-05
81.205 4.67699e-05
81.255 4.80219e-05
81.305 4.26471e-05
81.355 3.1653e-05
81.405 1.88085e-05
81.455 7.00433e-06
81.505 5.73508e-06
81.555 1.5376e-05
81.605 2.37375e-05
81.655 3.21284e-05
81.705 3.74103e-05
81.755 3.44068e-05
81.805 2.81669e-05
81.855 2.45408e-05
81.905 2.15e-05
81.955 1.93211e-05
82.005 1.75961e-05
82.055 1.57139e-05
82.105 1.31097e-05
82.155 9.23245e-06
82.205 4.93362e-06
82.255 8.45863e-06
82.305 1.60993e-05
82.355 2.26521e-05
82.405 2.73093e-05
82.455 3.02221e-05
82.505 3.18724e-05
82.555 3.3031e-05
82.605 3.42577e-05
82.655 3.57129e-05
82.705 3.73073e-05
82.755 3.89058e-05
82.805 4.04354e-05
82.855 4.14461e-05
82.905 4.02403e-05
82.955 3.55658e-05
83.005 2.75664e-05
83.055 1.74266e-05
83.105 7.62102e-06
83.155 1.94841e-06
83.205 6.46695e-06
83.255 1.03244e-05
83.305 1.29553e-05
83.355 1.43117e-05
83.405 1.34129e-05
83.455 7.70344e-06
83.505 8.45801e-06
83.555 2.45983e-05
83.605 4.27137e-05
83.655 5.65946e-05
83.705 6.15739e-05
83.755 5.77571e-05
83.805 4.79385e-05
83.855 3.40109e-05
83.905 1.94986e-05
83.955 6.66484e-06
84.005 5.49841e-06
84.055 1.49312e-05
84.105 2.22275e-05
84.155 3.15716e-05
84.205 4.13471e-05
84.255 4.36628e-05
84.305 4.00622e-05
84.355 3.74985e-05
84.405 3.33325e-05
84.455 2.79968e-05
84.505 2.2122e-05
84.555 1.63779e-05
84.605 1.10782e-05
84.655 6.07471e-06
84.705 3.57675e-06
84.755 9.27034e-06
84.805 1.62003e-05
84.855 2.17096e-05
84.905 2.53199e-05
84.955 2.74448e-05
85.005 2.86042e-05
85.055 2.92482e-05
85.105 2.96148e-05
85.155 2.97739e-05
85.205 2.97532e-05
85.255 2.96103e-05
85.305 2.93366e-05
85.355 2.95458e-05
85.405 2.8731e-05
85.455 2.52684e-05
85.505 1.86781e-05
85.555 9.75994e-06
85.605 2.70265e-06
85.655 8.25291e-06
85.705 1.37711e-05
85.755 1.77469e-05
85.805 2.03836e-05
85.855 2.16475e-05
85.905 2.10311e-05
85.955 1.60017e-05
86.005 6.39019e-06
86.055 1.46585e-05
86.105 3.56165e-05
86.155 5.52462e-05
86.205 6.76908e-05
86.255 6.97655e-05
86.305 6.27378e-05
86.355 4.86969e-05
86.405 3.1674e-05
86.455 1.55265e-05
86.505 2.73531e-06
86.555 1.13287e-05
86.605 2.18087e-05
86.655 3.26797e-05
86.705 4.20678e-05
86.755 4.38993e-05
86.805 3.92488e-05
86.855 3.61002e-05
86.905 3.35746e-05
86.955 2.99826e-05
87.005 2.53195e-05
87.055 2.02749e-05
87.105 1.53754e-05
87.155 1.07825e-05
87.205 6.36159e-06
87.255 4.22959e-06
87.305 9.00117e-06
87.355 1.50112e-05
87.405 1.98093e-05
87.455 2.30652e-05
87.505 2.51228e-05
87.555 2.64548e-05
87.605 2.73352e-05
87.655 2.78592e-05
87.705 2.81575e-05
87.755 2.81321e-05
87.805 2.79325e-05
87.855 2.76978e-05
87.905 2.78104e-05
87.955 2.64486e-05
88.005 2.20219e-05
88.055 1.4708e-05
88.105 5.96072e-06
88.155 4.85293e-06
88.205 1.15015e-05
88.255 1.7288e-05
88.305 2.21947e-05
88.355 2.63538e-05
88.405 2.94391e-05
88.455 2.9364e-05
88.505 2.36695e-05
88.555 1.30927e-05
88.605 8.10771e-06
88.655 2.46829e-05
88.705 4.02595e-05
88.755 4.91151e-05
88.805 5.03448e-05
88.855 4.41452e-05
88.905 3.26261e-05
88.955 1.96621e-05
89.005 7.46654e-06
89.055 4.9018e-06
89.105 1.56585e-05
89.155 2.72759e-05
89.205 3.80918e-05
89.255 4.1482e-05
89.305 3.64621e-05
89.355 3.01191e-05
89.405 2.56009e-05
89.455 2.09848e-05
89.505 1.72078e-05
89.555 1.48024e-05
89.605 1.33109e-05
89.655 1.22301e-05
89.705 1.06953e-05
89.755 7.47693e-06
89.805 3.6967e-06
89.855 8.28712e-06
89.905 1.54011e-05
89.955 2.11498e-05
90.005 2.49568e-05
90.055 2.70731e-05
90.105 2.81653e-05
90.155 2.87858e-05
90.205 2.9185e-05
90.255 2.94446e-05
90.305 2.96219e-05
90.355 2.98424e-05
90.405 3.02335e-05
90.455 2.98694e-05
90.505 2.68446e-05
90.555 2.07345e-05
90.605 1.25223e-05
90.655 4.2932e-06
90.705 6.00489e-06
90.755 1.19574e-05
90.805 1.71945e-05
90.855 2.1988e-05
90.905 2.62807e-05
90.955 2.85911e-05
91.005 2.55901e-05
91.055 1.73414e-05
91.105 6.69367e-06
91.155 1.8293e-05
91.205 3.42174e-05
91.255 4.40042e-05
91.305 4.63429e-05
91.355 4.23335e-05
91.405 3.26819e-05
91.455 2.12982e-05
91.505 1.05834e-05
91.555 1.69425e-06
91.605 9.21793e-06
91.655 1.68228e-05
91.705 2.66874e-05
91.755 3.44144e-05
91.805 3.31895e-05
91.855 2.70923e-05
91.905 2.37308e-05
91.955 2.0587e-05
92.005 1.80746e-05
92.055 1.61549e-05
92.105 1.43602e-05
92.155 1.21426e-05
92.205 8.58872e-06
92.255 3.77055e-06
92.305 7.14416e-06
92.355 1.51453e-05
92.405 2.19417e-05
92.455 2.66088e-05
92.505 2.95109e-05
92.555 3.10386e-05
92.605 3.14851e-05
92.655 3.1384e-05
92.705 3.11931e-05
92.755 3.11343e-05
92.805 3.1277e-05
92.855 3.16096e-05
92.905 3.17804e-05
92.955 3.03593e-05
93.005 2.61888e-05
93.055 1.95203e-05
93.105 1.14612e-05
93.155 3.94454e-06
93.205 4.71777e-06
93.255 9.40165e-06
93.305 1.35574e-05
93.355 1.75433e-05
93.405 2.13042e-05
93.455 2.3948e-05
93.505 2.25423e-05
93.555 1.59708e-05
93.605 6.47068e-06
93.655 1.69011e-05
93.705 3.40477e-05
93.755 4.67297e-05
93.805 5.16925e-05
93.855 4.92191e-05
93.905 3.99556e-05
93.955 2.68809e-05
94.005 1.33592e-05
94.055 2.64489e-06
94.105 1.08042e-05
94.155 1.8838e-05
94.205 2.69726e-05
94.255 3.62466e-05
94.305 3.84052e-05
94.355 3.33832e-05
94.405 3.01368e-05
94.455 2.69231e-05
94.505 2.29191e-05
94.555 1.78893e-05
94.605 1.23757e-05
94.655 6.92521e-06
94.705 2.87759e-06
94.755 7.95905e-06
94.805 1.61843e-05
94.855 2.39532e-05
94.905 2.95251e-05
94.955 3.26332e-05
95.005 3.38628e-05
95.055 3.38454e-05
95.105 3.33049e-05
95.155 3.27584e-05
95.205 3.23696e-05
95.255 3.21241e-05
95.305 3.19921e-05
95.355 3.20119e-05
95.405 3.20483e-05
95.455 3.07427e-05
95.505 2.66353e-05
95.555 1.97829e-05
95.605 1.11612e-05
95.655 3.46402e-06
95.705 6.26266e-06
95.755 1.14861e-05
95.805 1.59365e-05
95.855 1.99226e-05
95.905 2.33779e-05
95.955 2.57568e-05
96.005 2.4857e-05
96.055 1.89665e-05
96.105 9.06217e-06
96.155 1.16076e-05
96.205 2.80062e-05
96.255 4.21075e-05
96.305 4.90331e-05
96.355 4.85853e-05
96.405 4.14866e-05
96.455 2.99163e-05
96.505 1.69338e-05
96.555 4.64974e-06
96.605 8.98094e-06
96.655 1.90878e-05
96.705 2.74137e-05
96.755 3.68629e-05
96.805 4.05343e-05
96.855 3.65043e-05
96.905 3.15329e-05
96.955 2.86571e-05
97.005 2.60023e-05
97.055 2.41513e-05
97.105 2.21589e-05
97.155 1.92109e-05
97.205 1.4743e-05
97.255 8.05421e-06
97.305 3.93653e-06
97.355 1.43456e-05
97.405 2.48241e-05
97.455 3.25965e-05
97.505 3.73902e-05
97.555 3.9834e-05
97.605 4.09048e-05
97.655 4.13124e-05
97.705 4.13066e-05
97.755 4.09432e-05
97.805 4.03146e-05
97.855 3.96182e-05
97.905 3.91341e-05
97.955 3.85656e-05
98.005 3.60847e-05
98.055 3.04151e-05
98.105 2.16509e-05
98.155 1.13547e-05
98.205 2.65303e-06
98.255 5.56628e-06
98.305 1.00272e-05
98.355 1.2692e-05
98.405 1.37225e-05
98.455 1.29963e-05
98.505 9.22164e-06
98.555 5.54287e-06
98.605 1.7873e-05
98.655 3.5422e-05
98.705 5.15029e-05
98.755 6.15945e-05
98.805 6.24977e-05
98.855 5.60503e-05
98.905 4.48476e-05
98.955 3.06392e-05
99.005 1.64289e-05
99.055 4.0683e-06
99.105 7.58895e-06
99.155 1.69763e-05
99.205 2.43142e-05
99.255 3.45553e-05
99.305 4.27271e-05
99.355 4.29432e-05
99.405 3.93504e-05
99.455 3.6454e-05
99.505 3.20368e-05
99.555 2.65987e-05
99.605 2.08838e-05
99.655 1.54736e-05
99.705 1.05653e-05
99.755 5.91324e-06
99.805 3.72823e-06
99.855 9.16032e-06
99.905 1.5724e-05
99.955 2.08653e-05
100.005 2.42205e-05
100.055 2.62624e-05
100.105 2.74986e-05
100.155 2.8314e-05
100.205 2.88785e-05
100.255 2.92309e-05
100.305 2.93986e-05
100.355 2.94536e-05
100.405 2.94035e-05
100.455 2.97968e-05
100.505 2.89531e-05
100.555 2.54331e-05
100.605 1.89888e-05
100.655 1.05233e-05
100.705 2.9615e-06
100.755 5.80366e-06
100.805 1.05673e-05
100.855 1.40907e-05
100.905 1.65014e-05
100.955 1.76529e-05
101.005 1.66061e-05
101.055 1.03657e-05
101.105 6.39191e-06
101.155 2.34193e-05
101.205 4.48591e-05
101.255 6.32841e-05
101.305 7.29239e-05
101.355 7.20453e-05
101.405 6.25275e-05
101.455 4.64238e-05
101.505 2.82954e-05
101.555 1.17124e-05
101.605 4.32177e-06
101.655 1.60329e-05
101.705 2.72649e-05
101.755 3.91312e-05
101.805 4.7573e-05
101.855 4.65601e-05
101.905 4.08281e-05
101.955 3.85662e-05
102.005 3.58746e-05
102.055 3.20466e-05
102.105 2.71209e-05
102.155 2.18512e-05
102.205 1.65588e-05
102.255 1.14951e-05
102.305 6.38491e-06
102.355 4.02226e-06
102.405 9.89453e-06
102.455 1.65881e-05
102.505 2.18388e-05
102.555 2.54466e-05
102.605 2.77703e-05
102.655 2.92713e-05
102.705 3.02276e-05
102.755 3.07395e-05
102.805 3.08466e-05
102.855 3.06123e-05
102.905 3.01677e-05
102.955 2.97897e-05
103.005 2.93786e-05
103.055 2.72459e-05
103.105 2.20277e-05
103.155 1.39792e-05
103.205 5.05078e-06
103.255 5.94164e-06
103.305 1.26494e-05
103.355 1.82877e-05
103.405 2.30522e-05
103.455 2.7045e-05
103.505 2.97032e-05
103.555 2.80637e-05
103.605 2.11414e-05
103.655 9.73964e-06
103.705 1.18152e-05
103.755 2.84669e-05
103.805 4.19133e-05
103.855 4.84543e-05
103.905 4.77428e-05
103.955 3.98591e-05
104.005 2.79539e-05
104.055 1.56157e-05
104.105 4.34795e-06
104.155 8.37088e-06
104.205 1.90013e-05
104.255 2.99329e-05
104.305 3.83433e-05
104.355 3.78605e-05
104.405 3.11115e-05
104.455 2.58928e-05
104.505 2.15807e-05
104.555 1.78162e-05
104.605 1.53477e-05
104.655 1.42421e-05
104.705 1.33789e-05
104.755 1.1354e-05
104.805 7.35375e-06
104.855 2.73484e-06
104.905 9.45519e-06
104.955 1.90021e-05
105.005 2.72984e-05
105.055 3.31561e-05
105.105 3.64774e-05
105.155 3.78176e-05
105.205 3.80821e-05
105.255 3.79127e-05
105.305 3.75649e-05
105.355 3.71074e-05
105.405 3.65989e-05
105.455 3.61846e-05
105.505 3.58867e-05
105.555 3.44147e-05
105.605 3.00913e-05
105.655 2.28663e-05
105.705 1.3775e-05
105.755 4.83496e-06
105.805 5.10379e-06
105.855 1.09076e-05
105.905 1.60533e-05
105.955 2.0631e-05
106.005 2.43498e-05
106.055 2.50607e-05
106.105 2.03031e-05
106.155 1.09323e-05
106.205 1.05503e-05
106.255 2.69577e-05
106.305 4.15517e-05
106.355 4.91676e-05
106.405 4.93709e-05
106.455 4.29311e-05
106.505 3.16331e-05
106.555 1.87303e-05
106.605 6.66944e-06
106.655 5.65545e-06
106.705 1.37443e-05
106.755 2.04749e-05
106.805 2.95213e-05
106.855 3.4307e-05
106.905 3.03538e-05
106.955 2.50255e-05
107.005 2.21405e-05
107.055 1.99906e-05
107.105 1.84242e-05
107.155 1.70848e-05
107.205 1.56255e-05
107.255 1.33527e-05
107.305 9.2853e-06
107.355 3.7517e-06
107.405 7.66047e-06
107.455 1.57626e-05
107.505 2.22704e-05
107.555 2.66072e-05
107.605 2.93633e-05
107.655 3.1248e-05
107.705 3.23415e-05
107.755 3.2991e-05
107.805 3.35358e-05
107.855 3.41729e-05
107.905 3.50112e-05
107.955 3.60642e-05
108.005 3.68263e-05
108.055 3.57749e-05
108.105 3.20052e-05
108.155 2.58964e-05
108.205 1.86788e-05
108.255 1.16473e-05
108.305 5.52008e-06
108.355 1.42308e-06
108.405 5.89301e-06
108.455 1.14335e-05
108.505 1.68289e-05
108.555 2.04453e-05
108.605 1.89682e-05
108.655 1.24562e-05
108.705 6.27799e-06
108.755 2.01362e-05
108.805 3.59042e-05
108.855 4.61614e-05
108.905 4.90866e-05
108.955 4.50778e-05
109.005 3.46474e-05
109.055 2.18351e-05
109.105 9.67275e-06
109.155 3.85449e-06
109.205 1.35355e-05
109.255 2.30435e-05
109.305 3.11697e-05
109.355 3.69131e-05
109.405 3.41428e-05
109.455 2.7851e-05
109.505 2.38279e-05
109.555 2.01025e-05
109.605 1.7412e-05
109.655 1.57686e-05
109.705 1.4547e-05
109.755 1.27723e-05
109.805 9.39628e-06
109.855 5.01386e-06
109.905 8.23122e-06
109.955 1.60073e-05
