50.005 0
50.055 0.000205262
50.105 0.0001985
50.155 0.000194892
50.205 0.000194563
50.255 0.000198827
50.305 0.000204013
50.355 0.000208616
50.405 0.000210702
50.455 0.0002066
50.505 0.000199886
50.555 0.00019381
50.605 0.000190656
50.655 0.000193147
50.705 0.00019917
50.755 0.000202279
50.805 0.000198752
50.855 0.000191712
50.905 0.000183779
50.955 0.00017689
51.005 0.000174228
51.055 0.000178887
51.105 0.000189569
51.155 0.000204042
51.205 0.000216441
51.255 0.000224381
51.305 0.000224408
51.355 0.000224601
51.405 0.000228169
51.455 0.000237698
51.505 0.000253944
51.555 0.00026418
51.605 0.000262032
51.655 0.00025573
51.705 0.000253181
51.755 0.000255888
51.805 0.000262704
51.855 0.000267893
51.905 0.000264767
51.955 0.000258541
52.005 0.000251745
52.055 0.000245608
52.105 0.000241107
52.155 0.000239169
52.205 0.000231376
52.255 0.000221213
52.305 0.000209547
52.355 0.000201138
52.405 0.000196158
52.455 0.000194201
52.505 0.000196413
52.555 0.000202062
52.605 0.000206384
52.655 0.000210539
52.705 0.000209061
52.755 0.00020301
52.805 0.000196338
52.855 0.000191559
52.905 0.000191245
52.955 0.00019636
53.005 0.000201695
53.055 0.000201025
53.105 0.000195125
53.155 0.000187377
53.205 0.000179719
53.255 0.00017465
53.305 0.000175857
53.355 0.000184126
53.405 0.000197451
53.455 0.00021096
53.505 0.000221937
53.555 0.000224781
53.605 0.00022456
53.655 0.000225836
53.705 0.000232576
53.755 0.000245971
53.805 0.000261657
53.855 0.000263684
53.905 0.000258362
53.955 0.000253664
54.005 0.000254268
54.055 0.000258739
54.105 0.000266912
54.155 0.00026679
54.205 0.000261542
54.255 0.000254781
54.305 0.00024827
54.355 0.000242806
54.405 0.000240292
54.455 0.000235616
54.505 0.000225902
54.555 0.000214885
54.605 0.000204474
54.655 0.000198032
54.705 0.000194705
54.755 0.000194769
54.805 0.000199375
54.855 0.000204369
54.905 0.000209029
54.955 0.000210553
55.005 0.000206035
55.055 0.000199254
55.105 0.000193358
55.155 0.000190619
55.205 0.000193649
55.255 0.00019971
55.305 0.000202209
55.355 0.000198186
55.405 0.00019098
55.455 0.000183051
55.505 0.000176398
55.555 0.000174337
55.605 0.00017968
55.655 0.000190819
55.705 0.000205351
55.755 0.000217495
55.805 0.000224607
55.855 0.000224352
55.905 0.000224699
55.955 0.000228796
56.005 0.000238951
56.055 0.00025552
56.105 0.000264298
56.155 0.000261492
56.205 0.00025527
56.255 0.000253227
56.305 0.000256265
56.355 0.00026362
56.405 0.00026784
56.455 0.000264253
56.505 0.000257894
56.555 0.000251129
56.605 0.000245083
56.655 0.000240884
56.705 0.000238698
56.755 0.00023046
56.805 0.000220244
56.855 0.00020858
56.905 0.000200533
56.955 0.000195847
57.005 0.000194195
57.055 0.00019687
57.105 0.000202622
57.155 0.000206848
57.205 0.000210694
57.255 0.000208618
57.305 0.00020236
57.355 0.000195778
57.405 0.000191288
57.455 0.000191549
57.505 0.000196954
57.555 0.000201944
57.605 0.000200725
57.655 0.000194437
57.705 0.00018662
57.755 0.000179075
57.805 0.000174437
57.855 0.000176368
57.905 0.000185182
57.955 0.000198955
58.005 0.000212163
58.055 0.000222634
58.105 0.000224704
58.155 0.000224547
58.205 0.000226223
58.255 0.000233521
58.305 0.000247597
58.355 0.000262549
58.405 0.000263396
58.455 0.000257765
58.505 0.000253462
58.555 0.00025465
58.605 0.000259439
58.655 0.000267379
58.705 0.000266434
58.755 0.000260935
58.805 0.000254139
58.855 0.000247695
58.905 0.00024237
58.955 0.000240197
59.005 0.000234749
59.055 0.000224931
59.105 0.000213637
59.155 0.000203722
59.205 0.000197592
59.255 0.000194541
59.305 0.000195022
59.355 0.000199926
59.405 0.000204749
59.455 0.000209439
59.505 0.000210344
59.555 0.000205429
59.605 0.000198628
59.655 0.000192925
59.705 0.000190632
59.755 0.000194185
59.805 0.000200211
59.855 0.000202074
59.905 0.000197586
59.955 0.000190237
60.005 0.000182329
60.055 0.000175943
60.105 0.000174524
60.155 0.000180511
60.205 0.000192113
60.255 0.000206589
60.305 0.000218517
60.355 0.000224752
60.405 0.000224329
60.455 0.000224839
60.505 0.000229478
60.555 0.000240275
60.605 0.000257014
60.655 0.000264304
60.705 0.000260823
60.755 0.000254851
60.805 0.000253334
60.855 0.000256683
60.905 0.000264518
60.955 0.000267728
61.005 0.000263723
61.055 0.000257246
61.105 0.000250516
61.155 0.000244582
61.205 0.000240709
61.255 0.000238201
61.305 0.000229532
61.355 0.000219289
61.405 0.000207655
61.455 0.00019996
61.505 0.000195555
61.555 0.00019423
61.605 0.000197354
61.655 0.000203154
61.705 0.000207254
61.755 0.00021079
61.805 0.000208145
61.855 0.000201719
61.905 0.000195242
61.955 0.000191062
62.005 0.000191911
62.055 0.000197549
62.105 0.000202128
62.155 0.000200167
62.205 0.000193738
62.255 0.000185871
62.305 0.000178463
62.355 0.000174294
62.405 0.000176944
62.455 0.000186265
62.505 0.000200496
62.555 0.000213323
62.605 0.000223237
62.655 0.000224619
62.705 0.000224521
62.755 0.000226655
62.805 0.000234523
62.855 0.000249259
62.905 0.000263306
62.955 0.000263059
63.005 0.000257183
63.055 0.000253308
63.105 0.000254905
63.155 0.00026021
63.205 0.000267615
63.255 0.000266034
63.305 0.000260323
63.355 0.0002535
63.405 0.000247136
63.455 0.000241974
63.505 0.00024007
63.555 0.000233901
63.605 0.000223956
63.655 0.00021248
63.705 0.000203002
63.755 0.000197179
63.805 0.000194409
63.855 0.000195326
63.905 0.000200484
63.955 0.000205156
64.005 0.000209798
64.055 0.000210078
64.105 0.000204814
64.155 0.000198007
64.205 0.000192524
64.255 0.000190708
64.305 0.000194733
64.355 0.000200671
64.405 0.000201876
64.455 0.000196979
64.505 0.00018949
64.555 0.00018162
64.605 0.000175532
64.655 0.000174768
64.705 0.0001814
64.755 0.000193451
64.805 0.000207693
64.855 0.000219509
64.905 0.000224826
64.955 0.000224336
65.005 0.00022503
65.055 0.000230214
65.105 0.00024167
65.155 0.0002584
65.205 0.000264227
65.255 0.000260162
65.305 0.000254466
65.355 0.000253516
65.405 0.000257219
65.455 0.000265244
65.505 0.000267554
65.555 0.000263167
65.605 0.000256607
65.655 0.000249918
65.705 0.000244098
65.755 0.000240569
65.805 0.000237668
65.855 0.000228599
65.905 0.000218344
65.955 0.000206771
66.005 0.000199415
66.055 0.000195265
66.105 0.000194308
66.155 0.000197864
66.205 0.000203437
66.255 0.000207798
66.305 0.000210817
66.355 0.000207631
66.405 0.000201065
66.455 0.000194715
66.505 0.000190876
66.555 0.000192315
66.605 0.000198141
66.655 0.000202245
66.705 0.00019971
66.755 0.000193027
66.805 0.000185125
66.855 0.00017787
66.905 0.000174206
66.955 0.000177581
67.005 0.000187401
67.055 0.000201768
67.105 0.000214455
67.155 0.000223736
67.205 0.000224536
67.255 0.000224524
67.305 0.000227149
67.355 0.000235597
67.405 0.000250934
67.455 0.000263744
67.505 0.000262718
67.555 0.000256638
67.605 0.000253189
67.655 0.000255174
67.705 0.000261051
67.755 0.000267785
67.805 0.000265616
67.855 0.000259692
67.905 0.000252875
67.955 0.000246589
68.005 0.000241625
68.055 0.000239778
68.105 0.000233011
68.155 0.000222985
68.205 0.000211405
68.255 0.000202317
68.305 0.000196796
68.355 0.000194304
68.405 0.000195678
68.455 0.00020105
68.505 0.000205579
68.555 0.000210115
68.605 0.000209767
68.655 0.000204186
68.705 0.00019741
68.755 0.000192157
68.805 0.000190848
68.855 0.000195304
68.905 0.000201089
68.955 0.000201626
69.005 0.000196334
69.055 0.000188744
69.105 0.000180927
69.155 0.000175172
69.205 0.00017509
69.255 0.000182323
69.305 0.000194834
69.355 0.000208827
69.405 0.000220438
69.455 0.000224847
69.505 0.000224377
69.555 0.00022527
69.605 0.000230989
69.655 0.000243137
69.705 0.000259678
69.755 0.000264084
69.805 0.000259508
69.855 0.000254141
69.905 0.000253712
69.955 0.000257758
70.005 0.000265902
70.055 0.000267324
70.105 0.000262613
70.155 0.000255953
70.205 0.000249331
70.255 0.000243967
70.305 0.000240453
70.355 0.0002371
70.405 0.000227651
70.455 0.00021741
70.505 0.000205928
70.555 0.000198901
70.605 0.000195068
70.655 0.000194433
70.705 0.000198392
70.755 0.000203747
70.805 0.000208256
70.855 0.000210784
70.905 0.000207088
70.955 0.000200422
71.005 0.000194216
71.055 0.000190737
71.105 0.000192765
71.155 0.000198722
71.205 0.000202298
71.255 0.000199201
71.305 0.00019231
71.355 0.000184381
71.405 0.000177316
71.455 0.00017419
71.505 0.000178278
71.555 0.000188575
71.605 0.000203004
71.655 0.00021556
71.705 0.000224135
71.755 0.000224457
71.805 0.000224549
71.855 0.000227685
71.905 0.000236723
71.955 0.000252602
72.005 0.000264039
72.055 0.000262342
72.105 0.000256116
72.155 0.000253167
72.205 0.000255528
72.255 0.000261943
72.305 0.00026787
72.355 0.000265176
72.405 0.000259072
72.455 0.000252262
72.505 0.000246051
72.555 0.000241334
72.605 0.000239471
72.655 0.000232124
72.705 0.000222015
72.755 0.000210389
72.805 0.000201663
72.855 0.000196442
72.905 0.000194244
72.955 0.000196075
73.005 0.000201619
73.055 0.000206026
73.105 0.000210381
73.155 0.000209404
73.205 0.00020355
73.255 0.000196823
73.305 0.000191821
73.355 0.00019105
73.405 0.000195891
73.455 0.000201451
73.505 0.000201326
73.555 0.000195677
73.605 0.000187989
73.655 0.000180253
73.705 0.000174861
73.755 0.000175507
73.805 0.000183301
73.855 0.000196259
73.905 0.000209991
73.955 0.000221299
74.005 0.000224907
74.055 0.000224451
74.105 0.000225561
74.155 0.000231845
74.205 0.000244671
74.255 0.000260818
74.305 0.00026388
74.355 0.00025886
74.405 0.000253856
74.455 0.000253989
74.505 0.000258259
74.555 0.000266488
74.605 0.000267053
74.655 0.000262032
74.705 0.000255311
74.755 0.00024875
74.805 0.000243198
74.855 0.000240367
74.905 0.000236323
74.955 0.000226699
75.005 0.000215984
75.055 0.000205113
75.105 0.00019849
75.155 0.000194857
75.205 0.000194602
75.255 0.000198935
75.305 0.000204087
75.355 0.000208706
75.405 0.000210689
75.455 0.000206509
75.505 0.000199789
75.555 0.000193741
75.605 0.000190662
75.655 0.000193252
75.705 0.00019929
75.755 0.000202288
75.805 0.00019866
75.855 0.000191589
75.905 0.000183649
75.955 0.000176798
76.005 0.000174242
76.055 0.00017903
76.105 0.000189797
76.155 0.000204282
76.205 0.000216643
76.255 0.000224434
76.305 0.000224406
76.355 0.000224641
76.405 0.000228298
76.455 0.00023794
76.505 0.000254248
76.555 0.000264233
76.605 0.000261961
76.655 0.00025564
76.705 0.000253184
76.755 0.000255964
76.805 0.000262862
76.855 0.000267886
76.905 0.00026467
76.955 0.000258419
77.005 0.000251634
77.055 0.000245515
77.105 0.000241069
77.155 0.000239091
77.205 0.000231215
77.255 0.000221044
77.305 0.000209373
77.355 0.000201025
77.405 0.000196098
77.455 0.000194194
77.505 0.000196493
77.555 0.000202177
77.605 0.000206472
77.655 0.000210577
77.705 0.000208986
77.755 0.000202895
77.805 0.00019624
77.855 0.000191512
77.905 0.000191305
77.955 0.000196478
78.005 0.000201757
78.055 0.000200962
78.105 0.000195004
78.155 0.000187239
78.205 0.000179596
78.255 0.000174605
78.305 0.000175945
78.355 0.000184317
78.405 0.000197727
78.455 0.000211189
78.505 0.000222076
78.555 0.000224769
78.605 0.000224572
78.655 0.000225896
78.705 0.000232744
78.755 0.000246261
78.805 0.000261824
78.855 0.00026363
78.905 0.00025825
78.955 0.000253618
79.005 0.000254325
79.055 0.000258868
79.105 0.000267019
79.155 0.000266734
79.205 0.000261439
79.255 0.000254674
79.305 0.000248179
79.355 0.000242738
79.405 0.000240285
79.455 0.000235472
79.505 0.000225738
79.555 0.000214656
79.605 0.000204348
79.655 0.00019796
79.705 0.000194683
79.755 0.000194824
79.805 0.000199488
79.855 0.000204452
79.905 0.000209133
79.955 0.000210535
80.005 0.00020594
80.055 0.000199156
80.105 0.000193292
80.155 0.000190632
80.205 0.000193765
80.255 0.000199822
80.305 0.000202206
80.355 0.000198091
80.405 0.000190856
80.455 0.000182923
80.505 0.000176315
80.555 0.00017437
80.605 0.00017983
80.655 0.000191064
80.705 0.000205604
80.755 0.000217698
80.805 0.000224644
80.855 0.000224347
80.905 0.000224725
80.955 0.000228918
81.005 0.000239189
81.055 0.0002558
81.105 0.000264304
81.155 0.000261364
81.205 0.000255185
81.255 0.000253235
81.305 0.000256326
81.355 0.000263785
81.405 0.000267826
81.455 0.000264166
81.505 0.000257784
81.555 0.000251013
81.605 0.000244994
81.655 0.000240856
81.705 0.00023862
81.755 0.000230304
81.805 0.000220081
81.855 0.000208421
81.905 0.000200441
81.955 0.000195806
82.005 0.000194215
82.055 0.000196973
82.105 0.000202768
82.155 0.000206952
82.205 0.000210736
82.255 0.000208552
82.305 0.000202263
82.355 0.000195696
82.405 0.000191262
82.455 0.000191633
82.505 0.000197084
82.555 0.000202002
82.605 0.000200569
82.655 0.000194327
82.705 0.000186495
82.755 0.000178972
82.805 0.000174414
82.855 0.000176479
82.905 0.000185381
82.955 0.000199247
83.005 0.000212389
83.055 0.000222766
83.105 0.000224698
83.155 0.000224548
83.205 0.000226301
83.255 0.000233702
83.305 0.000247888
83.355 0.000262697
83.405 0.000263336
83.455 0.000257655
83.505 0.000253383
83.555 0.000254728
83.605 0.000259578
83.655 0.000267438
83.705 0.000266375
83.755 0.000260836
83.805 0.00025404
83.855 0.000247612
83.905 0.000242315
83.955 0.0002402
84.005 0.000234618
84.055 0.000224771
84.105 0.000213432
84.155 0.000203601
84.205 0.000197529
84.255 0.00019453
84.305 0.000195122
84.355 0.000200047
84.405 0.000204841
84.455 0.000209528
84.505 0.000210319
84.555 0.000205338
84.605 0.000198533
84.655 0.000192872
84.705 0.000190662
84.755 0.000194304
84.805 0.000200323
84.855 0.000202064
84.905 0.000197497
84.955 0.000190117
85.005 0.00018221
85.055 0.000175868
85.105 0.000174567
85.155 0.00018068
85.205 0.00019237
85.255 0.000206833
85.305 0.000218719
85.355 0.000224781
85.405 0.000224337
85.455 0.000224877
85.505 0.000229619
85.555 0.000240524
85.605 0.000257278
85.655 0.000264297
85.705 0.0002607
85.755 0.000254776
85.805 0.000253359
85.855 0.000256772
85.905 0.000264662
85.955 0.000267711
86.005 0.000263641
86.055 0.000257147
86.105 0.00025043
86.155 0.000244513
86.205 0.000240702
86.255 0.000238128
86.305 0.000229385
86.355 0.000219133
86.405 0.000207509
86.455 0.000199875
86.505 0.000195528
86.555 0.00019426
86.605 0.000197467
86.655 0.000203228
86.705 0.000207428
86.755 0.00021082
86.805 0.000208069
86.855 0.000201617
86.905 0.000195161
86.955 0.000191045
87.005 0.000192004
87.055 0.000197685
87.105 0.000202182
87.155 0.000200128
87.205 0.00019363
87.255 0.000185749
87.305 0.000178364
87.355 0.000174282
87.405 0.000177072
87.455 0.000186468
87.505 0.000200797
87.555 0.000213561
87.605 0.000223349
87.655 0.000224614
87.705 0.000224529
87.755 0.000226749
87.805 0.000234719
87.855 0.00024957
87.905 0.000263415
87.955 0.000263009
88.005 0.000257085
88.055 0.000253292
88.105 0.000254956
88.155 0.000260369
88.205 0.000267671
88.255 0.000265981
88.305 0.000260224
88.355 0.000253411
88.405 0.000247058
88.455 0.000241935
88.505 0.000240054
88.555 0.000233751
88.605 0.000223801
88.655 0.000212297
88.705 0.000202892
88.755 0.000197126
88.805 0.000194408
88.855 0.000195409
88.905 0.000200611
88.955 0.000205253
89.005 0.000209884
89.055 0.00021005
89.105 0.000204723
89.155 0.000197924
89.205 0.000192478
89.255 0.000190753
89.305 0.000194864
89.355 0.000200784
89.405 0.000201865
89.455 0.000196881
89.505 0.000189377
89.555 0.000181509
89.605 0.000175476
89.655 0.000174836
89.705 0.00018158
89.755 0.00019372
89.805 0.000207913
89.855 0.000219699
89.905 0.000224847
89.955 0.000224349
90.005 0.000225078
90.055 0.000230361
90.105 0.000241941
90.155 0.000258652
90.205 0.000264212
90.255 0.000260043
90.305 0.000254413
90.355 0.000253537
90.405 0.000257308
90.455 0.00026538
90.505 0.000267536
90.555 0.000263097
90.605 0.000256507
90.655 0.00024984
90.705 0.00024404
90.755 0.000240574
90.805 0.000237593
90.855 0.00022845
90.905 0.000218192
90.955 0.000206634
91.005 0.000199339
91.055 0.000195276
91.105 0.000194349
91.155 0.000197983
91.205 0.000203516
91.255 0.000207901
91.305 0.000210841
91.355 0.000207555
91.405 0.000200972
91.455 0.000194646
91.505 0.000190873
91.555 0.000192423
91.605 0.00019828
91.655 0.000202293
91.705 0.000199649
91.755 0.000192925
91.805 0.000185009
91.855 0.000177787
91.905 0.000174216
91.955 0.000177726
92.005 0.000187627
92.055 0.000202006
92.105 0.000214677
92.155 0.000223832
92.205 0.000224531
92.255 0.000224535
92.305 0.000227248
92.355 0.000235801
92.405 0.00025125
92.455 0.000263812
92.505 0.000262653
92.555 0.000256542
92.605 0.000253206
92.655 0.000255248
92.705 0.000261228
92.755 0.000267826
92.805 0.000265554
92.855 0.000259603
92.905 0.000252788
92.955 0.000246513
93.005 0.000241597
93.055 0.000239754
93.105 0.000232874
93.155 0.000222829
93.205 0.000211235
93.255 0.000202213
93.305 0.000196749
93.355 0.000194315
93.405 0.000195769
93.455 0.000201177
93.505 0.000205684
93.555 0.000210192
93.605 0.000209728
93.655 0.000204095
93.705 0.000197326
93.755 0.000192117
93.805 0.000190907
93.855 0.000195441
93.905 0.000201195
93.955 0.000201607
94.005 0.000196243
94.055 0.000188632
94.105 0.000180827
94.155 0.00017513
94.205 0.000175178
94.255 0.000182512
94.305 0.000195113
94.355 0.000209058
94.405 0.000220619
94.455 0.00022486
94.505 0.000224402
94.555 0.00022533
94.605 0.000231162
94.655 0.000243421
94.705 0.000259903
94.755 0.00026406
94.805 0.000259397
94.855 0.000254094
94.905 0.000253771
94.955 0.000257858
95.005 0.000266037
95.055 0.000267306
95.105 0.000262534
95.155 0.000255866
95.205 0.000249255
95.255 0.000243588
95.305 0.000240471
95.355 0.000237022
95.405 0.000227504
95.455 0.000217201
95.505 0.000205796
95.555 0.00019883
95.605 0.000195048
95.655 0.000194481
95.705 0.000198515
95.755 0.000203832
95.805 0.000208363
95.855 0.000210797
95.905 0.000207011
95.955 0.000200331
96.005 0.000194153
96.055 0.000190749
96.105 0.00019288
96.155 0.000198859
96.205 0.000202336
96.255 0.000199138
96.305 0.000192209
96.355 0.000184278
96.405 0.000177243
96.455 0.000174218
96.505 0.000178438
96.555 0.000188825
96.605 0.000203256
96.655 0.000215779
96.705 0.000224213
96.755 0.000224457
96.805 0.000224572
96.855 0.000227799
96.905 0.000236947
96.955 0.000252915
97.005 0.00026409
97.055 0.000262279
97.105 0.000256035
97.155 0.000253178
97.205 0.000255619
97.255 0.000262133
97.305 0.000267905
97.355 0.000265099
97.405 0.000258977
97.455 0.000252172
97.505 0.00024598
97.555 0.000241308
97.605 0.000239433
97.655 0.000231984
97.705 0.000221859
97.755 0.000210221
97.805 0.000201564
97.855 0.000196399
97.905 0.000194255
97.955 0.000196173
98.005 0.000201748
98.055 0.000206132
98.105 0.000210448
98.155 0.000209358
98.205 0.000203458
98.255 0.000196743
98.305 0.00019179
98.355 0.000191122
98.405 0.000196031
98.455 0.000201552
98.505 0.000201297
98.555 0.000195591
98.605 0.000187886
98.655 0.00018016
98.705 0.000174835
98.755 0.00017559
98.805 0.000183511
98.855 0.000196549
98.905 0.00021023
98.955 0.000221468
99.005 0.000224833
99.055 0.000224492
99.105 0.000225633
99.155 0.000232016
99.205 0.000244968
99.255 0.000261024
99.305 0.000263851
99.355 0.000258767
99.405 0.000253819
99.455 0.000254063
99.505 0.000258386
99.555 0.000266628
99.605 0.000267027
99.655 0.000261957
99.705 0.000255228
99.755 0.000248678
99.805 0.000243141
99.855 0.000240385
99.905 0.000236194
99.955 0.000226548
100.005 0.000215752
100.055 0.000204992
100.105 0.000198349
100.155 0.000194846
100.205 0.000194661
100.255 0.000199059
100.305 0.000204176
100.355 0.00020881
100.405 0.000210689
100.455 0.000206443
100.505 0.000199694
100.555 0.000193683
100.605 0.000190677
100.655 0.000193372
100.705 0.00019942
100.755 0.000202312
100.805 0.000198594
100.855 0.000191485
100.905 0.000183544
100.955 0.000176732
101.005 0.000174288
101.055 0.000179193
101.105 0.00019005
101.155 0.000204543
101.205 0.000216859
101.255 0.000224498
101.305 0.000224398
101.355 0.000224645
101.405 0.000228401
101.455 0.000238159
101.505 0.000254536
101.555 0.000264256
101.605 0.000261888
101.655 0.00025556
101.705 0.0002532
101.755 0.000256055
101.805 0.000263058
101.855 0.00026791
101.905 0.000264616
101.955 0.000258342
102.005 0.000251559
102.055 0.000245456
102.105 0.000241063
102.155 0.000239042
102.205 0.00023108
102.255 0.000220891
102.305 0.000209222
102.355 0.000200943
102.405 0.000196071
102.455 0.000194228
102.505 0.000196612
102.555 0.000202319
102.605 0.000206592
102.655 0.000210643
102.705 0.000208942
102.755 0.000202814
102.805 0.000196173
102.855 0.000191497
102.905 0.000191396
102.955 0.000196627
103.005 0.000201846
103.055 0.000200935
103.105 0.000194921
103.155 0.000187139
103.205 0.000179513
103.255 0.000174595
103.305 0.000176069
103.355 0.000184538
103.405 0.000198028
103.455 0.000211438
103.505 0.000222232
103.555 0.000224775
103.605 0.000224581
103.655 0.000225987
103.705 0.000232927
103.755 0.00024657
103.805 0.000262008
103.855 0.000263592
103.905 0.000258154
103.955 0.000253595
104.005 0.000254415
104.055 0.000259017
104.105 0.000267139
104.155 0.000266704
104.205 0.000261365
104.255 0.000254592
104.305 0.000248107
104.355 0.000242688
104.405 0.000240301
104.455 0.000235341
104.505 0.000225583
104.555 0.000214437
104.605 0.000204222
104.655 0.000197894
104.705 0.00019467
104.755 0.000194888
104.805 0.000199612
104.855 0.000204544
104.905 0.00020923
104.955 0.000210521
105.005 0.000205853
105.055 0.000199064
105.105 0.000193237
105.155 0.00019066
105.205 0.000193891
105.255 0.00019995
105.305 0.000202222
105.355 0.00019802
105.405 0.000190753
105.455 0.000182824
105.505 0.000176259
105.555 0.000174424
105.605 0.000180013
105.655 0.000191324
105.705 0.000205875
105.755 0.00021791
105.805 0.000224695
105.855 0.00022436
105.905 0.000224761
105.955 0.000229055
106.005 0.000239442
106.055 0.000256091
106.105 0.000264323
106.155 0.000261255
106.205 0.000255124
106.255 0.000253278
106.305 0.000256426
106.355 0.000263983
106.405 0.000267846
106.455 0.000264109
106.505 0.000257705
106.555 0.000250954
106.605 0.000244947
106.655 0.000240863
106.705 0.000238565
106.755 0.000230165
106.805 0.000219929
106.855 0.000208271
106.905 0.000200352
106.955 0.000195771
107.005 0.000194238
107.055 0.000197081
107.105 0.000202895
107.155 0.000207061
107.205 0.000210777
107.255 0.000208487
107.305 0.000202166
107.355 0.000195621
107.405 0.000191245
107.455 0.000191724
107.505 0.000197227
107.555 0.000202077
107.605 0.000200528
107.655 0.000194236
107.705 0.000186392
107.755 0.000178889
107.805 0.000174415
107.855 0.000176613
107.905 0.000185609
107.955 0.00019955
108.005 0.000212627
108.055 0.0002229
108.105 0.0002247
108.155 0.000224556
108.205 0.000226392
108.255 0.000233896
108.305 0.000248217
108.355 0.000262857
108.405 0.000263293
108.455 0.000257565
108.505 0.00025342
108.555 0.000254795
108.605 0.000259744
108.655 0.000267519
108.705 0.00026634
108.755 0.000260761
108.805 0.000253958
108.855 0.000247542
108.905 0.000242271
108.955 0.000240209
109.005 0.000234481
109.055 0.000224612
109.105 0.00021323
109.155 0.000203483
109.205 0.000197467
109.255 0.000194521
109.305 0.000195163
109.355 0.000200169
109.405 0.000204934
109.455 0.000209614
109.505 0.000210293
109.555 0.000205247
109.605 0.000198442
109.655 0.000192819
109.705 0.000190699
109.755 0.000194433
109.805 0.000200443
109.855 0.000202068
109.905 0.000197422
109.955 0.000190016
