50.005 0
50.055 0.000225327
50.105 0.000233651
50.155 0.000238983
50.205 0.000240924
50.255 0.000240453
50.305 0.000239988
50.355 0.000242405
50.405 0.00024244
50.455 0.000239083
50.505 0.000235132
50.555 0.000231385
50.605 0.00022576
50.655 0.000221152
50.705 0.000221447
50.755 0.000224948
50.805 0.000228633
50.855 0.000235385
50.905 0.000245237
50.955 0.000247613
51.005 0.000242136
51.055 0.000234589
51.105 0.000229156
51.155 0.000225558
51.205 0.000223838
51.255 0.000224626
51.305 0.000222529
51.355 0.000214278
51.405 0.000203635
51.455 0.000195993
51.505 0.000195679
51.555 0.000200427
51.605 0.000207221
51.655 0.000209747
51.705 0.000204901
51.755 0.000195973
51.805 0.000188482
51.855 0.000187787
51.905 0.000194338
51.955 0.000203006
52.005 0.000210471
52.055 0.000212351
52.105 0.000209367
52.155 0.00020553
52.205 0.000205879
52.255 0.000211682
52.305 0.000220535
52.355 0.000229674
52.405 0.000236715
52.455 0.000240339
52.505 0.000241004
52.555 0.000239863
52.605 0.000240948
52.655 0.000243085
52.705 0.000241047
52.755 0.000237103
52.805 0.00023332
52.855 0.000229507
52.905 0.00022299
52.955 0.000220739
53.005 0.00022305
53.055 0.000226559
53.105 0.000231738
53.155 0.000240028
53.205 0.000248492
53.255 0.000245468
53.305 0.000238322
53.355 0.000231675
53.405 0.00022691
53.455 0.000224472
53.505 0.000224001
53.555 0.000224722
53.605 0.000219051
53.655 0.000209131
53.705 0.000199171
53.755 0.000194831
53.805 0.000197628
53.855 0.00020373
53.905 0.000209628
53.955 0.000208257
54.005 0.000200801
54.055 0.000191849
54.105 0.000187141
54.155 0.000190477
54.205 0.000198493
54.255 0.000207111
54.305 0.000212227
54.355 0.000211321
54.405 0.000207312
54.455 0.00020497
54.505 0.000208141
54.555 0.000215847
54.605 0.000225141
54.655 0.000233515
54.705 0.000238931
54.755 0.000240953
54.805 0.00024056
54.855 0.000240053
54.905 0.000242443
54.955 0.000242609
55.005 0.000239283
55.055 0.000235299
55.105 0.000231535
55.155 0.000225994
55.205 0.000221287
55.255 0.000221478
55.305 0.000224949
55.355 0.000228508
55.405 0.000235226
55.455 0.000245037
55.505 0.000247728
55.555 0.00024236
55.605 0.000234806
55.655 0.00022932
55.705 0.000225681
55.755 0.000223922
55.805 0.000224693
55.855 0.000222759
55.905 0.00021461
55.955 0.000203978
56.005 0.000196184
56.055 0.000195668
56.105 0.000200344
56.155 0.000207157
56.205 0.00020986
56.255 0.000205164
56.305 0.000196276
56.355 0.000188685
56.405 0.000187789
56.455 0.00019421
56.505 0.00020285
56.555 0.000210372
56.605 0.000212368
56.655 0.000209442
56.705 0.000205576
56.755 0.000205832
56.805 0.000211551
56.855 0.000220371
56.905 0.000229523
56.955 0.000236608
57.005 0.000240296
57.055 0.000241015
57.105 0.000239928
57.155 0.000240986
57.205 0.000243214
57.255 0.000241262
57.305 0.000237312
57.355 0.000233487
57.405 0.000229641
57.455 0.000223137
57.505 0.000220767
57.555 0.000223003
57.605 0.000226546
57.655 0.00023167
57.705 0.000239886
57.755 0.000248542
57.805 0.000245647
57.855 0.000238556
57.905 0.000231865
57.955 0.000227085
58.005 0.000224598
58.055 0.00022409
58.105 0.00022485
58.155 0.0002193
58.205 0.000209425
58.255 0.000199412
58.305 0.000194926
58.355 0.000197607
58.405 0.000203646
58.455 0.000209616
58.505 0.00020835
58.555 0.000200961
58.605 0.000191986
58.655 0.000187169
58.705 0.000190377
58.755 0.000198352
58.805 0.000206962
58.855 0.000212158
58.905 0.000211319
58.955 0.000207323
59.005 0.000204917
59.055 0.000208015
59.105 0.000215682
59.155 0.000224973
59.205 0.000233381
59.255 0.000238851
59.305 0.00024092
59.355 0.000240565
59.405 0.000240006
59.455 0.000242362
59.505 0.000242622
59.555 0.000239341
59.605 0.00023536
59.655 0.000231598
59.705 0.000226096
59.755 0.000221308
59.805 0.000221411
59.855 0.00022486
59.905 0.000228375
59.955 0.000235089
60.005 0.00024489
60.055 0.000247776
60.105 0.000242473
60.155 0.000234912
60.205 0.000229394
60.255 0.000225718
60.305 0.000223924
60.355 0.000224659
60.405 0.000222839
60.455 0.000214753
60.505 0.00020412
60.555 0.000196236
60.605 0.000195598
60.655 0.000200226
60.705 0.000207018
60.755 0.000209846
60.805 0.000205248
60.855 0.000196383
60.905 0.000188724
60.955 0.000187703
61.005 0.000194054
61.055 0.000202682
61.105 0.000210264
61.155 0.000212377
61.205 0.00020951
61.255 0.000205614
61.305 0.000205764
61.355 0.000211393
61.405 0.000220187
61.455 0.00022936
61.505 0.000236503
61.555 0.000240255
61.605 0.000241007
61.655 0.000239903
61.705 0.000240886
61.755 0.000243145
61.805 0.000241245
61.855 0.000237319
61.905 0.000233509
61.955 0.000229686
62.005 0.000223202
62.055 0.000220751
62.105 0.000222929
62.155 0.000226483
62.205 0.000231541
62.255 0.000239679
62.305 0.000248457
62.355 0.000245713
62.405 0.000238658
62.455 0.00023192
62.505 0.000227126
62.555 0.000224578
62.605 0.000224009
62.655 0.000224801
62.705 0.000219397
62.755 0.000209573
62.805 0.000199509
62.855 0.000194896
62.905 0.000197484
62.955 0.000203483
63.005 0.000209554
63.055 0.000208426
63.105 0.000201124
63.155 0.000192127
63.205 0.000187173
63.255 0.000190228
63.305 0.000198173
63.355 0.000206816
63.405 0.000212142
63.455 0.000211408
63.505 0.000207435
63.555 0.000204938
63.605 0.00020791
63.655 0.000215508
63.705 0.00022479
63.755 0.000233242
63.805 0.000238784
63.855 0.000240914
63.905 0.000240603
63.955 0.000239985
64.005 0.000242297
64.055 0.000242652
64.105 0.000239409
64.155 0.000235426
64.205 0.000231671
64.255 0.000226236
64.305 0.00022137
64.355 0.000221384
64.405 0.000224805
64.455 0.000228231
64.505 0.000234929
64.555 0.000244691
64.605 0.000247829
64.655 0.000242611
64.705 0.000235043
64.755 0.000229481
64.805 0.000225767
64.855 0.000223932
64.905 0.00022463
64.955 0.000222954
65.005 0.000214955
65.055 0.000204331
65.105 0.000196329
65.155 0.000195532
65.205 0.000200102
65.255 0.000206896
65.305 0.000209883
65.355 0.00020542
65.405 0.000196592
65.455 0.000188849
65.505 0.000187654
65.555 0.000193899
65.605 0.000202512
65.655 0.000210162
65.705 0.000212405
65.755 0.000209605
65.805 0.000205681
65.855 0.00020572
65.905 0.000211249
65.955 0.000220008
66.005 0.000229195
66.055 0.000236396
66.105 0.000240216
66.155 0.000241016
66.205 0.000239934
66.255 0.000240863
66.305 0.000243179
66.355 0.00024135
66.405 0.000237432
66.455 0.000233607
66.505 0.000229778
66.555 0.000223319
66.605 0.000220764
66.655 0.000222872
66.705 0.00022645
66.755 0.000231445
66.805 0.00023949
66.855 0.000248414
66.905 0.00024584
66.955 0.00023884
67.005 0.000232054
67.055 0.000227244
67.105 0.000224642
67.155 0.000224024
67.205 0.000224847
67.255 0.000219585
67.305 0.000209816
67.355 0.0001997
67.405 0.00019494
67.455 0.000197413
67.505 0.000203361
67.555 0.000209521
67.605 0.000208524
67.655 0.000201309
67.705 0.000192291
67.755 0.000187208
67.805 0.000190107
67.855 0.000198011
67.905 0.000206664
67.955 0.000212095
68.005 0.00021145
68.055 0.000207499
68.105 0.000204927
68.155 0.000207799
68.205 0.00021534
68.255 0.000224614
68.305 0.000233102
68.355 0.000238707
68.405 0.000240893
68.455 0.000240632
68.505 0.000239967
68.555 0.000242243
68.605 0.000242699
68.655 0.000239499
68.705 0.000235508
68.755 0.000231749
68.805 0.000226365
68.855 0.000221414
68.905 0.000221334
68.955 0.000224728
69.005 0.0002281
69.055 0.000234785
69.105 0.000244519
69.155 0.000247886
69.205 0.000242751
69.255 0.000235183
69.305 0.000229583
69.355 0.000225834
69.405 0.000223962
69.455 0.000224623
69.505 0.000223073
69.555 0.000215148
69.605 0.00020453
69.655 0.000196424
69.705 0.000195481
69.755 0.000199993
69.805 0.000206771
69.855 0.000209892
69.905 0.000205544
69.955 0.000196748
70.005 0.000188934
70.055 0.000187593
70.105 0.000193746
70.155 0.00020234
70.205 0.000210045
70.255 0.000212404
70.305 0.000209666
70.355 0.000205718
70.405 0.000205658
70.455 0.000211097
70.505 0.000219827
70.555 0.000229029
70.605 0.000236286
70.655 0.000240169
70.705 0.000241009
70.755 0.000239933
70.805 0.000240799
70.855 0.000243154
70.905 0.00024139
70.955 0.000237487
71.005 0.00023366
71.055 0.000229835
71.105 0.000223395
71.155 0.000220747
71.205 0.000222787
71.255 0.000226384
71.305 0.000231325
71.355 0.000239294
71.405 0.000248346
71.455 0.000245932
71.505 0.000238981
71.555 0.00023215
71.605 0.000227325
71.655 0.000224669
71.705 0.000223996
71.755 0.000224843
71.805 0.000219719
71.855 0.000210001
71.905 0.000199838
71.955 0.000194947
72.005 0.000197319
72.055 0.000203217
72.105 0.000209449
72.155 0.000208591
72.205 0.000201461
72.255 0.000192425
72.305 0.000187218
72.355 0.000189961
72.405 0.000197836
72.455 0.000206505
72.505 0.000212049
72.555 0.000211499
72.605 0.000207573
72.655 0.000204924
72.705 0.000207685
72.755 0.000215165
72.805 0.000224432
72.855 0.000232959
72.905 0.00023863
72.955 0.000240877
73.005 0.000240659
73.055 0.000239939
73.105 0.00024217
73.155 0.000242716
73.205 0.000239556
73.255 0.000235562
73.305 0.000231806
73.355 0.000226483
73.405 0.00022145
73.455 0.000221278
73.505 0.000224643
73.555 0.000227919
73.605 0.000234622
73.655 0.000244323
73.705 0.000247925
73.755 0.000242876
73.805 0.000235307
73.855 0.000229666
73.905 0.000225876
73.955 0.000223971
74.005 0.00022459
74.055 0.000223173
74.105 0.000215325
74.155 0.000204718
74.205 0.000196506
74.255 0.000195412
74.305 0.000199868
74.355 0.000206635
74.405 0.0002099
74.455 0.000205678
74.505 0.00019692
74.555 0.000189031
74.605 0.000187531
74.655 0.000193583
74.705 0.000202162
74.755 0.000209927
74.805 0.000212411
74.855 0.000209741
74.905 0.00020577
74.955 0.000205604
75.005 0.000210946
75.055 0.000219643
75.105 0.000228861
75.155 0.000236174
75.205 0.000240126
75.255 0.000241012
75.305 0.000239951
75.355 0.000240755
75.405 0.000243151
75.455 0.000241453
75.505 0.000237563
75.555 0.000233726
75.605 0.000229901
75.655 0.000223484
75.705 0.000220738
75.755 0.000222708
75.805 0.00022632
75.855 0.000231195
75.905 0.00023909
75.955 0.000248275
76.005 0.000246031
76.055 0.000239136
76.105 0.000232259
76.155 0.000227417
76.205 0.000224707
76.255 0.000223982
76.305 0.000224853
76.355 0.000219871
76.405 0.00021021
76.455 0.000200001
76.505 0.00019497
76.555 0.000197229
76.605 0.000203077
76.655 0.000209365
76.705 0.000208669
76.755 0.00020163
76.805 0.000192579
76.855 0.000187244
76.905 0.000189824
76.955 0.000197662
77.005 0.000206342
77.055 0.000211997
77.105 0.000211542
77.155 0.000207643
77.205 0.000204921
77.255 0.000207574
77.305 0.000214993
77.355 0.00022425
77.405 0.000232815
77.455 0.000238553
77.505 0.00024086
77.555 0.000240695
77.605 0.000239926
77.655 0.000242115
77.705 0.000242755
77.755 0.000239637
77.805 0.000235635
77.855 0.000231875
77.905 0.000226611
77.955 0.000221493
78.005 0.000221224
78.055 0.000224556
78.105 0.000227739
78.155 0.000234464
78.205 0.00024413
78.255 0.000247968
78.305 0.000243008
78.355 0.00023544
78.405 0.000229759
78.455 0.000225928
78.505 0.000223992
78.555 0.00022457
78.605 0.000223282
78.655 0.000215513
78.705 0.000204917
78.755 0.000196602
78.805 0.000195348
78.855 0.000199752
78.905 0.000206503
78.955 0.000209908
79.005 0.000205808
79.055 0.00019709
79.105 0.00018913
79.155 0.000187476
79.205 0.000193426
79.255 0.000201985
79.305 0.000209803
79.355 0.000212408
79.405 0.000209807
79.455 0.000205815
79.505 0.000205549
79.555 0.000210796
79.605 0.000219461
79.655 0.000228693
79.705 0.000236063
79.755 0.000240082
79.805 0.000241014
79.855 0.000239968
79.905 0.000240711
79.955 0.000243146
80.005 0.000241512
80.055 0.000237636
80.105 0.000233792
80.155 0.000229968
80.205 0.000223574
80.255 0.000220729
80.305 0.000222625
80.355 0.00022625
80.405 0.000231067
80.455 0.000238888
80.505 0.000248201
80.555 0.000246122
80.605 0.000239284
80.655 0.000232361
80.705 0.000227501
80.755 0.000224739
80.805 0.000223962
80.855 0.000224855
80.905 0.000220013
80.955 0.000210409
81.005 0.000200157
81.055 0.00019499
81.105 0.000197139
81.155 0.000202938
81.205 0.000209275
81.255 0.00020874
81.305 0.000201791
81.355 0.000192727
81.405 0.000187268
81.455 0.000189689
81.505 0.000197491
81.555 0.000206182
81.605 0.000211945
81.655 0.000211587
81.705 0.000207717
81.755 0.000204922
81.805 0.000207467
81.855 0.000214822
81.905 0.00022407
81.955 0.000232673
82.005 0.000238477
82.055 0.000240846
82.105 0.000240732
82.155 0.000239912
82.205 0.000242057
82.255 0.000242785
82.305 0.000239709
82.355 0.000235704
82.405 0.000231943
82.455 0.00022674
82.505 0.00022154
82.555 0.000221176
82.605 0.000224472
82.655 0.000227562
82.705 0.000234307
82.755 0.000243934
82.805 0.000248004
82.855 0.000243132
82.905 0.000235566
82.955 0.000229842
83.005 0.00022597
83.055 0.000224003
83.105 0.000224537
83.155 0.00022338
83.205 0.000215691
83.255 0.000205111
83.305 0.000196696
83.355 0.000195282
83.405 0.000199634
83.455 0.00020637
83.505 0.000209914
83.555 0.000205941
83.605 0.000197264
83.655 0.000189236
83.705 0.000187426
83.755 0.000193272
83.805 0.000201811
83.855 0.000209685
83.905 0.000212414
83.955 0.000209883
84.005 0.000205873
84.055 0.000205504
84.105 0.000210651
84.155 0.000219282
84.205 0.000228526
84.255 0.000235952
84.305 0.000240041
84.355 0.000241021
84.405 0.000239993
84.455 0.000240673
84.505 0.000243145
84.555 0.000241576
84.605 0.000237715
84.655 0.000233864
84.705 0.000230043
84.755 0.000223675
84.805 0.000220733
84.855 0.000222554
84.905 0.000226188
84.955 0.000230946
85.005 0.00023869
85.055 0.000248088
85.105 0.000246215
85.155 0.000239433
85.205 0.000232464
85.255 0.000227583
85.305 0.000224771
85.355 0.000223941
85.405 0.000224854
85.455 0.000220157
85.505 0.000210613
85.555 0.000200322
85.605 0.000195018
85.655 0.000197054
85.705 0.000202802
85.755 0.00020919
85.805 0.000208818
85.855 0.000201965
85.905 0.000192888
85.955 0.000187306
86.005 0.000189563
86.055 0.000197325
86.105 0.000206026
86.155 0.0002119
86.205 0.00021164
86.255 0.000207801
86.305 0.000204935
86.355 0.000207368
86.405 0.000214656
86.455 0.000223892
86.505 0.000232531
86.555 0.000238402
86.605 0.000240834
86.655 0.000240772
86.705 0.000239907
86.755 0.000242007
86.805 0.000242825
86.855 0.000239793
86.905 0.000235783
86.955 0.000232023
87.005 0.000226883
87.055 0.000221603
87.105 0.000221141
87.155 0.000224399
87.205 0.000227398
87.255 0.00023416
87.305 0.000243741
87.355 0.000248046
87.405 0.000243262
87.455 0.000235698
87.505 0.000229929
87.555 0.000226017
87.605 0.000224019
87.655 0.000224511
87.705 0.000223484
87.755 0.000215877
87.805 0.000205315
87.855 0.000196801
87.905 0.000195228
87.955 0.000199524
88.005 0.000206243
88.055 0.000209926
88.105 0.000206081
88.155 0.000197448
88.205 0.000189352
88.255 0.000187387
88.305 0.000193127
88.355 0.000201645
88.405 0.000209572
88.455 0.000212425
88.505 0.000209965
88.555 0.000205937
88.605 0.000205466
88.655 0.000210512
88.705 0.000219106
88.755 0.000228362
88.805 0.000235842
88.855 0.00024
88.905 0.000241028
88.955 0.00024002
89.005 0.000240638
89.055 0.000243144
89.105 0.000241645
89.155 0.000237801
89.205 0.000233944
89.255 0.000230127
89.305 0.000223786
89.355 0.00022075
89.405 0.000222495
89.455 0.000226133
89.505 0.000230837
89.555 0.0002385
89.605 0.000247962
89.655 0.00024631
89.705 0.000239587
89.755 0.00023257
89.805 0.000227667
89.855 0.000224805
89.905 0.000223924
89.955 0.000224857
90.005 0.000220303
90.055 0.000210822
90.105 0.000200493
90.155 0.000195053
90.205 0.000196977
90.255 0.000202673
90.305 0.000209109
90.355 0.000208898
90.405 0.000202141
90.455 0.000193055
90.505 0.000187352
90.555 0.000189446
90.605 0.000197167
90.655 0.000205877
90.705 0.00021186
90.755 0.000211698
90.805 0.00020789
90.855 0.000204953
90.905 0.000207274
90.955 0.000214494
91.005 0.000223716
91.055 0.000232389
91.105 0.000238326
91.155 0.000240821
91.205 0.00024081
91.255 0.000239901
91.305 0.000241955
91.355 0.000242861
91.405 0.000239876
91.455 0.000235865
91.505 0.000232106
91.555 0.000227031
91.605 0.000221674
91.655 0.000221118
91.705 0.000224334
91.755 0.000227248
91.805 0.000234022
91.855 0.000243552
91.905 0.000248088
91.955 0.000243392
92.005 0.000235831
92.055 0.000230017
92.105 0.000226066
92.155 0.000224038
92.205 0.000224484
92.255 0.000223589
92.305 0.000216064
92.355 0.000205522
92.405 0.000196911
92.455 0.000195179
92.505 0.000199419
92.555 0.000206119
92.605 0.000209939
92.655 0.000206223
92.705 0.000197635
92.755 0.000189475
92.805 0.000187354
92.855 0.000192986
92.905 0.000201483
92.955 0.000209463
93.005 0.00021244
93.055 0.000210053
93.105 0.000206008
93.155 0.000205435
93.205 0.000210378
93.255 0.000218932
93.305 0.000228197
93.355 0.000235732
93.405 0.000239957
93.455 0.000241033
93.505 0.000240045
93.555 0.000240601
93.605 0.000243137
93.655 0.00024171
93.705 0.000237886
93.755 0.000234025
93.805 0.000230213
93.855 0.000223905
93.905 0.000220775
93.955 0.000222445
94.005 0.000226087
94.055 0.000230737
94.105 0.000238316
94.155 0.000247835
94.205 0.000246405
94.255 0.000239743
94.305 0.000232679
94.355 0.000227752
94.405 0.000224843
94.455 0.00022391
94.505 0.000224859
94.555 0.000220451
94.605 0.000211032
94.655 0.000200668
94.705 0.000195094
94.755 0.000196904
94.805 0.000202548
94.855 0.000209028
94.905 0.00020898
94.955 0.000202321
95.005 0.000193226
95.055 0.000187404
95.105 0.000189325
95.155 0.000197012
95.205 0.00020573
95.255 0.000211822
95.305 0.000211759
95.355 0.000207983
95.405 0.000204977
95.455 0.000207185
95.505 0.000214334
95.555 0.000223541
95.605 0.000232247
95.655 0.000238248
95.705 0.000240804
95.755 0.000240845
95.805 0.000239893
95.855 0.000241901
95.905 0.000242895
95.955 0.000239958
96.005 0.000235947
96.055 0.00023219
96.105 0.000227184
96.155 0.000221751
96.205 0.0002211
96.255 0.000224277
96.305 0.000227185
96.355 0.000233889
96.405 0.000243366
96.455 0.000248131
96.505 0.000243524
96.555 0.00023597
96.605 0.000230109
96.655 0.000226114
96.705 0.000224062
96.755 0.000224461
96.805 0.0002237
96.855 0.000216253
96.905 0.000205732
96.955 0.000197027
97.005 0.000195136
97.055 0.000199318
97.105 0.000205997
97.155 0.000209953
97.205 0.000206366
97.255 0.000197825
97.305 0.000189601
97.355 0.000187325
97.405 0.000192845
97.455 0.000201323
97.505 0.000209354
97.555 0.000212454
97.605 0.00021014
97.655 0.000206079
97.705 0.000205396
97.755 0.000210244
97.805 0.000218758
97.855 0.000228032
97.905 0.000235619
97.955 0.00023991
98.005 0.000241034
98.055 0.000240066
98.105 0.000240562
98.155 0.000243126
98.205 0.000241772
98.255 0.00023797
98.305 0.000234104
98.355 0.000230298
98.405 0.000224023
98.455 0.000220801
98.505 0.000222397
98.555 0.000226043
98.605 0.000230625
98.655 0.000238136
98.705 0.000247708
98.755 0.000246501
98.805 0.000239902
98.855 0.000232793
98.905 0.000227841
98.955 0.000224884
99.005 0.000223902
99.055 0.000224864
99.105 0.000220599
99.155 0.000211245
99.205 0.000200847
99.255 0.000195138
99.305 0.000196832
99.355 0.000202424
99.405 0.000208946
99.455 0.000209059
99.505 0.000202498
99.555 0.000193397
99.605 0.000187458
99.655 0.000189205
99.705 0.000196856
99.755 0.000205582
99.805 0.000211781
99.855 0.000211816
99.905 0.000208074
99.955 0.000205001
100.005 0.000207096
100.055 0.000214173
100.105 0.000223364
100.155 0.000232103
100.205 0.000238167
100.255 0.000240783
100.305 0.000240876
100.355 0.000239881
100.405 0.000241843
100.455 0.000242922
100.505 0.000240035
100.555 0.000236024
100.605 0.000232268
100.655 0.000227334
100.705 0.000221824
100.755 0.000221081
100.805 0.000224217
100.855 0.000227173
100.905 0.000233758
100.955 0.00024318
101.005 0.000248173
101.055 0.000243658
101.105 0.00023611
101.155 0.000230205
101.205 0.000226164
101.255 0.000224091
101.305 0.00022444
101.355 0.000223809
101.405 0.00021644
101.455 0.000205942
101.505 0.000197144
101.555 0.000195082
101.605 0.000199217
101.655 0.000205873
101.705 0.000209962
101.755 0.000206503
101.805 0.00019801
101.855 0.000189725
101.905 0.000187296
101.955 0.000192704
102.005 0.00020116
102.055 0.00020924
102.105 0.000212463
102.155 0.000210222
102.205 0.000206148
102.255 0.000205352
102.305 0.000210109
102.355 0.000218583
102.405 0.000227864
102.455 0.000235502
102.505 0.000239859
102.555 0.00024103
102.605 0.000240085
102.655 0.000240518
102.705 0.000243108
102.755 0.000241828
102.805 0.000238047
102.855 0.000234176
102.905 0.000230376
102.955 0.000224135
103.005 0.000220823
103.055 0.000222344
103.105 0.000225994
103.155 0.000230516
103.205 0.000237956
103.255 0.000247577
103.305 0.000246594
103.355 0.000240062
103.405 0.000232909
103.455 0.000227933
103.505 0.000224929
103.555 0.000223896
103.605 0.000224867
103.655 0.000220745
103.705 0.000211454
103.755 0.000201024
103.805 0.000195182
103.855 0.000196757
103.905 0.000202298
103.955 0.000208858
104.005 0.000209129
104.055 0.000202669
104.105 0.000193563
104.155 0.000187509
104.205 0.000189084
104.255 0.000196697
104.305 0.000205428
104.355 0.000211732
104.405 0.000211866
104.455 0.000208159
104.505 0.000205022
104.555 0.000207004
104.605 0.000214011
104.655 0.000223185
104.705 0.000231955
104.755 0.000238082
104.805 0.000240758
104.855 0.000240904
104.905 0.000239867
104.955 0.00024178
105.005 0.000242944
105.055 0.000240106
105.105 0.000236095
105.155 0.000232339
105.205 0.000227476
105.255 0.00022189
105.305 0.000221052
105.355 0.00022415
105.405 0.000227155
105.455 0.000233626
105.505 0.00024299
105.555 0.000248211
105.605 0.000243788
105.655 0.000236253
105.705 0.000230303
105.755 0.000226217
105.805 0.000224124
105.855 0.00022442
105.905 0.000223916
105.955 0.000216625
106.005 0.000206149
106.055 0.000197261
106.105 0.000195028
106.155 0.000199113
106.205 0.000205745
106.255 0.000209962
106.305 0.000206632
106.355 0.000198189
106.405 0.000189845
106.455 0.000187265
106.505 0.000192559
106.555 0.000200992
106.605 0.000209118
106.655 0.000212462
106.705 0.000210297
106.755 0.000206212
106.805 0.000205306
106.855 0.000209971
106.905 0.000218405
106.955 0.000227694
107.005 0.000235382
107.055 0.000239805
107.105 0.000241024
107.155 0.000240102
107.205 0.000240472
107.255 0.000243086
107.305 0.000241878
107.355 0.00023812
107.405 0.000234243
107.455 0.000230445
107.505 0.00022424
107.555 0.000220836
107.605 0.00022228
107.655 0.000225935
107.705 0.000230403
107.755 0.000237773
107.805 0.000247439
107.855 0.000246685
107.905 0.000240222
107.955 0.000233026
108.005 0.000228026
108.055 0.000224978
108.105 0.000223892
108.155 0.000224869
108.205 0.000220887
108.255 0.00021166
108.305 0.0002012
108.355 0.000195225
108.405 0.00019668
108.455 0.000202169
108.505 0.000208763
108.555 0.000209191
108.605 0.000202833
108.655 0.000193725
108.705 0.000187558
108.755 0.000188961
108.805 0.000196534
108.855 0.000205268
108.905 0.000211669
108.955 0.000211907
109.005 0.000208237
109.055 0.000205039
109.105 0.00020691
109.155 0.000213845
109.205 0.000223004
109.255 0.000231804
109.305 0.000237994
109.355 0.000240731
109.405 0.000240916
109.455 0.000239853
109.505 0.000241716
109.555 0.000242962
109.605 0.000240173
109.655 0.000236162
109.705 0.000232404
109.755 0.000227611
109.805 0.000221949
109.855 0.000221016
109.905 0.000224071
109.955 0.000227126
