10.005 -0.58139 -0.738393 -0.701502 -0.599303 -0.47439 -0.40002 -0.502749 -0.968592 -1.74311 -2.47648 -2.74714 -2.33801 -1.29831 0.0455554 1.65258 3.12512 4.31578 5.34793 4.9147 2.91994 1.78292 1.80039 2.26055
10.055 0.0467497 -0.650902 -0.647933 -0.567197 -0.431801 -0.281223 -0.18869 -0.276065 -0.719107 -1.49425 -2.25051 -2.55007 -2.17793 -1.18508 0.0875284 1.62725 3.09148 4.31513 5.38389 5.06571 3.04865 1.79625 1.80864
10.105 0.722706 -0.573646 -0.599167 -0.548131 -0.431902 -0.269849 -0.101133 0.00307281 -0.0724174 -0.492653 -1.26548 -2.03792 -2.36458 -2.03063 -1.0769 0.139059 1.61865 3.07901 4.33966 5.44246 5.21995 3.15347 1.74284
10.155 1.46417 -0.505946 -0.551557 -0.528662 -0.441446 -0.297888 -0.116837 0.0633018 0.174626 0.109315 -0.287103 -1.05288 -1.83542 -2.18743 -1.89121 -0.973362 0.203831 1.63071 3.09134 4.40156 5.53087 5.39294 3.19512
10.205 2.40876 -0.268553 -0.51275 -0.50968 -0.449694 -0.334118 -0.170157 0.0236238 0.210216 0.325713 0.269973 -0.101753 -0.854575 -1.64032 -2.01507 -1.75799 -0.871832 0.282415 1.66415 3.13275 4.50189 5.68092 5.57735
10.255 3.69191 0.696845 -0.279615 -0.511901 -0.464632 -0.371416 -0.231647 -0.0517568 0.150502 0.340258 0.458266 0.411871 0.0672033 -0.664917 -1.44868 -1.84666 -1.63159 -0.777086 0.36609 1.71324 3.19506 4.66219 5.91499
10.305 5.05691 2.34316 0.586099 -0.393111 -0.587695 -0.475246 -0.333421 -0.15906 0.0432267 0.257739 0.452964 0.575029 0.540085 0.225178 -0.480033 -1.26021 -1.68366 -1.5126 -0.689249 0.456909 1.78186 3.2968 4.8802
10.355 6.37259 4.18437 1.93819 0.30601 -0.637449 -0.765469 -0.562771 -0.352391 -0.128443 0.106991 0.341303 0.547326 0.678042 0.65906 0.378028 -0.292257 -1.06427 -1.5093 -1.37235 -0.576788 0.557903 1.82309 3.15052
10.405 6.88762 5.52854 3.44959 1.5806 0.0377399 -0.887938 -0.967047 -0.681709 -0.401447 -0.125397 0.145829 0.402376 0.621976 0.765018 0.766767 0.525256 -0.0962316 -0.847938 -1.30521 -1.21069 -0.515534 0.451152 1.20804
10.455 6.97689 6.3073 4.45023 3.00762 1.32623 -0.184612 -1.12255 -1.17379 -0.815025 -0.465889 -0.136767 0.171881 0.452458 0.687304 0.843819 0.866236 0.662254 0.0927071 -0.649612 -1.17802 -1.29873 -1.02532 -0.84269
10.505 6.27707 7.07929 5.12547 3.85556 2.69672 1.1365 -0.374855 -1.34307 -1.38016 -0.954037 -0.536114 -0.153073 0.193616 0.497528 0.744349 0.906803 0.935924 0.746998 0.193326 -0.628494 -1.41494 -2.03493 -2.65717
10.555 4.49246 6.79972 6.03928 4.55147 3.47095 2.47131 0.997385 -0.533121 -1.54288 -1.5827 -1.09869 -0.616901 -0.18436 0.195386 0.515806 0.76424 0.916488 0.927618 0.711775 0.0965913 -0.948771 -2.19073 -3.62576
10.605 2.31082 5.00535 5.88435 5.61326 4.31105 3.27154 2.34194 0.919089 -0.64763 -1.7116 -1.77712 -1.25221 -0.71846 -0.2471 0.155481 0.481427 0.717979 0.841694 0.805389 0.506636 -0.271248 -1.67601 -3.62082
10.655 1.8389 2.31016 4.32626 5.52383 5.53642 4.31529 3.23049 2.30235 0.897751 -0.72094 -1.85028 -1.96599 -1.42056 -0.849884 -0.353322 0.0593851 0.378096 0.588567 0.664355 0.546821 0.104917 -0.918734 -2.82373
10.705 2.61023 2.06419 1.71468 3.88501 5.36074 5.60371 4.44981 3.28166 2.31649 0.912142 -0.766155 -1.96595 -2.15133 -1.60357 -1.00943 -0.499944 -0.0882018 0.21317 0.386963 0.399257 0.17429 -0.441664 -1.75808
10.755 2.49969 3.1647 1.71496 1.20501 3.57037 5.28614 5.72821 4.64273 3.37129 2.34811 0.937562 -0.799226 -2.06715 -2.33286 -1.79565 -1.18472 -0.66596 -0.254948 0.0334407 0.177581 0.133713 -0.187078 -0.968863
10.805 1.93156 3.23225 3.13591 1.30579 0.817865 3.32442 5.2526 5.87082 4.85882 3.47557 2.38561 0.963544 -0.827303 -2.15749 -2.50729 -1.98893 -1.36409 -0.83619 -0.423043 -0.142546 -0.0223399 -0.114661 -0.530365
10.855 1.27189 2.71406 3.47843 2.90609 0.958961 0.539102 3.11177 5.23162 6.00834 5.07864 3.58695 2.4158 0.972255 -0.854717 -2.23836 -2.67123 -2.17851 -1.54111 -1.00369 -0.586708 -0.312142 -0.213296 -0.357926
10.905 0.666064 1.99248 3.1674 3.46425 2.61939 0.70387 0.352948 2.90861 5.20769 6.12705 5.28852 3.69711 2.42595 0.953957 -0.885126 -2.31211 -2.82375 -2.36087 -1.71055 -1.16201 -0.738942 -0.467318 -0.390908
10.955 0.179258 1.25005 2.55918 3.37093 3.31614 2.33518 0.548873 0.238977 2.69918 5.17341 6.21939 5.47709 3.79452 2.40919 0.907559 -0.922156 -2.38194 -2.96184 -2.53172 -1.86646 -1.30179 -0.866 -0.592
11.005 -0.163222 0.592871 1.83952 2.93748 3.40435 3.10104 2.08261 0.49615 0.181161 2.46884 5.12706 6.27943 5.63279 3.86864 2.36071 0.83438 -0.966477 -2.44696 -3.07874 -2.68094 -1.99336 -1.39814 -0.932955
11.055 -0.365782 0.0803884 1.13492 2.33271 3.15217 3.32425 2.85459 1.8713 0.545189 0.178175 2.2011 5.06868 6.30291 5.74611 3.90837 2.28024 0.740894 -1.01412 -2.50038 -3.16465 -2.78839 -2.05854 -1.39995
11.105 -0.454386 -0.268227 0.535369 1.68528 2.7065 3.23494 3.16681 2.6019 1.7072 0.627053 0.219985 2.01656 4.96836 6.26491 5.79677 3.90336 2.1719 0.640786 -1.0508 -2.52362 -3.19776 -2.81645 -1.99808
11.155 -0.46798 -0.470665 0.0860873 1.09804 2.1878 2.9596 3.2063 2.94661 2.34292 1.58067 0.756666 0.344603 1.90908 4.82536 6.15024 5.76422 3.84311 2.04392 0.558977 -1.04227 -2.4729 -3.12261 -2.6765
11.205 -0.447713 -0.56591 -0.206329 0.641482 1.7055 2.61093 3.0873 3.06729 2.66159 2.07654 1.50015 0.962492 0.592051 1.89462 4.63514 5.92753 5.59844 3.7222 1.93524 0.558276 -0.908471 -2.25006 -2.81281
11.255 -0.42961 -0.600473 -0.362982 0.350022 1.34676 2.29663 2.90987 3.06062 2.80189 2.31479 1.82857 1.50488 1.27952 0.974515 1.95378 4.37896 5.58692 5.31882 3.58689 1.92666 0.747812 -0.521661 -1.72546
11.305 -0.429692 -0.612617 -0.429903 0.198997 1.12899 2.072 2.74612 2.99926 2.84519 2.43231 1.98109 1.69671 1.65695 1.67318 1.35718 1.98622 4.08656 5.24706 5.08848 3.59179 2.13742 1.19127 0.116954
11.355 -0.447214 -0.618063 -0.442272 0.148122 1.02805 1.9414 2.62565 2.92568 2.83692 2.48446 2.06819 1.7854 1.74715 1.91078 2.01557 1.65882 2.03379 3.85243 5.01782 5.01437 3.82172 2.64885 2.00167
11.405 -0.475075 -0.617754 -0.41737 0.167043 1.01337 1.88773 2.55089 2.85867 2.80316 2.49596 2.11775 1.84699 1.78778 1.93116 2.16056 2.25066 1.89871 2.14278 3.74786 4.98932 5.22235 4.46541 3.86055
11.455 -0.502343 -0.608621 -0.369629 0.223942 1.04557 1.87804 2.50587 2.80166 2.76137 2.4882 2.14592 1.89432 1.82635 1.93766 2.14524 2.33476 2.3721 2.0985 2.37051 3.89158 5.35105 6.01287 6.14121
11.505 -0.596799 -0.583144 -0.300745 0.280083 1.08019 1.87504 2.46885 2.75129 2.72285 2.47922 2.16863 1.93456 1.86156 1.94906 2.12607 2.29746 2.39495 2.4023 2.38969 2.97383 4.56755 6.41201 7.90149
11.555 -1.30756 -0.874029 0.0316121 0.430614 1.06339 1.83567 2.42257 2.70521 2.69263 2.47703 2.19365 1.97259 1.89276 1.95846 2.10964 2.25976 2.34622 2.3834 2.52038 3.09322 4.27414 5.99621 8.29417
11.605 -2.58496 -2.04749 0.076816 1.1728 1.33297 1.70372 2.30033 2.64191 2.66882 2.48178 2.22022 2.00869 1.9219 1.96717 2.093 2.22281 2.30437 2.36397 2.55134 3.14341 4.41195 5.93607 7.63306
11.655 -4.18198 -3.62908 -0.743682 1.36626 2.4156 2.11693 2.03847 2.42761 2.59829 2.49407 2.26272 2.05327 1.95231 1.97361 2.07341 2.18482 2.26616 2.35179 2.58393 3.18557 4.33282 5.93222 7.25919
11.705 -5.36402 -5.33651 -2.11385 0.501916 2.43472 3.37496 2.68735 2.13284 2.32538 2.42041 2.3054 2.12063 1.99728 1.98268 2.05094 2.14489 2.22752 2.33018 2.57893 3.16694 4.23739 5.67372 6.83014
11.755 -5.95953 -6.51917 -3.90081 -1.01747 1.40363 3.12074 4.0477 3.1526 2.14639 2.14054 2.21551 2.16017 2.0593 2.01063 2.0372 2.10637 2.18523 2.29455 2.53772 3.07878 4.04131 5.32608 6.39295
11.805 -6.13627 -6.89147 -5.21969 -2.94721 -0.272144 1.95283 3.5036 4.48167 3.55786 2.18948 1.97925 2.04233 2.06399 2.04561 2.04557 2.08158 2.14369 2.24596 2.46584 2.9372 3.77233 4.91156 5.93796
11.855 -5.89901 -6.39189 -5.76654 -4.37304 -2.29977 0.184281 2.26002 3.70511 4.70198 3.90907 2.33484 1.88238 1.91353 1.99964 2.0464 2.07572 2.11582 2.19593 2.3784 2.76924 3.46984 4.46108 5.44624
11.905 -5.41912 -5.23355 -5.43644 -5.02538 -3.78263 -1.86141 0.463201 2.4233 3.79347 4.82092 4.21402 2.53168 1.84666 1.82635 1.95237 2.04523 2.09867 2.15989 2.29845 2.60734 3.17793 4.01973 4.93574
11.955 -4.58463 -3.76911 -4.4983 -4.82249 -4.51923 -3.36678 -1.55464 0.637752 2.50417 3.84188 4.90007 4.4733 2.74292 1.84787 1.76549 1.91264 2.04168 2.12802 2.23978 2.47519 2.92696 3.62494 4.4428
12.005 -3.77756 -2.40726 -3.21427 -3.98176 -4.35056 -4.10929 -3.03613 -1.33137 0.736614 2.53609 3.86241 4.94288 4.69165 2.96081 1.87633 1.72119 1.87719 2.04403 2.18301 2.37576 2.72657 3.29023 3.99213
12.055 -3.14091 -1.57211 -2.00873 -2.77308 -3.54582 -3.94363 -3.75695 -2.76358 -1.16736 0.789179 2.53638 3.86006 4.95045 4.87184 3.18436 1.92391 1.68835 1.8497 2.06563 2.28004 2.57154 3.02 3.59908
12.105 -2.57163 -1.17934 -1.29063 -1.66243 -2.38418 -3.15945 -3.5911 -3.45316 -2.53449 -1.03973 0.810777 2.51145 3.83457 4.92756 5.02451 3.41271 1.98369 1.66545 1.83765 2.11907 2.42502 2.80618 3.27389
12.155 -2.03319 -0.997013 -0.963199 -1.02524 -1.34251 -2.03284 -2.81677 -3.28362 -3.18848 -2.33407 -0.931931 0.810361 2.46408 3.78975 4.89694 5.15911 3.6305 2.04949 1.65543 1.85017 2.21151 2.60627 3.01154
12.205 -1.4602 -0.887554 -0.815685 -0.743613 -0.766843 -1.04393 -1.71525 -2.51056 -3.01187 -2.95419 -2.15464 -0.836627 0.793895 2.40208 3.74549 4.86871 5.27425 3.83251 2.11706 1.66114 1.89333 2.33752 2.76595
12.255 -0.854547 -0.78102 -0.728753 -0.623937 -0.522065 -0.518033 -0.76832 -1.4274 -2.23406 -2.76799 -2.74442 -1.9915 -0.747101 0.770891 2.34147 3.70896 4.84555 5.37724 4.01715 2.18151 1.68285 1.96317 2.44658
12.305 -0.239755 -0.687937 -0.6695 -0.576593 -0.440157 -0.313099 -0.289433 -0.51949 -1.16683 -1.98175 -2.54549 -2.55319 -1.84085 -0.659477 0.758208 2.29523 3.68508 4.82705 5.47788 4.1928 2.23586 1.70911 2.00973
12.355 0.412089 -0.606429 -0.619705 -0.554614 -0.427238 -0.264817 -0.119522 -0.0824733 -0.296494 -0.928748 -1.74694 -2.33757 -2.37534 -1.70241 -0.57151 0.763074 2.26892 3.67367 4.82265 5.595 4.36428 2.26568 1.68435
12.405 1.12216 -0.53463 -0.572042 -0.536701 -0.435698 -0.28141 -0.10029 0.0566736 0.102226 -0.0975213 -0.708485 -1.52454 -2.13995 -2.20815 -1.5741 -0.483113 0.785755 2.26169 3.68552 4.86472 5.73459 4.5216 2.22731
12.455 1.92589 -0.446834 -0.52806 -0.517515 -0.445858 -0.317248 -0.143281 0.0499717 0.213183 0.264229 0.0793359 -0.502731 -1.31222 -1.95137 -2.05032 -1.45595 -0.394779 0.82758 2.28158 3.7387 4.97187 5.90999 4.62584
12.505 3.09702 0.147432 -0.450558 -0.500341 -0.451801 -0.351453 -0.202039 -0.0147726 0.184917 0.350347 0.405688 0.237114 -0.308856 -1.10797 -1.76929 -1.89924 -1.34772 -0.310537 0.885236 2.3313 3.83684 5.14993 6.10542
12.555 4.4415 1.55293 0.101372 -0.496183 -0.508088 -0.412667 -0.277805 -0.104596 0.0968131 0.302809 0.4707 0.53152 0.381032 -0.126961 -0.914722 -1.59209 -1.75447 -1.25089 -0.234083 0.955747 2.40764 3.98494 5.44602
12.605 5.80467 3.36872 1.30352 -0.0984771 -0.659419 -0.605663 -0.438882 -0.251214 -0.0413768 0.182796 0.401019 0.575753 0.645497 0.515218 0.0473857 -0.725293 -1.41339 -1.60641 -1.147 -0.142054 1.05251 2.49938 4.02867
12.655 6.73631 4.94357 2.789 0.96572 -0.364515 -0.887586 -0.762534 -0.514033 -0.264321 -0.0103387 0.242584 0.477993 0.664071 0.746994 0.64177 0.221059 -0.524994 -1.21205 -1.42367 -1.00961 -0.0588298 1.03755 2.10888
12.705 6.99544 5.9913 4.04137 2.41718 0.697703 -0.606993 -1.12345 -0.93925 -0.611529 -0.299298 0.000492682 0.284134 0.53871 0.738037 0.836573 0.760191 0.391913 -0.316255 -1.00016 -1.26247 -1.02155 -0.365213 0.0855267
12.755 6.74522 6.73658 4.7673 3.53226 2.17517 0.493549 -0.817138 -1.35182 -1.11876 -0.714635 -0.340055 0.0065307 0.32192 0.595717 0.806641 0.916633 0.860616 0.52932 -0.168277 -0.929339 -1.43566 -1.69459 -1.91484
12.805 5.42546 7.13955 5.62687 4.14458 3.18965 1.99113 0.323589 -1.00938 -1.57852 -1.30413 -0.825522 -0.389423 0.00291013 0.347502 0.635285 0.848481 0.954154 0.892479 0.5517 -0.221099 -1.22189 -2.20613 -3.32858
12.855 3.28247 5.98101 6.14005 5.12801 3.81799 2.98098 1.86687 0.20476 -1.16482 -1.78937 -1.48867 -0.945902 -0.457336 -0.0278292 0.336913 0.627894 0.828806 0.908592 0.804815 0.386123 -0.576775 -1.98066 -3.72709
12.905 1.73201 3.54474 5.18339 5.74316 4.99922 3.73102 2.89862 1.80758 0.141056 -1.2804 -1.97943 -1.67458 -1.08455 -0.557507 -0.103464 0.269426 0.55089 0.723871 0.75407 0.565371 -0.0078087 -1.26226 -3.26428
12.955 2.21294 1.8896 2.85231 4.79036 5.62959 5.0858 3.80416 2.90512 1.79529 0.118919 -1.36415 -2.14613 -1.86407 -1.24558 -0.694512 -0.22918 0.13936 0.398584 0.52808 0.484388 0.170142 -0.609904 -2.23926
13.005 2.61926 2.68224 1.47271 2.2432 4.5606 5.63445 5.27228 3.95314 2.94526 1.79629 0.115956 -1.42933 -2.29253 -2.05595 -1.42471 -0.858973 -0.389426 -0.0297121 0.204921 0.288446 0.165196 -0.278137 -1.27339
13.055 2.21 3.27223 2.56298 1.02274 1.77402 4.40395 5.69016 5.50202 4.13421 2.99232 1.79478 0.118919 -1.48336 -2.42256 -2.24527 -1.6102 -1.03211 -0.557025 -0.200835 0.0176905 0.0652606 -0.123901 -0.688768
13.105 1.56474 2.98075 3.3952 2.29692 0.649522 1.40034 4.28583 5.76362 5.74342 4.32454 3.03555 1.78568 0.120982 -1.53171 -2.53906 -2.42798 -1.79574 -1.20629 -0.724547 -0.369165 -0.16361 -0.147831 -0.406039
13.155 0.921131 2.32611 3.34642 3.28033 2.02391 0.365399 1.11812 4.18433 5.82614 5.95176 4.50874 3.07686 1.76911 0.116678 -1.57882 -2.64391 -2.60141 -1.97684 -1.37564 -0.885674 -0.529086 -0.333918 -0.352802
13.205 0.37539 1.575 2.85265 3.44929 3.07161 1.78589 0.165204 0.913241 4.08196 5.8644 6.11987 4.67492 3.10702 1.74002 0.100285 -1.62829 -2.73964 -2.76407 -2.14959 -1.53391 -1.03192 -0.669216 -0.482239
13.255 -0.0316568 0.868686 2.16535 3.15518 3.39832 2.83494 1.59163 0.0424286 0.775597 3.96866 5.87102 6.24121 4.81344 3.1195 1.69497 0.0683425 -1.68142 -2.8261 -2.91225 -2.30697 -1.66903 -1.14476 -0.765476
13.305 -0.293086 0.288006 1.44088 2.61363 3.28891 3.26138 2.59595 1.42854 -0.00501995 0.713424 3.8382 5.84004 6.30816 4.91374 3.10727 1.63164 0.0210988 -1.73368 -2.89842 -3.03596 -2.42851 -1.74786 -1.17537
13.355 -0.427593 -0.132714 0.786552 1.97206 2.91899 3.29955 3.06779 2.36009 1.31048 0.0312175 0.706039 3.69378 5.76865 6.31357 4.96565 3.0661 1.55123 -0.0360812 -1.77503 -2.94456 -3.11601 -2.48086 -1.71567
13.405 -0.469359 -0.396638 0.266933 1.34726 2.42019 3.09628 3.21132 2.83009 2.13336 1.24113 0.158282 0.764723 3.53739 5.64943 6.24489 4.9563 2.9957 1.45286 -0.0902207 -1.77787 -2.93013 -3.10504 -2.38513
13.455 -0.459043 -0.534291 -0.0948936 0.825308 1.90914 2.76752 3.15142 3.0313 2.55157 1.91876 1.23121 0.399359 0.909072 3.37143 5.46846 6.0816 4.86678 2.89347 1.36427 -0.0890258 -1.6832 -2.78086 -2.90067
13.505 -0.436089 -0.590269 -0.308248 0.458534 1.48712 2.42619 2.98898 3.07112 2.75288 2.23513 1.73142 1.30785 0.786374 1.16219 3.1959 5.2062 5.79728 4.68281 2.78155 1.35468 0.0751865 -1.36139 -2.33486
13.555 -0.427259 -0.609081 -0.40976 0.249763 1.20779 2.15829 2.81301 3.02765 2.83173 2.39025 1.93138 1.63964 1.51635 1.28906 1.44614 2.96475 4.8866 5.47028 4.51521 2.79291 1.54559 0.492761 -0.772305
13.605 -0.437427 -0.616753 -0.443751 0.158051 1.05771 1.98617 2.67108 2.95617 2.84311 2.46695 2.03744 1.75546 1.71663 1.82301 1.74325 1.6599 2.74391 4.61289 5.235 4.4959 3.03052 2.00258 1.19329
13.655 -0.461821 -0.619438 -0.43402 0.14914 1.00841 1.90093 2.57661 2.88507 2.81863 2.49407 2.10028 1.82376 1.77103 1.92045 2.11395 2.06613 1.83519 2.64193 4.45648 5.1698 4.7166 3.61799 2.97719
13.705 -0.490847 -0.61459 -0.394505 0.193315 1.02495 1.87618 2.52089 2.82387 2.7789 2.49247 2.13535 1.87521 1.80976 1.93247 2.14876 2.31883 2.26294 2.00701 2.70936 4.51127 5.43957 5.44721 5.13994
13.755 -0.519062 -0.598588 -0.342192 0.25612 1.06483 1.8748 2.48294 2.77116 2.7379 2.48208 2.15841 1.9171 1.84629 1.94398 2.13375 2.31403 2.40574 2.35689 2.28662 3.14862 5.00165 6.34903 7.25116
13.805 -0.904799 -0.633021 -0.15858 0.305138 1.07687 1.86011 2.44331 2.72325 2.70386 2.4769 2.18238 1.9559 1.87896 1.95424 2.11728 2.27742 2.36986 2.40321 2.5019 2.97743 4.2941 6.23462 8.29424
13.855 -1.96211 -1.45717 0.2131 0.777525 1.08811 1.77237 2.37416 2.6758 2.67803 2.4775 2.20736 1.99241 1.90898 1.96355 2.1011 2.24024 2.3237 2.37376 2.54112 3.11623 4.34443 5.97034 7.92817
13.905 -3.438 -2.89262 -0.345329 1.50553 1.88569 1.74702 2.15902 2.5549 2.64392 2.48882 2.24006 2.03068 1.93791 1.97129 2.08343 2.20302 2.28388 2.35849 2.57516 3.17576 4.35404 5.9539 7.44668
13.955 -4.93105 -4.54978 -1.4132 0.936576 2.69615 2.80781 2.16456 2.23342 2.47624 2.47509 2.29169 2.08813 1.97425 1.97756 2.06146 2.16388 2.24623 2.34226 2.58608 3.18391 4.29195 5.80037 7.03561
14.005 -5.74785 -6.09129 -3.06159 -0.245057 1.92412 3.49444 3.49873 2.46443 2.1499 2.27718 2.28015 2.15371 2.03187 1.99531 2.04163 2.1237 2.20559 2.31323 2.56096 3.12597 4.1395 5.49129 6.59035
14.055 -6.13585 -6.85264 -4.70672 -2.04192 0.573253 2.5432 3.96656 4.02221 2.74233 2.04792 2.06709 2.11421 2.07707 2.0337 2.03996 2.09075 2.16232 2.26967 2.50149 3.00537 3.89856 5.10304 6.14661
14.105 -6.03633 -6.73869 -5.64335 -3.80767 -1.36405 1.05832 2.8807 4.20989 4.40274 3.03701 2.01117 1.90841 1.99201 2.03694 2.05291 2.07822 2.12679 2.21808 2.41841 2.84527 3.60545 4.66328 5.67034
14.155 -5.66872 -5.80448 -5.69933 -4.84637 -3.18995 -0.941018 1.32535 3.05162 4.31986 4.674 3.33593 2.04813 1.81435 1.90824 2.01094 2.06797 2.10803 2.17482 2.33254 2.67734 3.30448 4.2126 5.164
14.205 -5.00927 -4.45604 -4.96708 -5.01931 -4.28937 -2.7559 -0.671246 1.47421 3.14036 4.37307 4.87652 3.6169 2.12699 1.76673 1.84998 1.98862 2.07794 2.14514 2.26444 2.53053 3.03359 3.79469 4.65945
14.255 -4.10956 -2.99056 -3.82615 -4.41559 -4.53014 -3.87275 -2.43776 -0.495952 1.55381 3.18428 4.37985 5.02946 3.89188 2.23061 1.74502 1.80357 1.96749 2.09387 2.21205 2.41794 2.81072 3.43296 4.18824
14.305 -3.41338 -1.87363 -2.52441 -3.34469 -3.96249 -4.1118 -3.52362 -2.1874 -0.376977 1.59029 3.18288 4.35658 5.14703 4.15027 2.35038 1.74035 1.76451 1.95293 2.13163 2.32709 2.63802 3.13462 3.76876
14.355 -2.82137 -1.31746 -1.54807 -2.13266 -2.92439 -3.56495 -3.75274 -3.23173 -1.98595 -0.292725 1.59309 3.15833 4.32566 5.22002 4.38281 2.49281 1.74588 1.73238 1.95485 2.2057 2.49542 2.89879 3.4132
14.405 -2.27126 -1.06202 -1.07707 -1.25212 -1.77571 -2.54553 -3.21793 -3.44562 -2.98437 -1.81675 -0.232409 1.57797 3.12219 4.2944 5.25776 4.58249 2.65086 1.76058 1.7136 1.98437 2.32261 2.70102 3.1254
14.455 -1.73048 -0.935525 -0.870779 -0.842643 -0.971292 -1.44544 -2.20515 -2.91404 -3.17937 -2.76838 -1.66995 -0.184839 1.55356 3.07994 4.26943 5.26509 4.75155 2.82374 1.78214 1.7127 2.04787 2.47421 2.88099
14.505 -1.1269 -0.82835 -0.764322 -0.666688 -0.606037 -0.702641 -1.14472 -1.90401 -2.64352 -2.94257 -2.57514 -1.53657 -0.141024 1.52564 3.03618 4.2327 5.26386 4.91381 2.99202 1.80848 1.73333 2.14095 2.60678
14.555 -0.519575 -0.729033 -0.6956 -0.594708 -0.46652 -0.380103 -0.455622 -0.873699 -1.63421 -2.39784 -2.72763 -2.39786 -1.40996 -0.095429 1.49971 2.98663 4.20742 5.27671 5.0644 3.14679 1.83533 1.76963 2.21538
14.605 0.112439 -0.642543 -0.642717 -0.564765 -0.43033 -0.276349 -0.171831 -0.232647 -0.62914 -1.38869 -2.17013 -2.5277 -2.23474 -1.29217 -0.0413744 1.47796 2.95064 4.20527 5.30518 5.20961 3.28496 1.85028 1.77112
14.655 0.794372 -0.566179 -0.594056 -0.545942 -0.432321 -0.271096 -0.0988578 0.0172295 -0.0324664 -0.407559 -1.16234 -1.95551 -2.33918 -2.08346 -1.17921 0.0199795 1.47148 2.93519 4.22846 5.35935 5.3633 3.3996 1.79502
14.705 1.54325 -0.499475 -0.546571 -0.526155 -0.441858 -0.300855 -0.120517 0.0632239 0.186214 0.14579 -0.207026 -0.951584 -1.75097 -2.15899 -1.9394 -1.07073 0.0923716 1.48472 2.94413 4.28942 5.44534 5.54228 3.4548
14.755 2.52895 -0.211094 -0.508615 -0.506822 -0.449269 -0.336616 -0.175178 0.0179562 0.208124 0.334925 0.303051 -0.0268191 -0.754627 -1.55369 -1.98356 -1.801 -0.964852 0.176119 1.51784 2.98065 4.38764 5.59511 5.74181
14.805 3.82886 0.841712 -0.228352 -0.516775 -0.468454 -0.375985 -0.23791 -0.0596273 0.142625 0.336254 0.465338 0.441757 0.137011 -0.565976 -1.35989 -1.81208 -1.66915 -0.866477 0.262414 1.56428 3.03444 4.54533 5.85102
14.855 5.19671 2.52897 0.710795 -0.359596 -0.609468 -0.492482 -0.347717 -0.172192 0.0306563 0.246704 0.446688 0.579898 0.566785 0.28978 -0.381958 -1.16957 -1.64657 -1.54569 -0.778071 0.352126 1.63802 3.13818 4.73837
14.905 6.46764 4.33439 2.08878 0.416403 -0.610954 -0.798124 -0.593895 -0.377623 -0.149887 0.0883226 0.325898 0.537791 0.679966 0.682158 0.437427 -0.194114 -0.970144 -1.46737 -1.39807 -0.663136 0.448232 1.67153 2.95533
14.955 6.91978 5.63469 3.56673 1.72893 0.14813 -0.859976 -1.00599 -0.723738 -0.435817 -0.154085 0.121671 0.382867 0.609135 0.763636 0.785596 0.578599 0.00093568 -0.751385 -1.26061 -1.23429 -0.61331 0.309988 1.00347
15.005 6.96779 6.38462 4.51258 3.1081 1.47857 -0.06906 -1.08814 -1.21566 -0.865088 -0.50708 -0.170752 0.143942 0.43036 0.672415 0.839936 0.880843 0.708215 0.18497 -0.557515 -1.14285 -1.33878 -1.16306 -1.04736
15.055 6.15279 7.14689 5.21567 3.89986 2.78546 1.29107 -0.255647 -1.30334 -1.42613 -1.01272 -0.584581 -0.192745 0.161486 0.472306 0.726605 0.899168 0.944314 0.78239 0.273307 -0.549493 -1.39175 -2.08377 -2.80421
15.105 4.27292 6.68792 6.10811 4.65352 3.51943 2.56114 1.15816 -0.407368 -1.49556 -1.6314 -1.16528 -0.672762 -0.230516 0.157784 0.485913 0.742086 0.903776 0.928946 0.736695 0.162885 -0.879384 -2.16685 -3.66423
15.155 2.12797 4.76443 5.79117 5.68226 4.4324 3.33619 2.44127 1.08902 -0.513516 -1.65528 -1.82726 -1.32598 -0.781699 -0.300322 0.111417 0.445732 0.69046 0.823549 0.800607 0.524712 -0.210631 -1.60099 -3.57293
15.205 1.8772 2.15327 4.09373 5.42477 5.59662 4.45331 3.31363 2.41464 1.07763 -0.578324 -1.78446 -2.01594 -1.50012 -0.919336 -0.412709 0.00955473 0.337229 0.556515 0.642336 0.539292 0.123184 -0.851214 -2.71894
15.255 2.65024 2.13524 1.59196 3.63661 5.2446 5.64745 4.59773 3.37951 2.44075 1.09998 -0.616662 -1.89137 -2.19975 -1.68732 -1.08317 -0.563187 -0.140957 0.170783 0.355342 0.380539 0.174803 -0.407372 -1.6595
15.305 2.46351 3.21892 1.81858 1.10065 3.2995 5.15121 5.75473 4.79714 3.48186 2.4851 1.13125 -0.644432 -1.98486 -2.37858 -1.88192 -1.26067 -0.730512 -0.307537 -0.00667549 0.151179 0.124521 -0.170805 -0.909643
15.355 1.86908 3.20649 3.21091 1.43187 0.725806 3.02739 5.09942 5.88112 5.02095 3.60713 2.52598 1.14683 -0.665568 -2.06614 -2.54763 -2.07549 -1.44047 -0.900842 -0.474935 -0.180631 -0.044572 -0.116408 -0.501538
15.405 1.20907 2.65095 3.47457 2.99336 1.10433 0.456062 2.7851 5.06313 6.0048 5.24799 3.73986 2.55404 1.14166 -0.686655 -2.13883 -2.7055 -2.26431 -1.61701 -1.06771 -0.637379 -0.347845 -0.231205 -0.352067
15.455 0.613337 1.91878 3.11954 3.47844 2.71231 0.871443 0.275673 2.54623 5.0286 6.11295 5.46327 3.86652 2.5608 1.11191 -0.713181 -2.20645 -2.84629 -2.44449 -1.78675 -1.22581 -0.788396 -0.500205 -0.403392
15.505 0.140415 1.18025 2.49126 3.34117 3.34118 2.42924 0.747832 0.167083 2.28499 4.99086 6.19945 5.65635 3.97648 2.54036 1.05631 -0.748645 -2.27205 -2.97087 -2.61215 -1.94333 -1.36513 -0.91327 -0.620146
15.555 -0.187129 0.535572 1.76719 2.88366 3.39119 3.13324 2.17779 0.716218 0.112536 2.01431 4.94184 6.25466 5.81446 4.05959 2.48889 0.976592 -0.792999 -2.334 -3.07655 -2.75718 -2.06955 -1.45856 -0.97393
15.605 -0.376097 0.0407105 1.07087 2.26936 3.11547 3.32602 2.89651 1.96909 0.732434 0.100193 1.80186 4.86257 6.26167 5.92269 4.10427 2.40751 0.880359 -0.840925 -2.38428 -3.1526 -2.85964 -2.13266 -1.45452
15.655 -0.455245 -0.291437 0.485866 1.62437 2.65755 3.21476 3.17966 2.6473 1.79787 0.781096 0.148629 1.67325 4.74761 6.20704 5.95844 4.09987 2.3004 0.779984 -0.877527 -2.40319 -3.17524 -2.88076 -2.06626
15.705 -0.463758 -0.481008 0.0529791 1.04813 2.13815 2.92751 3.2003 2.96592 2.3857 1.65671 0.876525 0.293505 1.63261 4.59759 6.0722 5.88956 4.03582 2.18017 0.702189 -0.866162 -2.34417 -3.08573 -2.7295
15.755 -0.442491 -0.568101 -0.224255 0.607694 1.66536 2.57805 3.0716 3.07115 2.6816 2.11061 1.55643 1.05099 0.569759 1.68578 4.40605 5.83222 5.69058 3.90494 2.0739 0.70604 -0.722591 -2.10343 -2.75126
15.805 -0.42615 -0.599141 -0.369623 0.332475 1.32154 2.27174 2.89338 3.05667 2.80967 2.33068 1.85137 1.54163 1.34188 0.980796 1.80411 4.1543 5.48449 5.3891 3.76207 2.06925 0.901577 -0.323941 -1.56582
15.855 -0.428374 -0.610351 -0.429887 0.193208 1.11691 2.05699 2.73337 2.99288 2.84657 2.44004 1.99246 1.71066 1.67786 1.71385 1.38483 1.88335 3.87258 5.14969 5.14927 3.76139 2.28436 1.35011 0.326851
15.905 -0.447485 -0.615402 -0.437951 0.150605 1.02612 1.93522 2.61781 2.91953 2.83495 2.48738 2.07473 1.79302 1.754 1.91946 2.04169 1.70317 1.96583 3.65271 4.93108 5.0714 3.98737 2.80723 2.1888
15.955 -0.475901 -0.614371 -0.410087 0.174828 1.01805 1.88766 2.547 2.85358 2.79977 2.49613 2.12149 1.85244 1.79228 1.93305 2.16216 2.26737 1.9503 2.09589 3.56326 4.91957 5.28931 4.64845 4.08114
16.005 -0.502566 -0.604336 -0.361065 0.233545 1.05251 1.88025 2.50374 2.79746 2.75791 2.48755 2.1485 1.89874 1.8303 1.93927 2.14389 2.33194 2.38028 2.1476 2.33948 3.73557 5.30846 6.10191 6.35367
16.055 -0.63215 -0.581037 -0.280018 0.286799 1.0841 1.87588 2.46651 2.74756 2.72015 2.47919 2.17139 1.93871 1.86504 1.95031 2.12466 2.29361 2.38961 2.40419 2.42452 2.96066 4.47807 6.40468 8.0091
16.105 -1.41313 -0.957477 0.079586 0.481489 1.06286 1.82912 2.41783 2.70179 2.69077 2.47751 2.19644 1.97648 1.89598 1.95961 2.10821 2.25611 2.34166 2.38128 2.52638 3.10307 4.2753 5.98463 8.24733
16.155 -2.7333 -2.19215 0.0155439 1.26586 1.4185 1.69306 2.28074 2.63236 2.66672 2.48342 2.22369 2.01267 1.92498 1.96816 2.09145 2.21923 2.30042 2.36274 2.55659 3.15226 4.3995 5.93376 7.61085
16.205 -4.34805 -3.79763 -0.845679 1.30053 2.52744 2.23171 2.02213 2.39661 2.58459 2.49435 2.26851 2.05925 1.95607 1.97438 2.07136 2.18106 2.26253 2.35027 2.58513 3.18694 4.32765 5.91048 7.22616
16.255 -5.44513 -5.50089 -2.28178 0.383015 2.3413 3.47978 2.83414 2.13186 2.29393 2.40439 2.30615 2.1278 2.00321 1.98454 2.04907 2.14102 2.22361 2.32742 2.57655 3.16124 4.22214 5.6427 6.78573
16.305 -5.99719 -6.59621 -4.07011 -1.1977 1.26636 3.00888 4.11991 3.32765 2.18492 2.11681 2.19673 2.15791 2.06456 2.01474 2.03715 2.10318 2.18103 2.29032 2.53189 3.0668 4.01724 5.28724 6.34858
16.355 -6.12422 -6.88076 -5.31495 -3.12225 -0.462512 1.80695 3.39667 4.49254 3.73987 2.29614 1.96727 2.01855 2.05562 2.04685 2.04744 2.08054 2.14019 2.2408 2.45744 2.92091 3.74253 4.86699 5.88986
16.405 -5.86185 -6.29532 -5.77503 -4.47925 -2.47691 -0.00983999 2.10816 3.59683 4.67456 4.08331 2.48741 1.88959 1.89035 1.98579 2.04288 2.07534 2.11422 2.19161 2.36963 2.75202 3.43902 4.41507 5.39469
16.455 -5.35306 -5.09706 -5.36043 -5.04744 -3.89569 -2.03519 0.270485 2.26968 3.68434 4.76969 4.37421 2.71258 1.87235 1.80624 1.93458 2.03764 2.09624 2.15718 2.29156 2.59229 3.15016 3.97698 4.88419
16.505 -4.48988 -3.61926 -4.38296 -4.7595 -4.5491 -3.48272 -1.72401 0.446869 2.34865 3.73084 4.83187 4.61813 2.94314 1.89046 1.74932 1.89204 2.03067 2.12337 2.23474 2.46374 2.90413 3.58794 4.39466
16.555 -3.7076 -2.29331 -3.08289 -3.87351 -4.29182 -4.1342 -3.14666 -1.49679 0.546401 2.37802 3.74884 4.86141 4.81962 3.17414 1.9351 1.71001 1.85466 2.02972 2.1753 2.36679 2.70902 3.25978 3.94936
16.605 -3.0809 -1.51676 -1.90993 -2.65201 -3.44066 -3.88675 -3.77765 -2.86801 -1.32624 0.599443 2.37515 3.74308 4.85844 4.98234 3.40559 1.99828 1.68305 1.82572 2.0476 2.26811 2.55736 2.99618 3.56305
16.655 -2.5155 -1.1534 -1.24336 -1.57353 -2.26971 -3.05549 -3.53454 -3.47045 -2.63238 -1.19014 0.621569 2.34695 3.71488 4.82646 5.11716 3.63879 2.07277 1.66613 1.81202 2.09653 2.40795 2.78664 3.24515
16.705 -1.9799 -0.983849 -0.941944 -0.983721 -1.26111 -1.92276 -2.71265 -3.22628 -3.20264 -2.42517 -1.07296 0.621894 2.29703 3.66757 4.78829 5.23534 3.85926 2.1515 1.66128 1.82218 2.1838 2.58399 2.98765
16.755 -1.39861 -0.87573 -0.803966 -0.724972 -0.729309 -0.968239 -1.60765 -2.40503 -2.95294 -2.96523 -2.23911 -0.968536 0.606318 2.23234 3.62099 4.75386 5.3363 4.0632 2.22996 1.67057 1.86195 2.30438 2.73921
16.805 -0.793126 -0.770465 -0.721173 -0.615975 -0.507324 -0.484985 -0.698309 -1.32197 -2.12784 -2.70892 -2.75485 -2.07377 -0.871545 0.595221 2.17974 3.58284 4.72429 5.42532 4.24651 2.30184 1.6937 1.92722 2.40799
16.855 -0.175915 -0.678848 -0.66371 -0.573072 -0.436017 -0.30224 -0.260649 -0.454808 -1.06289 -1.87463 -2.48629 -2.56315 -1.92223 -0.77815 0.597134 2.1436 3.5571 4.70068 5.51513 4.42088 2.36129 1.71874 1.96755
16.905 0.480879 -0.598504 -0.614512 -0.552412 -0.427166 -0.264107 -0.112167 -0.0575731 -0.236748 -0.825594 -1.63853 -2.27784 -2.38412 -1.783 -0.686451 0.61358 2.12403 3.5475 4.70784 5.60643 4.58875 2.42031 1.68188
16.955 1.1976 -0.527784 -0.567087 -0.534545 -0.436557 -0.284421 -0.102666 0.0608619 0.123556 -0.0425149 -0.605741 -1.41452 -2.07923 -2.21502 -1.65362 -0.595662 0.645548 2.12185 3.55987 4.76109 5.72734 4.74828 2.40711
17.005 2.02611 -0.418333 -0.524621 -0.515836 -0.446787 -0.321011 -0.149006 0.0450493 0.214835 0.282537 0.129931 -0.401972 -1.20319 -1.88943 -2.05454 -1.5334 -0.505126 0.695672 2.14534 3.61114 4.87257 5.89493 4.86842
17.055 3.22839 0.255802 -0.420933 -0.50092 -0.453348 -0.355021 -0.207956 -0.0222242 0.17859 0.350603 0.421946 0.283974 -0.21328 -1.00411 -1.70586 -1.90015 -1.42235 -0.418687 0.760188 2.19676 3.70455 5.04985 6.09007
17.105 4.57897 1.72428 0.198839 -0.478931 -0.521949 -0.423853 -0.28821 -0.11519 0.0863289 0.294575 0.469516 0.545897 0.424422 -0.0365941 -0.814312 -1.5265 -1.75125 -1.32271 -0.341436 0.836683 2.27387 3.84453 5.33297
17.155 5.93553 3.55988 1.44283 -0.0186577 -0.660289 -0.637363 -0.463435 -0.271318 -0.0587052 0.16789 0.389997 0.572619 0.657789 0.555297 0.132774 -0.626505 -1.344 -1.59668 -1.21194 -0.246684 0.937141 2.35661 3.84809
17.205 6.77249 5.08015 2.95151 1.09794 -0.286511 -0.896192 -0.805869 -0.548371 -0.292247 -0.0336218 0.223319 0.463761 0.658239 0.756306 0.677627 0.300539 -0.427375 -1.13839 -1.40741 -1.06754 -0.16574 0.906518 1.91519
17.255 6.99483 6.05335 4.14771 2.57562 0.830284 -0.526804 -1.13728 -0.992442 -0.654313 -0.333909 -0.0276668 0.261585 0.522307 0.73041 0.843424 0.791641 0.464042 -0.222334 -0.927908 -1.25141 -1.09467 -0.515429 -0.121046
17.305 6.65471 6.81532 4.83396 3.62434 2.32045 0.629342 -0.732832 -1.36942 -1.18048 -0.764803 -0.380478 -0.0257931 0.296605 0.577368 0.796933 0.919904 0.885273 0.589716 -0.085012 -0.868488 -1.44005 -1.78543 -2.09068
17.355 5.22848 7.08508 5.7204 4.22345 3.27156 2.12238 0.467271 -0.916736 -1.5964 -1.37227 -0.882142 -0.435771 -0.0345527 0.317779 0.612859 0.834243 0.951266 0.907832 0.598278 -0.148671 -1.16834 -2.21318 -3.41106
17.405 3.0583 5.78048 6.10191 5.24028 3.91767 3.06079 1.99092 0.358151 -1.06214 -1.80029 -1.56038 -1.00955 -0.510807 -0.0720676 0.300927 0.599573 0.808572 0.89884 0.811617 0.422327 -0.507151 -1.92042 -3.71643
17.455 1.73911 3.22692 5.01548 5.71879 5.13376 3.85399 2.98171 1.92951 0.304216 -1.16745 -1.97739 -1.74783 -1.15535 -0.618446 -0.15499 0.226599 0.516212 0.697598 0.738401 0.566677 0.0251041 -1.18287 -3.1733
17.505 2.32782 1.92339 2.5114 4.62054 5.60268 5.23175 3.94457 2.99147 1.91684 0.290589 -1.2417 -2.13109 -1.9373 -1.32186 -0.761118 -0.286099 0.0917622 0.360016 0.49908 0.467813 0.174135 -0.567096 -2.1274
17.555 2.59294 2.8279 1.50856 1.91543 4.37123 5.59431 5.42117 4.10601 3.03432 1.91797 0.294076 -1.2988 -2.26544 -2.12723 -1.50429 -0.928377 -0.447942 -0.0769905 0.169396 0.266309 0.161058 -0.25358 -1.19768
17.605 2.14737 3.27132 2.73262 1.0537 1.46195 4.19417 5.63369 5.64519 4.29649 3.08701 1.91935 0.302398 -1.34589 -2.38434 -2.31317 -1.69174 -1.10306 -0.616183 -0.247351 -0.0150502 0.0488896 -0.117897 -0.647491
17.655 1.49872 2.92363 3.42685 2.47062 0.676683 1.12028 4.05702 5.68392 5.857 4.49474 3.1463 1.91893 0.309176 -1.38854 -2.49101 -2.49175 -1.87847 -1.27811 -0.783851 -0.414709 -0.193684 -0.159004 -0.390823
17.705 0.86268 2.25249 3.31158 3.33647 2.18879 0.392361 0.871172 3.93546 5.72362 6.03867 4.68525 3.20234 1.9108 0.307701 -1.43169 -2.58798 -2.66101 -2.06045 -1.44792 -0.944672 -0.573119 -0.360686 -0.357777
17.755 0.329659 1.50191 2.78969 3.43811 3.14207 1.93496 0.196568 0.698056 3.81348 5.74096 6.18279 4.85639 3.24579 1.88955 0.292104 -1.47878 -2.67766 -2.81971 -2.23379 -1.60616 -1.08983 -0.710574 -0.503868
17.805 -0.0628643 0.805658 2.09346 3.10978 3.40668 2.91108 1.72217 0.082678 0.588927 3.68168 5.72946 6.28338 4.99842 3.2699 1.85143 0.258501 -1.53068 -2.75938 -2.96388 -2.39099 -1.73991 -1.19941 -0.800769
17.855 -0.310674 0.239994 1.37232 2.55259 3.262 3.28366 2.67086 1.54127 0.0479443 0.549879 3.53483 5.6842 6.33317 5.10094 3.26815 1.79293 0.205332 -1.58215 -2.82738 -3.08326 -2.51128 -1.81545 -1.22341
17.905 -0.434353 -0.164495 0.729431 1.90847 2.8736 3.2892 3.09839 2.42847 1.40496 0.0993463 0.564756 3.37593 5.60291 6.32545 5.15536 3.24107 1.70437 0.132969 -1.62066 -2.86728 -3.15698 -2.55983 -1.77597
17.955 -0.469177 -0.414315 0.224989 1.29073 2.36886 3.06789 3.21422 2.8634 2.19021 1.31763 0.244953 0.645927 3.20767 5.47911 6.24633 5.14441 3.17799 1.59733 0.0684327 -1.61994 -2.8451 -3.13788 -2.45659
18.005 -0.455949 -0.541864 -0.121436 0.782281 1.86252 2.73291 3.13897 3.04276 2.58137 1.95929 1.29029 0.508282 0.815935 3.0333 5.30004 6.07384 5.04741 3.07561 1.49904 0.0638672 -1.51731 -2.68091 -2.91082
18.055 -0.433619 -0.592356 -0.321634 0.432146 1.45365 2.39615 2.97165 3.07045 2.76648 2.25531 1.75262 1.35147 0.920904 1.1007 2.84817 5.04873 5.78326 4.85165 2.96001 1.48309 0.230304 -1.17963 -2.21352
18.105 -0.42683 -0.609325 -0.414633 0.237181 1.18865 2.13787 2.79777 3.0219 2.83614 2.4015 1.94344 1.65079 1.55023 1.40865 1.40578 2.66077 4.73467 5.45388 4.67821 2.97371 1.67401 0.651933 -0.579844
18.155 -0.438846 -0.616469 -0.443362 0.155335 1.05028 1.97546 2.66062 2.94954 2.84243 2.47204 2.04554 1.7623 1.72225 1.84748 1.83387 1.63609 2.51005 4.46418 5.21623 4.65304 3.21502 2.13873 1.37132
18.205 -0.464266 -0.618564 -0.429976 0.153241 1.00946 1.89787 2.57083 2.87931 2.81555 2.49518 2.10505 1.82952 1.77427 1.92197 2.12989 2.13151 1.82738 2.47177 4.31632 5.15294 4.86496 3.81436 3.15931
18.255 -0.493122 -0.612769 -0.388291 0.200899 1.03026 1.87716 2.51791 2.81913 2.77519 2.49184 2.13818 1.87992 1.81353 1.93308 2.14788 2.32777 2.30522 2.00843 2.59077 4.38649 5.43725 5.6014 5.3749
18.305 -0.526052 -0.593383 -0.336125 0.263423 1.07008 1.87604 2.48049 2.76705 2.73466 2.48154 2.16087 1.92123 1.84989 1.94516 2.13204 2.31101 2.40726 2.37724 2.29676 3.08394 4.90823 6.37608 7.4213
18.355 -0.984314 -0.666075 -0.118537 0.322007 1.07567 1.85724 2.43986 2.71958 2.70149 2.47711 2.18513 1.95985 1.88219 1.95528 2.11575 2.27387 2.36523 2.39969 2.50739 3.00063 4.28302 6.17722 8.31823
18.405 -2.0948 -1.57995 0.205677 0.862895 1.12517 1.75758 2.36128 2.67013 2.67644 2.47848 2.21028 1.99617 1.91201 1.96452 2.09953 2.23668 2.31977 2.3718 2.54273 3.11993 4.36863 5.96364 7.84653
18.455 -3.60083 -3.05288 -0.426375 1.50086 2.00676 1.8087 2.12914 2.53013 2.63653 2.49078 2.24494 2.03547 1.94109 1.97199 2.08149 2.19929 2.28026 2.35752 2.57808 3.1785 4.34754 5.95999 7.3992
18.505 -5.03725 -4.72054 -1.55685 0.850511 2.66493 2.94406 2.25811 2.20113 2.44397 2.46623 2.29637 2.09555 1.97914 1.9786 2.05925 2.15993 2.24244 2.34011 2.58535 3.18143 4.28147 5.77344 6.98903
18.555 -5.80196 -6.19763 -3.244 -0.404949 1.82063 3.43633 3.64029 2.5983 2.13276 2.24438 2.26873 2.15749 2.03863 1.99855 2.04046 2.11991 2.20138 2.30961 2.55653 3.11642 4.11869 5.45527 6.54643
18.605 -6.14754 -6.87656 -4.83044 -2.24384 0.394777 2.42486 3.8843 4.15348 2.91378 2.05891 2.04064 2.09961 2.07668 2.03747 2.04126 2.08854 2.15825 2.26474 2.49404 2.99064 3.87074 5.06054 6.10047
18.655 -6.00971 -6.67498 -5.68388 -3.94438 -1.58139 0.867731 2.75258 4.10953 4.51235 3.23403 2.05454 1.89335 1.9752 2.03115 2.05287 2.07798 2.12431 2.2132 2.40964 2.82832 3.57492 4.61779 5.62058
18.705 -5.61723 -5.68106 -5.65038 -4.89617 -3.33346 -1.16619 1.12891 2.91925 4.20847 4.75973 3.54591 2.11951 1.81171 1.89075 2.00046 2.06451 2.10649 2.17154 2.32484 2.66147 3.27567 4.16883 5.11292
18.755 -4.91979 -4.30405 -4.86615 -4.98444 -4.35011 -2.9028 -0.889541 1.28327 3.00585 4.25299 4.93918 3.83024 2.21905 1.77492 1.83278 1.97469 2.0717 2.14202 2.259 2.51792 3.00929 3.75615 4.61081
18.805 -4.03148 -2.85466 -3.69066 -4.32399 -4.50022 -3.9365 -2.58227 -0.700797 1.37125 3.04571 4.25112 5.06955 4.10306 2.33984 1.7636 1.7874 1.95079 2.08488 2.20642 2.40861 2.79163 3.40069 4.14426
18.855 -3.35068 -1.79667 -2.40219 -3.21579 -3.8754 -4.08488 -3.5884 -2.32716 -0.568417 1.41471 3.04592 4.23661 5.14799 4.34844 2.49831 1.76536 1.74524 1.93227 2.11928 2.31765 2.62312 3.10845 3.73025
18.905 -2.76498 -1.28209 -1.48223 -2.01817 -2.79882 -3.48068 -3.72778 -3.29642 -2.12058 -0.47238 1.4231 3.02225 4.21591 5.18874 4.56226 2.67489 1.77886 1.71107 1.92992 2.18879 2.48076 2.87778 3.3811
18.955 -2.21784 -1.0461 -1.04809 -1.19423 -1.66751 -2.42347 -3.13511 -3.42131 -3.04719 -1.94525 -0.400509 1.41219 2.98456 4.18682 5.20619 4.74602 2.8528 1.80305 1.69226 1.95506 2.3002 2.68082 3.09938
19.005 -1.67086 -0.925597 -0.857885 -0.81774 -0.919165 -1.34487 -2.09034 -2.83176 -3.15474 -2.82758 -1.79032 -0.341113 1.39145 2.93986 4.1598 5.19877 4.90186 3.03851 1.83397 1.69122 2.01342 2.446 2.85616
19.055 -1.06588 -0.817554 -0.755896 -0.655804 -0.584104 -0.654879 -1.05008 -1.79405 -2.56074 -2.91684 -2.63041 -1.64966 -0.28608 1.36645 2.89327 4.12189 5.1869 5.05136 3.21638 1.86821 1.71046 2.10065 2.57334
19.105 -0.457349 -0.719529 -0.689468 -0.590043 -0.459119 -0.361778 -0.412038 -0.784383 -1.52771 -2.3137 -2.69966 -2.44947 -1.51766 -0.228758 1.34331 2.84182 4.09509 5.19132 5.19231 3.37912 1.90045 1.74322 2.16864
19.155 0.178745 -0.634116 -0.637306 -0.562136 -0.42887 -0.272035 -0.156628 -0.19274 -0.544766 -1.28461 -2.08415 -2.49715 -2.2824 -1.39427 -0.164917 1.32407 2.80327 4.09124 5.21391 5.33194 3.52544 1.91785 1.73835
19.205 0.866761 -0.558729 -0.588836 -0.543582 -0.432612 -0.27245 -0.0972518 0.0296512 0.00399196 -0.328055 -1.05996 -1.8674 -2.30581 -2.12659 -1.27584 -0.0951943 1.31889 2.78458 4.11297 5.26474 5.48523 3.64956 1.86173
19.255 1.6231 -0.493118 -0.54158 -0.523558 -0.442152 -0.303777 -0.124413 0.0623619 0.195986 0.178785 -0.132519 -0.850484 -1.66074 -2.12277 -1.97767 -1.16191 -0.0159884 1.33266 2.78981 4.1728 5.34896 5.67024 3.71876
19.305 2.65296 -0.147949 -0.504439 -0.503763 -0.448591 -0.338892 -0.180114 0.0120544 0.205199 0.342281 0.332674 0.0425922 -0.654486 -1.46131 -1.94455 -1.83427 -1.05176 0.0720894 1.36563 2.82198 4.26862 5.49861 5.88391
19.355 3.96655 0.993104 -0.170599 -0.52034 -0.473376 -0.381271 -0.244651 -0.0679153 0.134155 0.331152 0.470352 0.468029 0.201074 -0.467079 -1.26641 -1.77186 -1.69998 -0.955692 0.155129 1.4192 2.88295 4.42487 5.77521
19.405 5.33617 2.7158 0.839003 -0.315948 -0.627134 -0.512791 -0.364344 -0.187066 0.0167165 0.234394 0.438868 0.582488 0.58988 0.348816 -0.283547 -1.07408 -1.60384 -1.57197 -0.866497 0.243038 1.49853 2.98842 4.59065
19.455 6.54723 4.47584 2.24194 0.5324 -0.572482 -0.825793 -0.627405 -0.404847 -0.172984 0.0682061 0.309038 0.526499 0.679428 0.701564 0.491298 -0.0955097 -0.871109 -1.41973 -1.41679 -0.748167 0.334677 1.52247 2.76459
19.505 6.94695 5.72933 3.67723 1.87984 0.263972 -0.820206 -1.04014 -0.768182 -0.472232 -0.184488 0.0960089 0.361874 0.594552 0.759871 0.800885 0.626601 0.0985029 -0.650145 -1.21079 -1.25175 -0.711326 0.162179 0.797556
19.555 6.95321 6.45999 4.5662 3.20366 1.63335 0.0517815 -1.04206 -1.25254 -0.91728 -0.550005 -0.206083 0.11496 0.407363 0.656506 0.834504 0.892783 0.749567 0.273646 -0.465679 -1.10273 -1.37163 -1.29684 -1.25048
19.605 6.01397 7.18621 5.30711 3.94734 2.87403 1.44788 -0.13177 -1.25276 -1.46757 -1.07379 -0.634995 -0.233906 0.12827 0.446269 0.70808 0.890402 0.950627 0.813883 0.346799 -0.473091 -1.36254 -2.12336 -2.94429
19.655 4.05316 6.55844 6.15039 4.75768 3.57403 2.65294 1.32124 -0.277094 -1.43763 -1.67545 -1.23422 -0.730655 -0.278358 0.118825 0.454906 0.718881 0.889764 0.928212 0.75799 0.222953 -0.811209 -2.13652 -3.69368
19.705 1.97485 4.51399 5.68118 5.72734 4.5558 3.40742 2.54408 1.26147 -0.37509 -1.58861 -1.87246 -1.4019 -0.846894 -0.355267 0.0658732 0.408753 0.661731 0.804022 0.79384 0.53947 -0.155811 -1.52607 -3.51729
19.755 1.92661 2.03644 3.84632 5.30735 5.63328 4.59166 3.40221 2.53165 1.26027 -0.43188 -1.70875 -2.0607 -1.58156 -0.990556 -0.473687 -0.0416651 0.295157 0.523364 0.619139 0.530123 0.138636 -0.788855 -2.61344
19.805 2.67144 2.22288 1.5069 3.37078 5.11092 5.66922 4.74423 3.48108 2.57183 1.29063 -0.464104 -1.80764 -2.24292 -1.77279 -1.15851 -0.627826 -0.194858 0.127529 0.323109 0.361325 0.174566 -0.37488 -1.56541
19.855 2.41965 3.25493 1.94374 1.03104 3.00739 5.00003 5.76192 4.95351 3.60815 2.61627 1.30735 -0.482839 -1.89048 -2.41602 -1.96794 -1.33688 -0.79567 -0.36095 -0.0477476 0.12369 0.113954 -0.156625 -0.854149
19.905 1.80349 3.17058 3.26937 1.58598 0.66495 2.7035 4.93321 5.87534 5.185 3.75438 2.65621 1.31112 -0.496747 -1.96276 -2.57911 -2.16122 -1.51669 -0.965841 -0.527553 -0.219732 -0.0681243 -0.119966 -0.475491
19.955 1.14348 2.58294 3.45843 3.06686 1.28696 0.401246 2.42054 4.88642 5.98883 5.41782 3.90364 2.68168 1.29556 -0.513108 -2.02845 -2.72218 -2.34758 -1.69434 -1.13335 -0.689746 -0.38529 -0.251 -0.348522
