10.005 0.574095 0.673364 0.761744 0.837806 0.900319 0.948274 0.980894 0.997652 0.998277 0.982759 0.951349 0.904554 0.843132 0.768076 0.680599 0.582116 0.474219 0.358655 0.23729 0.112088 -0.0149265 -0.1417 -0.266181 -0.386358 0.98908 0.999786 0.994325 0.972785 0.935514 0.883115 0.816435 0.736552 0.644759 0.542539 0.431546 0.313574 0.190531 0.0644077 -0.0627575 -0.188908 -0.312003 -0.430053 -0.541149 -0.643494 -0.735433 -0.815479 -0.882338 -0.934929
10.055 0.455785 0.565059 0.665195 0.754575 0.831753 0.89548 0.944727 0.978696 0.996839 0.998862 0.984732 0.954678 0.909187 0.848992 0.775069 0.688612 0.59102 0.48387 0.368895 0.247955 0.123006 -0.00393305 -0.130808 -0.255568 0.959333 0.9874 0.999499 0.995435 0.975274 0.939342 0.888219 0.822734 0.743944 0.653123 0.551741 0.441437 0.323994 0.201312 0.0753748 -0.0517816 -0.178101 -0.301539 -0.420102 -0.531871 -0.63504 -0.727939 -0.809067 -0.877111
10.105 0.328777 0.445972 0.555954 0.656947 0.747315 0.825599 0.890533 0.941065 0.97638 0.995905 0.999326 0.986586 0.957893 0.913709 0.85475 0.781969 0.696542 0.599852 0.493462 0.379091 0.258591 0.133909 0.00706088 -0.119901 0.911282 0.956172 0.9856 0.99909 0.996424 0.977645 0.943056 0.893216 0.828933 0.751245 0.661409 0.560877 0.451275 0.334375 0.212069 0.0863327 -0.0407994 -0.167272 -0.291039 -0.4101 -0.52253 -0.626509 -0.720357 -0.802556
10.155 0.195496 0.318375 0.436105 0.546782 0.648618 0.739965 0.819346 0.885478 0.93729 0.973945 0.994851 0.999669 0.988321 0.960992 0.918122 0.860405 0.788774 0.704389 0.608612 0.502994 0.389242 0.269195 0.144795 0.0180539 0.845842 0.9067 0.952895 0.983682 0.998561 0.997293 0.979897 0.946656 0.898106 0.835032 0.758456 0.669614 0.569945 0.461058 0.344716 0.2228 0.0972802 -0.0298123 -0.156423 -0.280504 -0.400049 -0.513124 -0.617902 -0.712688
10.205 0.0584849 0.184703 0.307934 0.426185 0.537545 0.640212 0.732526 0.812994 0.880315 0.933401 0.971393 0.993677 0.999891 0.989937 0.963974 0.922423 0.865955 0.795484 0.712149 0.617299 0.512465 0.399345 0.279767 0.155664 0.764262 0.839926 0.902008 0.949503 0.981644 0.997911 0.998041 0.982031 0.950141 0.902886 0.841031 0.765575 0.677739 0.578944 0.470786 0.355015 0.233504 0.108216 -0.0188217 -0.145555 -0.269934 -0.389949 -0.503657 -0.609221
10.255 -0.0796424 0.0475064 0.173887 0.297455 0.416214 0.528242 0.631727 0.724997 0.806543 0.875047 0.9294 0.968724 0.992382 0.999993 0.991433 0.96684 0.926613 0.871401 0.802098 0.719824 0.62591 0.521875 0.4094 0.290305 0.668099 0.757126 0.833909 0.897207 0.945997 0.979488 0.997141 0.998668 0.984047 0.953512 0.907558 0.846927 0.772602 0.685782 0.587873 0.480457 0.365271 0.244179 0.119139 -0.0078287 -0.134669 -0.259332 -0.379802 -0.494129
10.305 -0.21625 -0.0905964 0.0365222 0.16305 0.286941 0.406192 0.518875 0.623167 0.717382 0.799995 0.869673 0.925286 0.965937 0.990968 0.999974 0.992809 0.969589 0.930691 0.876742 0.808615 0.727412 0.634446 0.531221 0.419405 0.559188 0.659879 0.749898 0.827791 0.892298 0.942376 0.977214 0.99625 0.999175 0.985943 0.956767 0.912119 0.852722 0.779535 0.693742 0.596731 0.490069 0.375484 0.254826 0.130047 0.00316521 -0.123768 -0.248699 -0.369609
10.355 -0.348731 -0.22697 -0.101539 0.0255335 0.152194 0.276393 0.396122 0.509446 0.614531 0.709679 0.793351 0.864193 0.921061 0.963034 0.989434 0.999834 0.994065 0.972221 0.934656 0.881976 0.815034 0.734912 0.642906 0.540503 0.439607 0.55004 0.651578 0.74258 0.821573 0.887281 0.938641 0.974821 0.995238 0.999561 0.98772 0.959907 0.916571 0.858413 0.786374 0.701618 0.605516 0.499623 0.38565 0.265441 0.140939 0.0141587 -0.112851 -0.238036
10.405 -0.474558 -0.359014 -0.237664 -0.11247 0.0145418 0.141319 0.26581 0.386004 0.499955 0.605821 0.701891 0.78661 0.858609 0.916724 0.960014 0.98778 0.999573 0.995201 0.974736 0.938508 0.887104 0.821355 0.742323 0.651288 0.311638 0.429706 0.540826 0.643199 0.735172 0.815256 0.882157 0.934792 0.972311 0.994107 0.999826 0.989378 0.962931 0.920912 0.864 0.793118 0.709409 0.614229 0.509116 0.39577 0.276024 0.151815 0.0251506 -0.101921
10.455 -0.59133 -0.484206 -0.369253 -0.248328 -0.123388 0.00354829 0.130427 0.255196 0.375839 0.490403 0.597038 0.694018 0.779775 0.852922 0.912276 0.956878 0.986007 0.999191 0.996217 0.977133 0.942247 0.892125 0.827576 0.749645 0.177722 0.301173 0.419753 0.531546 0.634743 0.727675 0.80884 0.876926 0.930831 0.969683 0.992855 0.999971 0.990916 0.965838 0.925141 0.869483 0.799766 0.717115 0.622867 0.518548 0.405842 0.286574 0.162672 0.0361393
10.505 -0.696818 -0.60016 -0.493796 -0.379447 -0.258962 -0.13429 -0.00744563 0.119519 0.244551 0.365628 0.480793 0.588182 0.686061 0.772845 0.847131 0.907718 0.953627 0.984115 0.998688 0.997112 0.979411 0.945872 0.897038 0.833698 0.040415 0.166892 0.290671 0.409749 0.522201 0.626209 0.72009 0.802327 0.871589 0.926757 0.966938 0.991483 0.999994 0.992335 0.968629 0.929259 0.874861 0.806317 0.724734 0.63143 0.527916 0.415866 0.29709 0.17351
10.555 -0.789011 -0.704662 -0.608917 -0.503326 -0.389596 -0.269566 -0.145176 -0.0184386 0.108597 0.233876 0.355373 0.471124 0.579256 0.678021 0.765821 0.841238 0.903051 0.95026 0.982103 0.998065 0.997886 0.981571 0.949383 0.901843 -0.0976631 0.0294278 0.156043 0.280134 0.399696 0.512794 0.6176 0.712418 0.795716 0.866147 0.922571 0.964076 0.989991 0.999897 0.993634 0.971302 0.933264 0.880134 0.812771 0.732265 0.639917 0.537222 0.425838 0.307569
10.605 -0.866148 -0.795717 -0.71242 -0.617601 -0.512796 -0.399698 -0.280136 -0.156044 -0.0294294 0.0976615 0.223173 0.345076 0.461398 0.570259 0.669899 0.758706 0.835243 0.898274 0.946779 0.979973 0.997321 0.998541 0.983613 0.952779 -0.233878 -0.108598 0.018437 0.145174 0.269564 0.389594 0.503325 0.608916 0.70466 0.78901 0.8606 0.918273 0.961098 0.98838 0.999679 0.994812 0.973858 0.937156 0.885299 0.819127 0.739707 0.648327 0.546462 0.43576
10.655 -0.926757 -0.87159 -0.802328 -0.720091 -0.62621 -0.522203 -0.409751 -0.290673 -0.166894 -0.0404167 0.0867143 0.212443 0.334736 0.451617 0.561194 0.661696 0.751498 0.829147 0.893389 0.943183 0.977725 0.996456 0.999074 0.985536 -0.36563 -0.244552 -0.119521 0.00744395 0.134288 0.258961 0.379446 0.493795 0.600159 0.696817 0.782208 0.854949 0.913865 0.958003 0.986649 0.99934 0.99587 0.976297 0.940935 0.890358 0.825383 0.747061 0.656658 0.555636
10.705 -0.969684 -0.930831 -0.876927 -0.808841 -0.727676 -0.634744 -0.531547 -0.419755 -0.301174 -0.177724 -0.051399 0.0757567 0.201687 0.324357 0.441781 0.552061 0.653413 0.7442 0.822951 0.888395 0.939473 0.975358 0.995471 0.999487 -0.490405 -0.37584 -0.255198 -0.130428 -0.00354997 0.123386 0.248326 0.369251 0.484205 0.591329 0.68889 0.775311 0.849195 0.909346 0.954792 0.984799 0.99888 0.996808 0.978617 0.944601 0.89531 0.83154 0.754324 0.664909
10.755 -0.994107 -0.972311 -0.934793 -0.882158 -0.815257 -0.735173 -0.643201 -0.540827 -0.429708 -0.311639 -0.188532 -0.0623751 0.06479 0.190907 0.313938 0.431891 0.542861 0.645052 0.736811 0.816656 0.883295 0.93565 0.972874 0.994366 -0.605823 -0.499956 -0.386005 -0.265812 -0.14132 -0.0145435 0.112469 0.237662 0.359012 0.474557 0.582427 0.680879 0.768321 0.843338 0.904717 0.951467 0.98283 0.998299 0.997626 0.980819 0.948152 0.900153 0.837596 0.761496
10.805 -0.999561 -0.995238 -0.974822 -0.938641 -0.887282 -0.821574 -0.742581 -0.65158 -0.550041 -0.439609 -0.322067 -0.199317 -0.0733437 0.0538154 0.180104 0.303481 0.42195 0.533595 0.636612 0.729334 0.810262 0.878087 0.931713 0.970272 -0.70968 -0.614533 -0.509447 -0.396124 -0.276394 -0.152195 -0.0255352 0.101538 0.226969 0.34873 0.464851 0.573455 0.672786 0.761238 0.837379 0.899979 0.948026 0.980742 0.997598 0.998323 0.982903 0.951589 0.904887 0.843552
10.855 -0.985943 -0.999175 -0.99625 -0.977214 -0.942376 -0.892299 -0.827792 -0.749899 -0.65988 -0.55919 -0.449457 -0.332455 -0.210078 -0.0843035 0.0428343 0.169279 0.292987 0.411957 0.524265 0.628095 0.721768 0.80377 0.872774 0.927664 -0.799997 -0.717383 -0.623168 -0.518877 -0.406194 -0.286943 -0.163052 -0.0365238 0.0905947 0.216248 0.338405 0.455089 0.564414 0.664612 0.754062 0.831319 0.895132 0.94447 0.978535 0.996776 0.998899 0.984868 0.954911 0.909512
10.905 -0.953511 -0.984046 -0.998668 -0.997141 -0.979489 -0.945997 -0.897208 -0.83391 -0.757127 -0.6681 -0.56827 -0.45925 -0.342804 -0.220814 -0.095253 0.031848 0.158434 0.282458 0.401914 0.514871 0.619502 0.714116 0.797181 0.867355 -0.875048 -0.806544 -0.724999 -0.631729 -0.528243 -0.416215 -0.297457 -0.173889 -0.0475081 0.0796407 0.205502 0.328039 0.445272 0.555305 0.656357 0.746796 0.825158 0.890177 0.940801 0.976211 0.995834 0.999354 0.986714 0.958117
10.955 -0.902885 -0.95014 -0.982031 -0.998041 -0.997911 -0.981645 -0.949504 -0.902009 -0.839927 -0.764263 -0.67624 -0.577282 -0.468988 -0.353111 -0.231523 -0.106191 0.0208579 0.14757 0.271895 0.391823 0.505416 0.610835 0.706376 0.790495 -0.933402 -0.880316 -0.812995 -0.732527 -0.640213 -0.537546 -0.426187 -0.307935 -0.184704 -0.0584865 0.068677 0.19473 0.317634 0.435402 0.546128 0.648023 0.73944 0.818898 0.885114 0.937017 0.973768 0.994772 0.999689 0.98844
11.005 -0.835032 -0.898105 -0.946655 -0.979897 -0.997293 -0.998561 -0.983682 -0.952896 -0.9067 -0.845843 -0.771307 -0.684298 -0.586224 -0.47867 -0.363375 -0.242204 -0.117116 0.00986527 0.136687 0.261299 0.381685 0.495899 0.602094 0.698552 -0.973946 -0.93729 -0.885478 -0.819347 -0.739966 -0.64862 -0.546784 -0.436106 -0.318376 -0.195498 -0.069458 0.057705 0.183935 0.30719 0.425478 0.536886 0.639611 0.731994 0.812539 0.879945 0.933121 0.971207 0.993589 0.999903
11.055 -0.751244 -0.828932 -0.893216 -0.943055 -0.977644 -0.996424 -0.99909 -0.985601 -0.956173 -0.911283 -0.851656 -0.778257 -0.692274 -0.595095 -0.488293 -0.373595 -0.252856 -0.128027 -0.00112856 0.125788 0.250671 0.3715 0.486322 0.59328 -0.995905 -0.97638 -0.941066 -0.890533 -0.8256 -0.747317 -0.656948 -0.555956 -0.445973 -0.328779 -0.206268 -0.080421 0.0467261 0.173118 0.29671 0.415504 0.527578 0.631122 0.724459 0.806081 0.874669 0.929111 0.96853 0.992286
11.105 -0.653122 -0.743943 -0.822733 -0.888219 -0.939341 -0.975274 -0.995435 -0.999499 -0.9874 -0.959334 -0.915755 -0.857366 -0.785114 -0.700165 -0.603894 -0.497858 -0.38377 -0.263477 -0.138923 -0.0121223 0.114874 0.240013 0.361271 0.476687 -0.998862 -0.996839 -0.978696 -0.944727 -0.895481 -0.831754 -0.754576 -0.665197 -0.56506 -0.455786 -0.339141 -0.217012 -0.0913743 0.0357415 0.162279 0.286193 0.405479 0.518207 0.622556 0.716837 0.799527 0.869287 0.92499 0.965735
11.155 -0.542537 -0.644757 -0.736551 -0.816434 -0.883114 -0.935514 -0.972785 -0.994325 -0.999786 -0.98908 -0.962379 -0.920116 -0.862973 -0.791875 -0.707972 -0.612621 -0.507362 -0.393899 -0.274066 -0.149802 -0.0231145 0.103946 0.229326 0.350998 -0.982759 -0.998277 -0.997652 -0.980894 -0.948274 -0.90032 -0.837807 -0.761745 -0.673365 -0.574096 -0.465544 -0.349463 -0.227731 -0.102317 0.0247526 0.151422 0.275642 0.395405 0.508773 0.613915 0.709129 0.792875 0.8638 0.920756
11.205 -0.421601 -0.53327 -0.636315 -0.729071 -0.810036 -0.877903 -0.931573 -0.970179 -0.993096 -0.999953 -0.990641 -0.965308 -0.924366 -0.868476 -0.798541 -0.715694 -0.621273 -0.516805 -0.40398 -0.284623 -0.160662 -0.0341039 0.0930059 0.218612 -0.947903 -0.980667 -0.997571 -0.998345 -0.982974 -0.951707 -0.90505 -0.843758 -0.768822 -0.681452 -0.583063 -0.475246 -0.359743 -0.238422 -0.113246 0.0137607 0.140545 0.265057 0.385283 0.499278 0.6052 0.701334 0.786128 0.858209
11.255 -0.292619 -0.411606 -0.523937 -0.627796 -0.721502 -0.803541 -0.872586 -0.92752 -0.967455 -0.991746 -0.999999 -0.992081 -0.96812 -0.928504 -0.873873 -0.805111 -0.723329 -0.62985 -0.526186 -0.414013 -0.295144 -0.171504 -0.0450892 0.0820542 -0.894961 -0.944344 -0.978456 -0.996745 -0.998917 -0.984934 -0.955025 -0.909671 -0.849608 -0.775805 -0.689457 -0.59196 -0.48489 -0.369979 -0.249085 -0.124163 0.00276715 0.129652 0.254441 0.375115 0.489722 0.596411 0.693455 0.779285
11.305 -0.158054 -0.282089 -0.401562 -0.514542 -0.6192 -0.713846 -0.796948 -0.867163 -0.923355 -0.964615 -0.990276 -0.999924 -0.993402 -0.970816 -0.93253 -0.879165 -0.811583 -0.730876 -0.638351 -0.535503 -0.423995 -0.305631 -0.182324 -0.0560691 -0.824941 -0.890002 -0.94067 -0.976127 -0.995799 -0.999368 -0.986776 -0.958227 -0.914183 -0.855355 -0.782695 -0.697378 -0.600785 -0.494475 -0.38017 -0.259717 -0.135064 -0.00822674 0.118743 0.243793 0.364901 0.480108 0.587551 0.685492
11.355 -0.0204732 -0.147189 -0.271525 -0.391469 -0.505084 -0.61053 -0.706104 -0.790259 -0.861635 -0.919078 -0.961658 -0.988687 -0.999728 -0.994603 -0.973394 -0.936444 -0.884351 -0.817957 -0.738335 -0.646775 -0.544755 -0.433926 -0.31608 -0.193123 -0.73918 -0.818677 -0.884935 -0.936883 -0.97368 -0.994732 -0.999698 -0.988498 -0.961313 -0.918583 -0.860998 -0.78949 -0.705216 -0.609537 -0.504001 -0.390315 -0.270318 -0.145949 -0.0192196 0.10782 0.233117 0.354643 0.470435 0.578619
11.405 0.117498 -0.00948053 -0.136306 -0.260927 -0.381329 -0.495565 -0.601786 -0.698277 -0.783475 -0.856004 -0.91469 -0.958585 -0.986979 -0.999412 -0.995683 -0.975854 -0.940244 -0.889429 -0.824232 -0.745705 -0.65512 -0.553941 -0.443804 -0.326491 -0.639315 -0.731731 -0.812315 -0.879762 -0.932982 -0.971116 -0.993545 -0.999908 -0.990101 -0.964284 -0.922873 -0.866538 -0.79619 -0.712967 -0.618215 -0.513466 -0.400413 -0.280886 -0.156816 -0.0302102 0.096884 0.222412 0.344342 0.460705
11.455 0.253228 0.128409 0.00151332 -0.125407 -0.250299 -0.371143 -0.485986 -0.59297 -0.690365 -0.776596 -0.850268 -0.910192 -0.955396 -0.98515 -0.998974 -0.996644 -0.978196 -0.943931 -0.8944 -0.830407 -0.752985 -0.663387 -0.563061 -0.453629 -0.527251 -0.630823 -0.724194 -0.805854 -0.874482 -0.928969 -0.968434 -0.992238 -0.999997 -0.991584 -0.967137 -0.927051 -0.871973 -0.802794 -0.720633 -0.626819 -0.522869 -0.410463 -0.29142 -0.167664 -0.0411972 0.0859361 0.21168 0.334
11.505 0.384126 0.263848 0.139304 0.012507 -0.114492 -0.23964 -0.360912 -0.476348 -0.584081 -0.682369 -0.769623 -0.844431 -0.905583 -0.952091 -0.983203 -0.998416 -0.997483 -0.98042 -0.947503 -0.899264 -0.836482 -0.760174 -0.671573 -0.572112 -0.405127 -0.517878 -0.622255 -0.716569 -0.799295 -0.869097 -0.924844 -0.965635 -0.990811 -0.999965 -0.992948 -0.969874 -0.931117 -0.877302 -0.8093 -0.728212 -0.635347 -0.532208 -0.420463 -0.301919 -0.178492 -0.0521791 0.0749778 0.200922
11.555 0.507694 0.394253 0.274436 0.150182 0.0234991 -0.103564 -0.228952 -0.350638 -0.466653 -0.575123 -0.674292 -0.762557 -0.838491 -0.900865 -0.948672 -0.981137 -0.997737 -0.998203 -0.982526 -0.950961 -0.904018 -0.842456 -0.767271 -0.679678 -0.275272 -0.395051 -0.508442 -0.613611 -0.708857 -0.792641 -0.863606 -0.920606 -0.962719 -0.989264 -0.999812 -0.994191 -0.972494 -0.93507 -0.882525 -0.815709 -0.735702 -0.643799 -0.541484 -0.430413 -0.312381 -0.189299 -0.0631547 0.0640105
11.605 0.621574 0.517134 0.404332 0.284991 0.161042 0.0344885 -0.0926228 -0.218236 -0.340321 -0.456902 -0.566094 -0.666132 -0.755399 -0.832449 -0.896038 -0.945138 -0.978953 -0.996938 -0.998801 -0.984513 -0.954304 -0.908663 -0.848328 -0.774275 -0.140164 -0.264686 -0.384928 -0.498945 -0.604893 -0.70106 -0.78589 -0.858011 -0.916258 -0.959687 -0.987598 -0.999538 -0.995314 -0.974996 -0.93891 -0.887642 -0.822019 -0.743104 -0.652172 -0.550694 -0.44031 -0.322806 -0.200082 -0.0741228
11.655 0.723594 0.630149 0.526513 0.414363 0.295512 0.171883 0.0454736 -0.0816707 -0.207494 -0.329963 -0.447095 -0.556997 -0.657893 -0.748149 -0.826307 -0.891103 -0.941489 -0.97665 -0.996018 -0.999279 -0.986381 -0.957532 -0.913198 -0.854098 -0.00238239 -0.129271 -0.254069 -0.374758 -0.489387 -0.596102 -0.693178 -0.779044 -0.852313 -0.911798 -0.956539 -0.985812 -0.999143 -0.996317 -0.97738 -0.942637 -0.892651 -0.82823 -0.750416 -0.660467 -0.559837 -0.450154 -0.333192 -0.210842
11.705 0.811807 0.731139 0.638647 0.535828 0.424343 0.305997 0.182702 0.0564533 -0.0707087 -0.196727 -0.319565 -0.437234 -0.547833 -0.649573 -0.740809 -0.820065 -0.88606 -0.937727 -0.974229 -0.994977 -0.999636 -0.988129 -0.960644 -0.917623 0.135445 0.00861149 -0.118361 -0.24342 -0.364543 -0.47977 -0.587239 -0.685212 -0.772104 -0.846511 -0.907229 -0.953275 -0.983907 -0.998628 -0.9972 -0.979646 -0.94625 -0.897553 -0.834341 -0.757637 -0.668681 -0.568913 -0.459944 -0.343537
11.755 0.88453 0.818178 0.738595 0.647068 0.545077 0.434272 0.316445 0.1935 0.0674261 -0.0597382 -0.185936 -0.309128 -0.42732 -0.538603 -0.641175 -0.73338 -0.813724 -0.88091 -0.933851 -0.971691 -0.993817 -0.999872 -0.989759 -0.963639 0.270688 0.146329 0.0196043 -0.107438 -0.232742 -0.354283 -0.470095 -0.578305 -0.677163 -0.765071 -0.840607 -0.902549 -0.949897 -0.981883 -0.997992 -0.997962 -0.981793 -0.949749 -0.902346 -0.840351 -0.764767 -0.676815 -0.577919 -0.469678
11.805 0.940375 0.889605 0.824449 0.745962 0.655411 0.554262 0.444149 0.326855 0.204274 0.0783908 -0.0487604 -0.175123 -0.298654 -0.417355 -0.529307 -0.6327 -0.725862 -0.807285 -0.875654 -0.929863 -0.969035 -0.992536 -0.999988 -0.991268 0.400766 0.281255 0.157196 0.0305948 -0.0965011 -0.222036 -0.343981 -0.460364 -0.569301 -0.669033 -0.757946 -0.834601 -0.897761 -0.946403 -0.979741 -0.997235 -0.998603 -0.983822 -0.953133 -0.90703 -0.846259 -0.771804 -0.684868 -0.586857
11.855 0.978276 0.944057 0.894573 0.830621 0.753238 0.663675 0.563379 0.453972 0.337225 0.215024 0.089346 -0.0377768 -0.164289 -0.288144 -0.407339 -0.519948 -0.624148 -0.718256 -0.800748 -0.870292 -0.925762 -0.966261 -0.991135 -0.999982 0.523197 0.410814 0.291788 0.168044 0.0415816 -0.0855528 -0.211304 -0.333638 -0.450576 -0.560229 -0.660822 -0.750728 -0.828495 -0.892864 -0.942795 -0.97748 -0.996358 -0.999123 -0.985732 -0.956401 -0.911604 -0.852065 -0.778748 -0.692837
11.905 0.997511 0.980496 0.947626 0.899432 0.836693 0.760424 0.671858 0.572428 0.46374 0.347554 0.225748 0.10029 -0.0267886 -0.153434 -0.277599 -0.397274 -0.510526 -0.615521 -0.710563 -0.794115 -0.864824 -0.921549 -0.963371 -0.989615 0.635644 0.532534 0.420812 0.302286 0.178871 0.0525633 -0.0745941 -0.200545 -0.323254 -0.440734 -0.551088 -0.65253 -0.74342 -0.822289 -0.887859 -0.939073 -0.975101 -0.99536 -0.999523 -0.987523 -0.959554 -0.916068 -0.857768 -0.785597
11.955 0.997711 0.998226 0.982598 0.95108 0.904182 0.842663 0.767518 0.67996 0.581407 0.473453 0.357842 0.236444 0.111223 -0.0157971 -0.142561 -0.26702 -0.387161 -0.501042 -0.60682 -0.702785 -0.787385 -0.859252 -0.917225 -0.960365 0.735963 0.644093 0.541807 0.43076 0.312747 0.189676 0.0635387 -0.0636265 -0.189763 -0.31283 -0.430839 -0.541881 -0.64416 -0.736022 -0.815983 -0.882747 -0.935237 -0.972604 -0.994242 -0.999802 -0.989195 -0.962591 -0.920421 -0.863368
12.005 0.978874 0.996908 0.99882 0.98458 0.954419 0.908824 0.848532 0.774519 0.68798 0.590317 0.483108 0.368086 0.247112 0.122141 -0.00480379 -0.131671 -0.25641 -0.377002 -0.491497 -0.598045 -0.694921 -0.78056 -0.853577 -0.91279 0.822238 0.743362 0.652464 0.551015 0.440655 0.32317 0.200459 0.0745065 -0.0526511 -0.178957 -0.30237 -0.420892 -0.532609 -0.635712 -0.728536 -0.809578 -0.877529 -0.931289 -0.969989 -0.993004 -0.99996 -0.990747 -0.965512 -0.924664
12.055 0.941359 0.976567 0.995983 0.999293 0.986444 0.957643 0.913355 0.854298 0.781426 0.695917 0.599155 0.492704 0.378285 0.25775 0.133046 0.00619014 -0.120765 -0.245768 -0.366796 -0.481893 -0.589197 -0.686974 -0.773641 -0.847798 0.892825 0.828446 0.75067 0.660756 0.560156 0.450498 0.333555 0.211218 0.0854652 -0.0416694 -0.16813 -0.291872 -0.410894 -0.523272 -0.627187 -0.720961 -0.803076 -0.872204 -0.927228 -0.967257 -0.991646 -0.999998 -0.992179 -0.968316
12.105 0.885882 0.937593 0.974142 0.994939 0.999646 0.988188 0.96075 0.917776 0.859961 0.788239 0.70377 0.607921 0.502241 0.388439 0.268356 0.143934 0.0171833 -0.109845 -0.235097 -0.356547 -0.472231 -0.580279 -0.678943 -0.766628 0.946375 0.897722 0.834553 0.757888 0.668968 0.569229 0.460285 0.343899 0.221951 0.0964135 -0.0306827 -0.157283 -0.281339 -0.400847 -0.513872 -0.618587 -0.713299 -0.796476 -0.866774 -0.923055 -0.964409 -0.990167 -0.999914 -0.993491
12.155 0.813501 0.880728 0.933713 0.9716 0.993774 0.999878 0.989813 0.963742 0.922086 0.86552 0.794956 0.711538 0.616613 0.511717 0.398546 0.278931 0.154804 0.0281744 -0.0989109 -0.224397 -0.346254 -0.462512 -0.57129 -0.670831 0.981866 0.949869 0.902512 0.840559 0.765015 0.677099 0.578233 0.470018 0.354201 0.232657 0.10735 -0.0196923 -0.146416 -0.270773 -0.39075 -0.504409 -0.609911 -0.705551 -0.78978 -0.861239 -0.91877 -0.961444 -0.98857 -0.99971
12.205 0.725597 0.807058 0.875468 0.929721 0.968939 0.992489 0.999989 0.991319 0.966617 0.926285 0.870974 0.801578 0.71922 0.625231 0.521132 0.408605 0.289471 0.165656 0.0391621 -0.0879651 -0.21367 -0.335919 -0.452737 -0.562233 0.998623 0.983891 0.953249 0.907192 0.846464 0.772048 0.685148 0.587168 0.479693 0.364461 0.243335 0.118274 -0.00869942 -0.135532 -0.260173 -0.380607 -0.494886 -0.601162 -0.697717 -0.782989 -0.8556 -0.914374 -0.958362 -0.986853
12.255 0.623848 0.717988 0.800518 0.870102 0.925616 0.966162 0.991084 0.99998 0.992704 0.969376 0.930372 0.876323 0.808102 0.726814 0.633773 0.530483 0.418615 0.299977 0.176488 0.0501451 -0.0770086 -0.202917 -0.325544 -0.442907 0.996325 0.999139 0.985797 0.956513 0.911762 0.852267 0.778989 0.693114 0.596032 0.48931 0.374676 0.253983 0.129183 0.00229446 -0.124632 -0.249542 -0.370418 -0.485303 -0.592341 -0.689799 -0.776103 -0.849857 -0.909868 -0.955165
12.305 0.510195 0.615218 0.710292 0.793881 0.864631 0.9214 0.963268 0.98956 0.999849 0.99397 0.972017 0.934346 0.881566 0.814529 0.734321 0.642239 0.53977 0.428573 0.310446 0.187298 0.061122 -0.0660428 -0.19214 -0.315129 0.975015 0.995323 0.999535 0.987584 0.959662 0.916222 0.857966 0.785835 0.700997 0.604823 0.498868 0.384847 0.264601 0.140077 0.0132881 -0.113716 -0.238881 -0.360184 -0.475661 -0.583447 -0.681798 -0.769124 -0.844012 -0.905251
12.355 0.386807 0.500709 0.606514 0.702511 0.787148 0.859055 0.917071 0.960258 0.987915 0.999598 0.995115 0.974541 0.938207 0.886702 0.820858 0.74174 0.650627 0.548993 0.438481 0.320878 0.198086 0.0720915 -0.055069 -0.181339 0.935101 0.972514 0.994201 0.99981 0.989251 0.962695 0.920572 0.863562 0.792587 0.708795 0.613542 0.508366 0.39497 0.275187 0.150954 0.0242801 -0.102787 -0.228191 -0.349906 -0.465962 -0.574483 -0.673715 -0.762051 -0.838065
12.405 0.256038 0.376645 0.491162 0.597736 0.694644 0.780319 0.853376 0.912633 0.957131 0.986152 0.999225 0.99614 0.976947 0.941955 0.891731 0.827087 0.749068 0.658936 0.558148 0.448335 0.331271 0.20885 0.0830524 -0.0440886 0.877344 0.931149 0.969896 0.992958 0.999964 0.990799 0.965612 0.92481 0.869053 0.799243 0.716508 0.622186 0.517803 0.405046 0.28574 0.161813 0.0352691 -0.091845 -0.217474 -0.339586 -0.456207 -0.56545 -0.66555 -0.754886
12.455 0.120383 0.245395 0.366438 0.481556 0.588886 0.686694 0.773397 0.847593 0.908083 0.953889 0.984269 0.998732 0.997045 0.979235 0.945589 0.896653 0.833217 0.756306 0.667166 0.567236 0.458134 0.341624 0.219589 0.0940031 0.802846 0.872016 0.927084 0.96716 0.991596 0.999997 0.992227 0.968412 0.928937 0.874439 0.805802 0.724133 0.630755 0.527177 0.415074 0.296258 0.172652 0.0462539 -0.0808921 -0.20673 -0.329225 -0.446396 -0.556348 -0.657304
12.505 -0.017568 0.109462 0.234723 0.356187 0.471892 0.579966 0.678661 0.766381 0.841708 0.903424 0.950531 0.982267 0.998119 0.997829 0.981405 0.949109 0.901466 0.839245 0.763453 0.675315 0.576256 0.467879 0.351936 0.230301 0.713029 0.796243 0.866582 0.922906 0.964307 0.990114 0.999909 0.993535 0.971095 0.932951 0.87972 0.812263 0.731671 0.639248 0.536487 0.42505 0.306741 0.18347 0.0572331 -0.0699295 -0.195961 -0.318824 -0.436531 -0.54718
12.555 -0.155184 -0.028559 0.098528 0.224022 0.345893 0.462171 0.570974 0.670545 0.759273 0.835722 0.898656 0.947059 0.980146 0.997384 0.998493 0.983455 0.952514 0.90617 0.845172 0.770507 0.683382 0.585206 0.477567 0.362205 0.609606 0.705278 0.789544 0.861043 0.918618 0.961338 0.988512 0.999701 0.994723 0.97366 0.936852 0.884894 0.818627 0.739121 0.647663 0.545732 0.434976 0.317186 0.194266 0.0682054 -0.0589584 -0.185169 -0.308385 -0.426614
12.605 -0.289839 -0.166035 -0.0395466 0.0875818 0.213294 0.335557 0.452393 0.561914 0.662349 0.752072 0.829634 0.89378 0.943472 0.977907 0.996529 0.999036 0.985388 0.955804 0.910765 0.850997 0.777468 0.691367 0.594086 0.487197 0.494552 0.600855 0.697441 0.78275 0.8554 0.914218 0.958252 0.98679 0.999371 0.995791 0.976108 0.94064 0.889962 0.824891 0.746482 0.656001 0.554912 0.444849 0.327593 0.205039 0.0791695 -0.0479802 -0.174354 -0.297908
12.655 -0.418964 -0.300344 -0.176867 -0.0505294 0.076625 0.20254 0.32518 0.442562 0.552787 0.654072 0.744781 0.823446 0.888795 0.939771 0.97555 0.995554 0.999458 0.987201 0.958979 0.915249 0.85672 0.784336 0.699268 0.602893 0.37006 0.484967 0.592031 0.689521 0.775861 0.849654 0.909708 0.955051 0.98495 0.998921 0.996738 0.978438 0.944315 0.894921 0.831056 0.753752 0.664259 0.564024 0.454668 0.33796 0.215787 0.090124 -0.0369962 -0.163518
12.705 -0.540094 -0.428921 -0.310812 -0.187676 -0.0615061 0.0656589 0.191762 0.314764 0.432676 0.543592 0.645717 0.7374 0.817158 0.883703 0.935956 0.973075 0.994458 0.99976 0.988894 0.962037 0.919623 0.862338 0.791108 0.707085 0.238508 0.359825 0.475323 0.583135 0.681517 0.768878 0.843805 0.905088 0.951734 0.98299 0.99835 0.997565 0.980649 0.947875 0.899773 0.83712 0.760931 0.672436 0.573068 0.464432 0.348286 0.226508 0.101068 -0.0260077
12.755 -0.650919 -0.549314 -0.438826 -0.321242 -0.198463 -0.0724753 0.0546849 0.180961 0.30431 0.422739 0.534331 0.637283 0.729929 0.810772 0.878504 0.932029 0.970482 0.993242 0.99994 0.990468 0.96498 0.923886 0.867853 0.797785 0.102404 0.227817 0.349546 0.465622 0.574168 0.67343 0.761802 0.837855 0.900358 0.948302 0.980911 0.997658 0.998272 0.982742 0.951321 0.904516 0.843084 0.768018 0.680533 0.582043 0.474141 0.358571 0.237203 0.111999
12.805 -0.749323 -0.659225 -0.558467 -0.448678 -0.331634 -0.209227 -0.0834358 0.0437042 0.170138 0.29382 0.41275 0.525006 0.628772 0.722371 0.804288 0.873198 0.927989 0.967772 0.991906 1 0.991923 0.967805 0.928037 0.873262 -0.0356536 0.0914619 0.217098 0.339224 0.455864 0.565133 0.665262 0.754634 0.831803 0.89552 0.944756 0.978714 0.996846 0.998857 0.984717 0.954652 0.909149 0.848945 0.775012 0.688547 0.590947 0.483791 0.368812 0.247868
12.855 -0.833429 -0.756558 -0.667452 -0.567553 -0.458476 -0.341986 -0.219964 -0.0943862 0.0327183 0.159294 0.283293 0.402712 0.515618 0.620186 0.714725 0.797706 0.867788 0.923836 0.964945 0.99045 0.999939 0.993257 0.970514 0.932076 -0.173031 -0.0466383 0.0805086 0.206354 0.328862 0.446052 0.556029 0.657014 0.747375 0.82565 0.890573 0.941095 0.976399 0.995913 0.999323 0.986572 0.957867 0.913673 0.854704 0.781913 0.696478 0.59978 0.493384 0.379008
12.905 -0.901633 -0.839454 -0.763701 -0.675599 -0.576571 -0.468219 -0.352296 -0.230676 -0.105325 0.0217285 0.148431 0.272733 0.392624 0.506167 0.611524 0.706992 0.791028 0.862272 0.919572 0.962002 0.988875 0.999757 0.994472 0.973105 -0.307107 -0.183848 -0.0576173 0.0695457 0.195584 0.31846 0.436185 0.546857 0.648686 0.740025 0.819398 0.885519 0.937321 0.973966 0.99486 0.999667 0.988308 0.960967 0.918086 0.860359 0.788719 0.704325 0.608541 0.502916
12.955 -0.952631 -0.906333 -0.845378 -0.770752 -0.683663 -0.585518 -0.477905 -0.362563 -0.241359 -0.116251 0.010736 0.13755 0.262139 0.38249 0.496655 0.602789 0.699175 0.784254 0.856652 0.915197 0.958942 0.98718 0.999454 0.995566 -0.435322 -0.317551 -0.194644 -0.0685893 0.0585743 0.184791 0.308019 0.426266 0.53762 0.64028 0.732587 0.813046 0.880358 0.933434 0.971415 0.993687 0.99989 0.989924 0.96395 0.922388 0.865911 0.79543 0.712087 0.617228
13.005 -0.985453 -0.955917 -0.910924 -0.851199 -0.77771 -0.691645 -0.594395 -0.487533 -0.372787 -0.252013 -0.127164 -0.000257808 0.126652 0.251514 0.372309 0.487083 0.59398 0.691272 0.777386 0.850929 0.910711 0.955766 0.985365 0.99903 -0.555232 -0.445194 -0.327956 -0.205415 -0.079553 0.0475959 0.173975 0.297541 0.416295 0.528318 0.631797 0.725059 0.806596 0.87509 0.929433 0.968746 0.992393 0.999993 0.991421 0.966817 0.926579 0.871357 0.802045 0.719762
13.055 -0.999471 -0.987262 -0.959088 -0.915404 -0.856918 -0.784574 -0.699543 -0.6032 -0.497102 -0.382966 -0.262637 -0.13806 -0.0112516 0.115739 0.240859 0.362083 0.477452 0.5851 0.683287 0.770424 0.845102 0.906115 0.952475 0.983432 -0.664546 -0.564342 -0.455011 -0.338322 -0.216162 -0.0905071 0.0366117 0.163139 0.287027 0.406274 0.518952 0.623237 0.717444 0.800049 0.869717 0.92532 0.96596 0.99098 0.999974 0.992798 0.969567 0.930658 0.876699 0.808562
13.105 -0.994418 -0.999768 -0.988951 -0.962142 -0.919774 -0.862533 -0.791343 -0.707357 -0.611932 -0.506611 -0.393099 -0.273229 -0.148941 -0.022244 0.104812 0.230174 0.351813 0.467763 0.576149 0.675218 0.763368 0.839174 0.901409 0.949068 -0.761181 -0.672721 -0.573383 -0.464773 -0.348647 -0.226883 -0.10145 0.0256231 0.152282 0.276479 0.396204 0.509523 0.614602 0.709742 0.793405 0.864238 0.921096 0.963058 0.989447 0.999835 0.994055 0.9722 0.934624 0.881934
13.155 -0.970389 -0.993197 -0.999944 -0.990521 -0.96508 -0.924033 -0.868044 -0.798017 -0.715085 -0.62059 -0.516059 -0.403183 -0.283788 -0.159803 -0.0332337 0.0938729 0.219461 0.341501 0.458018 0.567129 0.667068 0.756221 0.833144 0.896595 -0.843291 -0.768264 -0.680815 -0.582356 -0.474479 -0.35893 -0.237577 -0.112381 0.0146314 0.141407 0.265897 0.386086 0.500032 0.605892 0.701955 0.786666 0.858655 0.91676 0.960039 0.987794 0.999575 0.995192 0.974716 0.938477
13.205 -0.927845 -0.967675 -0.991857 -1 -0.991972 -0.967902 -0.928181 -0.873449 -0.804594 -0.722727 -0.629173 -0.525445 -0.41322 -0.294312 -0.170646 -0.0442194 0.082922 0.208722 0.331147 0.448218 0.55804 0.658838 0.748982 0.827014 -0.909309 -0.849148 -0.775256 -0.688826 -0.591258 -0.484128 -0.36917 -0.248241 -0.123299 0.0036379 0.130516 0.255283 0.375922 0.490481 0.59711 0.694082 0.779831 0.852969 0.912313 0.956904 0.986022 0.999194 0.996209 0.977113
13.255 -0.867596 -0.923689 -0.964844 -0.990397 -0.999935 -0.993302 -0.970607 -0.932216 -0.87875 -0.811074 -0.730282 -0.63768 -0.534767 -0.423206 -0.304801 -0.181468 -0.0551997 0.071961 0.197958 0.320754 0.438363 0.548883 0.650527 0.741652 -0.957978 -0.913829 -0.854903 -0.782153 -0.696754 -0.600088 -0.493718 -0.379364 -0.258876 -0.134201 -0.00735602 0.119608 0.244638 0.365711 0.480871 0.588255 0.686126 0.772902 0.847179 0.907756 0.953654 0.984131 0.998693 0.997105
13.305 -0.790793 -0.862077 -0.919421 -0.961897 -0.988817 -0.999748 -0.994512 -0.973194 -0.936138 -0.883944 -0.817455 -0.737748 -0.64611 -0.544024 -0.433141 -0.315254 -0.192268 -0.0661734 0.0609914 0.18717 0.310322 0.428455 0.53966 0.642138 -0.988366 -0.961073 -0.918239 -0.860555 -0.788956 -0.704598 -0.608846 -0.503249 -0.389513 -0.269479 -0.145087 -0.018349 0.108686 0.233963 0.355457 0.471203 0.579329 0.678087 0.765879 0.841286 0.903089 0.950288 0.98212 0.99807
13.355 -0.6989 -0.784016 -0.856453 -0.915042 -0.958833 -0.987118 -0.999441 -0.995602 -0.975663 -0.939947 -0.889031 -0.823738 -0.745125 -0.654462 -0.553216 -0.443024 -0.325668 -0.203045 -0.0771391 0.0500144 0.176359 0.299852 0.418496 0.530372 -0.999896 -0.989979 -0.964053 -0.922537 -0.866103 -0.795663 -0.712357 -0.617531 -0.512719 -0.399615 -0.28005 -0.155956 -0.0293399 0.0977506 0.22326 0.34516 0.461478 0.570333 0.669965 0.758764 0.835292 0.898313 0.946808 0.979991
13.405 -0.593671 -0.690994 -0.777144 -0.850726 -0.910552 -0.955653 -0.9853 -0.999013 -0.996572 -0.978015 -0.943643 -0.894011 -0.829922 -0.752412 -0.662735 -0.562341 -0.452853 -0.336042 -0.213798 -0.0880954 0.0390314 0.165527 0.289346 0.408486 -0.992346 -0.999994 -0.991471 -0.966916 -0.926724 -0.871546 -0.802274 -0.720029 -0.62614 -0.522126 -0.409669 -0.290587 -0.166806 -0.0403271 0.0868036 0.212531 0.334821 0.451697 0.561268 0.661763 0.751557 0.829197 0.893429 0.943213
13.455 -0.477114 -0.584788 -0.683006 -0.770178 -0.844897 -0.905952 -0.952357 -0.983362 -0.998465 -0.997421 -0.980249 -0.947224 -0.898882 -0.836005 -0.759608 -0.670928 -0.571398 -0.462628 -0.346377 -0.224524 -0.0990411 0.0280436 0.154675 0.278805 -0.965861 -0.990928 -0.999972 -0.992844 -0.969662 -0.930799 -0.876884 -0.808789 -0.727615 -0.634675 -0.531471 -0.419673 -0.301089 -0.177635 -0.0513095 0.0758461 0.201775 0.324441 0.441861 0.552135 0.653481 0.744259 0.823002 0.888436
13.505 -0.351453 -0.467423 -0.575835 -0.674934 -0.76312 -0.838965 -0.901243 -0.948947 -0.981305 -0.997795 -0.99815 -0.982364 -0.950691 -0.903645 -0.841987 -0.766712 -0.679039 -0.580385 -0.472346 -0.356669 -0.235224 -0.109975 0.0170525 0.143804 -0.920946 -0.962954 -0.989391 -0.999828 -0.994097 -0.97229 -0.934761 -0.882115 -0.815205 -0.735112 -0.643132 -0.540752 -0.429627 -0.311554 -0.188444 -0.0622857 0.0648794 0.190995 0.314023 0.431972 0.542936 0.64512 0.736872 0.816708
13.555 -0.219086 -0.341139 -0.457676 -0.566812 -0.666782 -0.755969 -0.832931 -0.896425 -0.945422 -0.97913 -0.997005 -0.998758 -0.98436 -0.954043 -0.908299 -0.847867 -0.773724 -0.687069 -0.589303 -0.482008 -0.366918 -0.245895 -0.120895 0.00605929 -0.858458 -0.916606 -0.959932 -0.987734 -0.999564 -0.99523 -0.974802 -0.93861 -0.887241 -0.821523 -0.742521 -0.651512 -0.549967 -0.439528 -0.321982 -0.199229 -0.0732544 0.0539049 0.180192 0.303566 0.422031 0.533671 0.636681 0.729395
13.605 -0.0825385 -0.208346 -0.330784 -0.447874 -0.55772 -0.658548 -0.748727 -0.826797 -0.891498 -0.941782 -0.976837 -0.996095 -0.999245 -0.986237 -0.95728 -0.912843 -0.853645 -0.780642 -0.695015 -0.598149 -0.491611 -0.377123 -0.256536 -0.131801 -0.77959 -0.852768 -0.912155 -0.956793 -0.985958 -0.999179 -0.996242 -0.977195 -0.942346 -0.892258 -0.827742 -0.74984 -0.659813 -0.559115 -0.449376 -0.332371 -0.20999 -0.0842142 0.0429238 0.169368 0.293073 0.412039 0.524341 0.628165
13.655 0.0555839 -0.0715773 -0.197581 -0.32039 -0.438017 -0.548561 -0.650235 -0.741394 -0.820563 -0.886464 -0.938029 -0.974425 -0.995064 -0.999612 -0.987995 -0.960401 -0.917277 -0.859319 -0.787466 -0.702878 -0.606924 -0.501155 -0.387282 -0.267147 -0.685846 -0.772657 -0.846974 -0.907595 -0.953538 -0.984062 -0.998673 -0.997134 -0.979471 -0.945968 -0.897168 -0.833861 -0.757068 -0.668034 -0.568196 -0.45917 -0.342719 -0.220726 -0.0951638 0.0319376 0.158523 0.282544 0.401996 0.514948
13.705 0.192646 0.0665573 -0.0606074 -0.186792 -0.309956 -0.428108 -0.539336 -0.641843 -0.733971 -0.81423 -0.881322 -0.934162 -0.971896 -0.993913 -0.999858 -0.989634 -0.963406 -0.9216 -0.86489 -0.794194 -0.710655 -0.615624 -0.510638 -0.397395 -0.579015 -0.677804 -0.765632 -0.841078 -0.902924 -0.950168 -0.982048 -0.998046 -0.997906 -0.981628 -0.949476 -0.90197 -0.839879 -0.764205 -0.676174 -0.577209 -0.468909 -0.353027 -0.231436 -0.106102 0.0209475 0.147658 0.271981 0.391906
13.755 0.326032 0.203422 0.0775227 -0.0496301 -0.17598 -0.299485 -0.418146 -0.530046 -0.633374 -0.72646 -0.807799 -0.876074 -0.930183 -0.969249 -0.992642 -0.999983 -0.991153 -0.966295 -0.925811 -0.870356 -0.800827 -0.718347 -0.624251 -0.52006 -0.461136 -0.570017 -0.66968 -0.758513 -0.835081 -0.898144 -0.946684 -0.979915 -0.997299 -0.998556 -0.983666 -0.952869 -0.906663 -0.845795 -0.77125 -0.684233 -0.586151 -0.478591 -0.363291 -0.242117 -0.117027 0.00995488 0.136776 0.261385
13.805 0.453196 0.336405 0.214173 0.0884787 -0.0386469 -0.165148 -0.288978 -0.408135 -0.520692 -0.624828 -0.718861 -0.801269 -0.87072 -0.926091 -0.966485 -0.991251 -0.999987 -0.992552 -0.969067 -0.929911 -0.875717 -0.807362 -0.725952 -0.632802 -0.334458 -0.451353 -0.56095 -0.661475 -0.751303 -0.828982 -0.893256 -0.943085 -0.977663 -0.996431 -0.999087 -0.985585 -0.956147 -0.911246 -0.851609 -0.778201 -0.692209 -0.595023 -0.488215 -0.373512 -0.252769 -0.127938 -0.00103895 0.125877
13.855 0.571713 0.462969 0.346738 0.224899 0.099424 -0.027659 -0.154295 -0.278435 -0.398073 -0.511274 -0.616207 -0.711176 -0.794643 -0.865261 -0.921887 -0.963604 -0.98974 -0.99987 -0.993831 -0.971722 -0.933898 -0.880972 -0.8138 -0.733469 -0.201398 -0.324077 -0.441516 -0.551815 -0.65319 -0.744002 -0.822784 -0.88826 -0.939372 -0.975293 -0.995443 -0.999496 -0.987386 -0.959309 -0.915719 -0.85732 -0.785058 -0.700101 -0.603823 -0.49778 -0.383688 -0.26339 -0.138834 -0.0120326
13.905 0.679322 0.580699 0.472685 0.357028 0.235598 0.110357 -0.0166678 -0.143423 -0.26786 -0.387964 -0.501795 -0.607511 -0.703404 -0.787921 -0.859697 -0.917571 -0.960607 -0.988109 -0.999632 -0.994991 -0.974259 -0.937772 -0.886121 -0.82014 -0.0644955 -0.190618 -0.313657 -0.431625 -0.542613 -0.644826 -0.736612 -0.816486 -0.883156 -0.935545 -0.972806 -0.994335 -0.999785 -0.989067 -0.962355 -0.920081 -0.862928 -0.791821 -0.707909 -0.61255 -0.507285 -0.393817 -0.27398 -0.149713
13.955 0.773967 0.687348 0.589614 0.482345 0.367276 0.246268 0.121277 -0.00567453 -0.132535 -0.257251 -0.377808 -0.492255 -0.598742 -0.695547 -0.781104 -0.85403 -0.913145 -0.957494 -0.986359 -0.999274 -0.996029 -0.976678 -0.941533 -0.891162 0.0736381 -0.0535207 -0.179814 -0.303199 -0.421682 -0.533345 -0.636384 -0.729132 -0.810089 -0.877946 -0.931606 -0.9702 -0.993106 -0.999952 -0.990628 -0.965285 -0.924332 -0.868431 -0.798487 -0.715631 -0.621202 -0.516728 -0.403898 -0.284537
14.005 0.853845 0.780882 0.695292 0.598458 0.491946 0.377479 0.256908 0.132183 0.0053194 -0.12163 -0.246612 -0.367606 -0.482656 -0.589901 -0.687606 -0.774192 -0.848259 -0.908608 -0.954265 -0.98449 -0.998795 -0.996948 -0.97898 -0.94518 0.210367 0.0845976 -0.0425394 -0.168989 -0.292705 -0.411688 -0.524014 -0.627865 -0.721564 -0.803594 -0.872629 -0.927553 -0.967478 -0.991757 -0.999999 -0.99207 -0.968098 -0.928471 -0.87383 -0.805057 -0.723267 -0.62978 -0.526109 -0.413931
14.055 0.91743 0.859516 0.787703 0.703151 0.607229 0.501488 0.387637 0.267517 0.143072 0.0163127 -0.11071 -0.235943 -0.35736 -0.472998 -0.580988 -0.679582 -0.767187 -0.842386 -0.903962 -0.95092 -0.982502 -0.998195 -0.997746 -0.981163 0.343081 0.221102 0.0955468 -0.031553 -0.158143 -0.282175 -0.401644 -0.514618 -0.619271 -0.713909 -0.797002 -0.867208 -0.923389 -0.964639 -0.990289 -0.999925 -0.993392 -0.970794 -0.932498 -0.879122 -0.81153 -0.730815 -0.638282 -0.535427
14.105 0.963509 0.921749 0.865083 0.794428 0.710926 0.615927 0.510969 0.397748 0.278094 0.153944 0.027304 -0.0997773 -0.225245 -0.347071 -0.463284 -0.572005 -0.671476 -0.760089 -0.83641 -0.899206 -0.947461 -0.980395 -0.997474 -0.998423 0.469249 0.353387 0.23181 0.106485 -0.0205628 -0.147278 -0.271611 -0.391552 -0.505161 -0.610601 -0.706167 -0.790314 -0.861681 -0.919113 -0.961683 -0.988701 -0.99973 -0.994594 -0.973373 -0.936412 -0.884309 -0.817905 -0.738275 -0.646706
14.155 0.991204 0.966394 0.925957 0.870546 0.801057 0.718614 0.624551 0.520388 0.40781 0.288638 0.164797 0.038292 -0.0888324 -0.21452 -0.336739 -0.453513 -0.562953 -0.663289 -0.752899 -0.830334 -0.894342 -0.943887 -0.978169 -0.996633 0.586463 0.478929 0.36365 0.24249 0.117409 -0.00957014 -0.136395 -0.261014 -0.381412 -0.495643 -0.601858 -0.698341 -0.783531 -0.85605 -0.914726 -0.95861 -0.986993 -0.999415 -0.995675 -0.975834 -0.940213 -0.889388 -0.824181 -0.745646
14.205 0.999985 0.992599 0.969162 0.930052 0.875903 0.807589 0.726216 0.633099 0.529745 0.417824 0.299146 0.175631 0.0492754 -0.0778767 -0.20377 -0.326367 -0.443687 -0.553832 -0.655021 -0.745618 -0.824158 -0.889369 -0.940199 -0.975825 0.692487 0.595332 0.488551 0.373869 0.253141 0.12832 0.00142371 -0.125496 -0.250385 -0.371226 -0.486064 -0.593042 -0.69043 -0.776652 -0.850316 -0.910229 -0.955422 -0.985166 -0.998978 -0.996636 -0.978178 -0.943901 -0.89436 -0.830357
14.255 0.989685 0.999864 0.993874 0.971812 0.934035 0.881154 0.814024 0.73373 0.641571 0.539037 0.427787 0.309618 0.186443 0.0602529 -0.0669116 -0.192994 -0.315956 -0.433808 -0.544645 -0.646675 -0.738247 -0.817881 -0.884289 -0.936398 0.785297 0.700376 0.604129 0.498114 0.384043 0.263762 0.139215 0.0124174 -0.114581 -0.239727 -0.360996 -0.476427 -0.584154 -0.682435 -0.76968 -0.844479 -0.905621 -0.952119 -0.98322 -0.998421 -0.997477 -0.980403 -0.947474 -0.899224
14.305 0.9605 0.98805 0.999622 0.995029 0.974345 0.937906 0.886299 0.82036 0.741155 0.649965 0.548265 0.437698 0.320053 0.197233 0.071223 -0.0559385 -0.182195 -0.305506 -0.423876 -0.535392 -0.63825 -0.730787 -0.811506 -0.879103 0.863122 0.792056 0.708181 0.612854 0.507616 0.39417 0.27435 0.150093 0.0234096 -0.103653 -0.229039 -0.350722 -0.466732 -0.575196 -0.674358 -0.762615 -0.838539 -0.900904 -0.9487 -0.981155 -0.997743 -0.998197 -0.982509 -0.950933
14.355 0.912988 0.957383 0.986296 0.999259 0.996064 0.976761 0.941663 0.891337 0.826597 0.748491 0.658281 0.557426 0.447556 0.330449 0.207999 0.0821846 -0.0449585 -0.171375 -0.295019 -0.413893 -0.526074 -0.629748 -0.723238 -0.805033 0.924478 0.868622 0.798719 0.7159 0.621504 0.517058 0.40425 0.284905 0.160954 0.0343989 -0.092712 -0.218324 -0.340405 -0.456981 -0.566168 -0.666199 -0.755457 -0.832499 -0.896078 -0.945167 -0.978971 -0.996945 -0.998797 -0.984497
14.405 0.848055 0.908448 0.95415 0.984422 0.998776 0.996978 0.979058 0.945306 0.896267 0.832735 0.755736 0.666517 0.566519 0.45736 0.340805 0.218739 0.0931362 -0.0339731 -0.160533 -0.284497 -0.40386 -0.516693 -0.62117 -0.715602 0.968194 0.928614 0.874017 0.805286 0.723532 0.630079 0.526437 0.414281 0.295426 0.171794 0.0453841 -0.08176 -0.207582 -0.330047 -0.447175 -0.557072 -0.65796 -0.748209 -0.826358 -0.891144 -0.941519 -0.976669 -0.996026 -0.999276
14.455 0.76694 0.842178 0.903797 0.950801 0.98243 0.998172 0.997772 0.981237 0.948835 0.901089 0.838771 0.76289 0.674672 0.575544 0.467109 0.35112 0.229454 0.104077 -0.0229837 -0.149672 -0.27394 -0.393779 -0.507249 -0.612517 0.993436 0.970886 0.932637 0.879306 0.811755 0.731078 0.638578 0.535752 0.424262 0.305912 0.182614 0.0563638 -0.0707981 -0.196815 -0.319649 -0.437315 -0.547908 -0.649641 -0.740869 -0.820117 -0.886102 -0.937758 -0.974249 -0.994986
14.505 0.671191 0.759839 0.836199 0.899038 0.947338 0.980319 0.997447 0.998445 0.983297 0.952249 0.905802 0.844707 0.769952 0.682746 0.5845 0.476802 0.361393 0.24014 0.115004 -0.0119914 -0.138793 -0.263351 -0.383649 -0.497744 0.999721 0.994633 0.973461 0.936547 0.884488 0.818126 0.738534 0.647 0.545002 0.434192 0.31636 0.193412 0.0673367 -0.0598276 -0.186024 -0.309213 -0.427402 -0.538678 -0.641244 -0.733441 -0.813776 -0.880953 -0.933883 -0.971712
14.555 0.562635 0.663001 0.752646 0.83012 0.89417 0.94376 0.978089 0.996601 0.998997 0.985239 0.955548 0.910405 0.85054 0.77692 0.690738 0.593385 0.486436 0.371622 0.250798 0.125918 -0.000997708 -0.127897 -0.252729 -0.373474 0.986931 0.999402 0.995711 0.975918 0.940344 0.889564 0.824399 0.745902 0.655343 0.554187 0.444069 0.32677 0.204187 0.0783014 -0.0488499 -0.175211 -0.298739 -0.417437 -0.529383 -0.63277 -0.725923 -0.807338 -0.875697 -0.929896
14.605 0.443342 0.553512 0.654731 0.745362 0.82394 0.889193 0.940068 0.975741 0.995635 0.999429 0.987061 0.958732 0.914898 0.85627 0.783795 0.698646 0.602198 0.496013 0.381806 0.261425 0.136817 0.00999612 -0.116986 -0.242077 0.955309 0.9851 0.998961 0.996668 0.978258 0.944028 0.894532 0.830571 0.753179 0.663608 0.563305 0.453892 0.33714 0.214936 0.0892567 -0.0378664 -0.164377 -0.28823 -0.407421 -0.520025 -0.624218 -0.718318 -0.800802 -0.870336
14.655 0.315591 0.433461 0.544322 0.646381 0.737988 0.81766 0.88411 0.936263 0.973275 0.994549 0.99974 0.988764 0.961799 0.919281 0.861897 0.790575 0.706469 0.610939 0.505529 0.391944 0.272021 0.147699 0.0209887 -0.106061 0.905458 0.952001 0.983149 0.998399 0.997504 0.980478 0.947597 0.899393 0.836644 0.760366 0.671792 0.572354 0.463661 0.34747 0.22566 0.100201 -0.0268782 -0.153523 -0.277685 -0.397357 -0.510603 -0.615592 -0.710626 -0.794169
14.705 0.181817 0.30514 0.423528 0.535067 0.637954 0.730524 0.811281 0.878919 0.932344 0.970692 0.993343 0.99993 0.990348 0.964751 0.923553 0.86742 0.79726 0.714207 0.619605 0.514984 0.402034 0.282584 0.158563 0.0319788 0.83833 0.900737 0.948578 0.98108 0.997717 0.99822 0.982581 0.951052 0.904144 0.842615 0.76746 0.679895 0.581335 0.473374 0.357758 0.236357 0.111134 -0.0158868 -0.14265 -0.267107 -0.387244 -0.501119 -0.606891 -0.702848
14.755 0.0445741 0.170996 0.294652 0.413543 0.525747 0.629449 0.722973 0.804805 0.873622 0.928313 0.967991 0.992016 1 0.991812 0.967586 0.927713 0.872837 0.803848 0.721859 0.628197 0.524376 0.412076 0.293112 0.169408 0.755205 0.832286 0.895907 0.945041 0.978893 0.996915 0.998816 0.984565 0.954392 0.908786 0.848485 0.774462 0.687915 0.590245 0.483029 0.368002 0.247025 0.122053 -0.00489341 -0.13176 -0.256496 -0.377085 -0.491575 -0.598116
14.805 -0.0935193 0.0335886 0.160153 0.284128 0.403508 0.516364 0.620869 0.715334 0.798231 0.86822 0.924169 0.965173 0.99057 0.999948 0.993156 0.970304 0.93176 0.87815 0.810339 0.729423 0.636713 0.533706 0.422068 0.303605 0.65767 0.747953 0.826141 0.890969 0.94139 0.976587 0.995991 0.99929 0.986429 0.957617 0.913319 0.854251 0.78137 0.695853 0.599083 0.492626 0.378202 0.257663 0.132957 0.00610053 -0.120854 -0.245855 -0.36688 -0.481972
14.855 -0.229828 -0.104459 0.022599 0.149292 0.27357 0.393425 0.506918 0.612213 0.707608 0.79156 0.862713 0.919914 0.962239 0.989004 0.999776 0.99438 0.972904 0.935696 0.883356 0.816732 0.7369 0.645152 0.542971 0.432009 0.547586 0.649349 0.740611 0.819896 0.885923 0.937624 0.974163 0.994948 0.999644 0.988175 0.960726 0.917741 0.859915 0.788184 0.703706 0.60785 0.502164 0.388357 0.26827 0.143845 0.0170937 -0.109934 -0.235184 -0.35663
14.905 -0.361752 -0.240514 -0.115387 0.0116067 0.138412 0.262979 0.383294 0.49741 0.603483 0.699797 0.784794 0.857101 0.915547 0.959188 0.987318 0.999482 0.995484 0.975387 0.939518 0.888455 0.823026 0.744287 0.653512 0.55217 0.427054 0.538354 0.640949 0.733179 0.813553 0.880771 0.933746 0.971621 0.993784 0.999877 0.989801 0.963718 0.922052 0.865475 0.794902 0.711475 0.616543 0.51164 0.398464 0.278845 0.154716 0.0280849 -0.0990001 -0.224484
14.955 -0.486773 -0.371979 -0.25117 -0.1263 0.000612945 0.127516 0.252357 0.373117 0.487843 0.594681 0.691901 0.777934 0.851386 0.91107 0.956022 0.985513 0.999068 0.996467 0.977752 0.943226 0.893447 0.829221 0.751584 0.661794 0.298372 0.417087 0.529057 0.632472 0.725659 0.807111 0.875511 0.929754 0.968962 0.9925 0.999989 0.991307 0.966595 0.926251 0.87093 0.801524 0.719157 0.625161 0.521055 0.408523 0.289385 0.165568 0.0390726 -0.0880543
15.005 -0.602505 -0.496347 -0.382162 -0.261797 -0.137198 -0.0103809 0.116604 0.241704 0.362894 0.478217 0.585806 0.683922 0.770979 0.845568 0.906483 0.952739 0.983589 0.998533 0.99733 0.979999 0.946821 0.898332 0.835315 0.758791 0.163998 0.287861 0.40707 0.519696 0.623918 0.71805 0.800571 0.870146 0.92565 0.966185 0.991096 0.99998 0.992693 0.969354 0.930339 0.876279 0.80805 0.726753 0.633704 0.530407 0.418533 0.299891 0.1764 0.0500556
15.055 -0.706741 -0.611243 -0.505861 -0.392298 -0.272391 -0.14808 -0.0213734 0.105678 0.231021 0.352628 0.468533 0.576861 0.67586 0.763931 0.839647 0.901786 0.949342 0.981546 0.997878 0.998073 0.982128 0.950301 0.903107 0.841309 0.0264935 0.153143 0.277315 0.397004 0.510272 0.615289 0.710355 0.793935 0.864676 0.921434 0.963292 0.989573 0.999851 0.99396 0.971996 0.934314 0.881523 0.814477 0.734261 0.64217 0.539695 0.428493 0.310361 0.18721
15.105 -0.797492 -0.714476 -0.619907 -0.515313 -0.402387 -0.282953 -0.158943 -0.0323634 0.0947397 0.220311 0.342319 0.458792 0.567846 0.667717 0.75679 0.833625 0.89698 0.94583 0.979385 0.997102 0.998695 0.984138 0.953666 0.907773 -0.111516 0.015502 0.142269 0.266736 0.386889 0.500786 0.606585 0.702575 0.787203 0.859101 0.917107 0.960283 0.987929 0.9996 0.995106 0.974521 0.938176 0.886661 0.820807 0.74168 0.650559 0.548918 0.4384 0.320793
15.155 -0.873025 -0.804076 -0.722125 -0.628496 -0.524704 -0.412427 -0.29348 -0.169788 -0.0433494 0.0837897 0.209574 0.331969 0.448996 0.558762 0.659492 0.749558 0.827503 0.892066 0.942204 0.977105 0.996205 0.999196 0.986029 0.956916 -0.247398 -0.122434 0.00450865 0.131379 0.256124 0.376728 0.49124 0.597808 0.694709 0.780375 0.853423 0.912669 0.957157 0.986167 0.999229 0.996133 0.976928 0.941925 0.891691 0.827037 0.749009 0.658869 0.558074 0.448254
15.205 -0.9319 -0.878334 -0.810564 -0.729687 -0.637009 -0.534031 -0.422417 -0.303972 -0.180611 -0.0543303 0.0728295 0.198812 0.321579 0.439145 0.549611 0.651188 0.742236 0.82128 0.887044 0.938463 0.974707 0.995188 0.999576 0.9878 -0.378559 -0.258035 -0.133338 -0.00648528 0.120472 0.245482 0.366522 0.481635 0.588959 0.686759 0.773454 0.847641 0.908121 0.953916 0.984285 0.998737 0.997038 0.979217 0.94556 0.896613 0.833167 0.756248 0.667099 0.567163
15.255 -0.972993 -0.935831 -0.883536 -0.816953 -0.73716 -0.645445 -0.543294 -0.432356 -0.314427 -0.191414 -0.0653045 0.0618605 0.188025 0.311149 0.429242 0.540393 0.642806 0.734823 0.814958 0.881915 0.93461 0.972191 0.994051 0.999836 -0.502496 -0.388711 -0.268641 -0.144226 -0.0174784 0.109551 0.23481 0.356271 0.471971 0.580039 0.678726 0.766439 0.841757 0.903463 0.950559 0.982284 0.998124 0.997824 0.981387 0.949081 0.901427 0.839196 0.763395 0.675249
15.305 -0.99552 -0.975472 -0.93965 -0.888632 -0.823244 -0.744544 -0.653804 -0.552491 -0.442243 -0.324844 -0.202192 -0.0762709 0.0508841 0.177216 0.300682 0.419286 0.53111 0.634345 0.727322 0.808538 0.876679 0.930643 0.969557 0.992793 -0.616846 -0.511971 -0.398817 -0.279214 -0.155096 -0.0284695 0.0986172 0.224109 0.345977 0.46225 0.571048 0.670612 0.759331 0.835771 0.898696 0.947088 0.980164 0.997391 0.998488 0.983439 0.952487 0.906132 0.845124 0.77045
15.355 -0.999052 -0.9965 -0.977833 -0.943354 -0.89362 -0.829436 -0.751838 -0.662083 -0.561621 -0.452077 -0.335222 -0.212947 -0.087228 0.0399015 0.166386 0.290179 0.40928 0.521763 0.625808 0.719734 0.80202 0.871337 0.926564 0.966807 -0.719425 -0.625461 -0.521384 -0.408875 -0.289754 -0.165947 -0.0394571 0.0876711 0.213381 0.335641 0.452473 0.561989 0.662416 0.752131 0.829684 0.89382 0.943502 0.977926 0.996537 0.999032 0.985372 0.955778 0.910728 0.85095
15.405 -0.98352 -0.998513 -0.997358 -0.980076 -0.946945 -0.8985 -0.835527 -0.759041 -0.670282 -0.570683 -0.461856 -0.34556 -0.223676 -0.0981746 0.028914 0.155535 0.279641 0.399225 0.512353 0.617196 0.712058 0.795405 0.86589 0.922372 -0.808276 -0.727017 -0.634001 -0.530733 -0.418883 -0.300258 -0.176778 -0.0504399 0.0767143 0.202628 0.325265 0.442642 0.552861 0.65414 0.744841 0.823497 0.888836 0.939802 0.97557 0.995562 0.999455 0.987186 0.958953 0.915213
15.455 -0.949221 -0.981473 -0.997853 -0.998097 -0.9822 -0.950421 -0.903272 -0.841517 -0.766153 -0.6784 -0.579676 -0.471579 -0.355855 -0.234377 -0.109109 0.0179231 0.144666 0.269069 0.389121 0.502881 0.608508 0.704296 0.788694 0.860338 -0.881705 -0.814701 -0.734522 -0.642465 -0.540019 -0.42884 -0.310727 -0.187588 -0.0614166 0.0657483 0.19185 0.314849 0.432757 0.543667 0.645785 0.73746 0.81721 0.883744 0.935988 0.973096 0.994467 0.999758 0.988881 0.962013
15.505 -0.89681 -0.945705 -0.979307 -0.997072 -0.998714 -0.984206 -0.953782 -0.907935 -0.847405 -0.773172 -0.686436 -0.588599 -0.481245 -0.366108 -0.245051 -0.120031 0.00693003 0.133779 0.258464 0.37897 0.493348 0.599747 0.696449 0.781887 -0.93831 -0.886839 -0.821026 -0.741938 -0.650851 -0.549239 -0.438746 -0.321157 -0.198376 -0.0723859 0.0547743 0.181049 0.304396 0.42282 0.534407 0.637352 0.729991 0.810824 0.878546 0.932061 0.970504 0.993253 0.999939 0.990456
15.555 -0.827287 -0.891892 -0.942075 -0.977023 -0.996172 -0.999211 -0.986093 -0.957028 -0.912487 -0.853191 -0.780097 -0.694389 -0.597451 -0.490853 -0.376316 -0.255695 -0.130938 -0.0040639 0.122876 0.247829 0.368774 0.483755 0.590914 0.688517 -0.97701 -0.942054 -0.891865 -0.827253 -0.749264 -0.659158 -0.558393 -0.448598 -0.331549 -0.209139 -0.0833465 0.0437938 0.170226 0.293905 0.412832 0.525082 0.628842 0.722433 0.804341 0.873242 0.928022 0.967795 0.991918 1
15.605 -0.741978 -0.821061 -0.886866 -0.93833 -0.974621 -0.99515 -0.999587 -0.98786 -0.960158 -0.91693 -0.858874 -0.786929 -0.702258 -0.606231 -0.500401 -0.386479 -0.266307 -0.141829 -0.0150573 0.111958 0.237163 0.358532 0.474104 0.582009 -0.997068 -0.979295 -0.945685 -0.896784 -0.83338 -0.756499 -0.667386 -0.56748 -0.458397 -0.341901 -0.219877 -0.094297 0.0328079 0.159382 0.283379 0.402794 0.515694 0.620256 0.714787 0.79776 0.867832 0.92387 0.964969 0.990463
15.655 -0.642511 -0.734562 -0.814735 -0.881733 -0.934473 -0.972101 -0.994009 -0.999843 -0.989508 -0.963173 -0.921261 -0.864453 -0.793665 -0.710042 -0.614938 -0.509889 -0.396595 -0.276888 -0.152703 -0.026049 0.101027 0.226468 0.348248 0.464396 -0.9981 -0.997849 -0.981461 -0.949202 -0.901594 -0.839406 -0.763643 -0.675532 -0.576497 -0.46814 -0.352212 -0.230588 -0.105236 0.0218181 0.148519 0.272819 0.392707 0.506244 0.611595 0.707056 0.791083 0.862317 0.919607 0.962026
15.705 -0.530784 -0.634048 -0.727058 -0.808312 -0.876494 -0.930502 -0.969463 -0.992747 -0.999977 -0.991037 -0.966071 -0.925482 -0.869927 -0.800305 -0.717741 -0.62357 -0.519316 -0.406664 -0.287435 -0.163559 -0.0370374 0.0900829 0.215746 0.337921 -0.980088 -0.997363 -0.998509 -0.983509 -0.952604 -0.906295 -0.84533 -0.770695 -0.683598 -0.585446 -0.477826 -0.36248 -0.241272 -0.116162 0.0108256 0.137639 0.262226 0.382572 0.496733 0.60286 0.699239 0.78431 0.856698 0.915233
15.755 -0.408929 -0.521435 -0.625508 -0.719466 -0.80179 -0.871148 -0.926419 -0.966708 -0.991365 -0.999991 -0.992446 -0.968852 -0.92959 -0.875296 -0.806848 -0.725352 -0.632127 -0.52868 -0.416683 -0.297948 -0.174395 -0.0480214 0.0791284 0.204999 -0.943374 -0.977846 -0.996505 -0.999049 -0.985438 -0.955891 -0.910887 -0.851152 -0.777654 -0.69158 -0.594323 -0.487455 -0.372704 -0.251926 -0.127075 -0.000168194 0.126741 0.251601 0.372392 0.487161 0.594052 0.691337 0.777442 0.850976
15.805 -0.279272 -0.398872 -0.512022 -0.616893 -0.711787 -0.795172 -0.865697 -0.922224 -0.963837 -0.989864 -0.999884 -0.993734 -0.971516 -0.933586 -0.88056 -0.813294 -0.732876 -0.640608 -0.537979 -0.426651 -0.308424 -0.185209 -0.0589996 0.0681643 -0.888659 -0.93967 -0.975485 -0.995526 -0.999468 -0.987248 -0.959062 -0.915368 -0.856872 -0.784519 -0.699479 -0.603128 -0.497025 -0.382883 -0.26255 -0.137972 -0.011162 0.115828 0.240946 0.362166 0.477531 0.585173 0.683352 0.770481
15.855 -0.144285 -0.268698 -0.388767 -0.502548 -0.608203 -0.704022 -0.788457 -0.860142 -0.917917 -0.960849 -0.988243 -0.999656 -0.994903 -0.974062 -0.937469 -0.885717 -0.819642 -0.740312 -0.649011 -0.547214 -0.436569 -0.318863 -0.196002 -0.0699707 -0.816988 -0.883564 -0.935853 -0.973007 -0.994427 -0.999766 -0.988938 -0.962118 -0.919739 -0.862488 -0.791289 -0.707294 -0.611861 -0.506534 -0.393016 -0.273143 -0.148852 -0.0221544 0.104902 0.230261 0.351897 0.467842 0.576222 0.675284
15.905 -0.00654527 -0.133398 -0.258093 -0.378614 -0.493013 -0.599439 -0.696172 -0.781647 -0.854482 -0.9135 -0.957745 -0.986502 -0.999307 -0.995952 -0.976491 -0.941239 -0.890767 -0.82589 -0.747658 -0.657335 -0.556383 -0.446433 -0.329264 -0.20677 -0.729728 -0.810599 -0.878362 -0.931922 -0.970411 -0.993208 -0.999943 -0.990509 -0.965057 -0.923999 -0.867999 -0.797963 -0.715023 -0.62052 -0.515983 -0.403101 -0.283702 -0.159714 -0.0331441 0.0939621 0.219549 0.341585 0.458098 0.567203
15.955 0.131319 0.00444866 -0.122494 -0.247456 -0.368416 -0.483418 -0.590604 -0.688238 -0.774743 -0.84872 -0.908972 -0.954525 -0.984642 -0.998837 -0.99688 -0.978802 -0.944896 -0.89571 -0.832039 -0.754914 -0.66558 -0.565484 -0.456243 -0.339625 -0.628543 -0.722167 -0.804112 -0.873054 -0.927879 -0.967698 -0.991869 -1 -0.99196 -0.967879 -0.928147 -0.873406 -0.804541 -0.722665 -0.629104 -0.525369 -0.413138 -0.294227 -0.170557 -0.0441298 0.0830113 0.20881 0.331232 0.448298
16.005 0.266678 0.14221 0.0154421 -0.111576 -0.236789 -0.358173 -0.473765 -0.581696 -0.680221 -0.767745 -0.842855 -0.904334 -0.95119 -0.982663 -0.998247 -0.997687 -0.980994 -0.948438 -0.900544 -0.838087 -0.762078 -0.673745 -0.574517 -0.465999 -0.515365 -0.619954 -0.714518 -0.797528 -0.867641 -0.923723 -0.964868 -0.99041 -0.999936 -0.993292 -0.970585 -0.932183 -0.878707 -0.811021 -0.73022 -0.637611 -0.534691 -0.423125 -0.304716 -0.18138 -0.0551102 0.0720504 0.198046 0.320839
16.055 0.396949 0.277258 0.153083 0.0264336 -0.100644 -0.226094 -0.347887 -0.464055 -0.572719 -0.672121 -0.760655 -0.836887 -0.899587 -0.947739 -0.980566 -0.997536 -0.998374 -0.983068 -0.951865 -0.905269 -0.844034 -0.76915 -0.681828 -0.583481 -0.392353 -0.505912 -0.611291 -0.706784 -0.790847 -0.862122 -0.919456 -0.961921 -0.988831 -0.99975 -0.994503 -0.973173 -0.936106 -0.883902 -0.817404 -0.737687 -0.646042 -0.543949 -0.43306 -0.315169 -0.19218 -0.066084 0.0610809 0.187258
16.105 0.519645 0.407015 0.287804 0.163938 0.0374219 -0.0896997 -0.215371 -0.337559 -0.454289 -0.563672 -0.66394 -0.753472 -0.830819 -0.894731 -0.944175 -0.97835 -0.996704 -0.99894 -0.985023 -0.955177 -0.909885 -0.849879 -0.776129 -0.689829 -0.261854 -0.382217 -0.496399 -0.602553 -0.698964 -0.784071 -0.8565 -0.915078 -0.958858 -0.987133 -0.999444 -0.995594 -0.975644 -0.939917 -0.88899 -0.823687 -0.745065 -0.654394 -0.553141 -0.442944 -0.325583 -0.202957 -0.0770497 0.0501039
16.155 0.632425 0.529006 0.417032 0.298315 0.174773 0.0484057 -0.0787448 -0.204622 -0.32719 -0.444467 -0.554557 -0.655679 -0.746198 -0.82465 -0.889767 -0.940496 -0.976015 -0.995752 -0.999386 -0.986859 -0.958374 -0.914391 -0.855621 -0.783015 -0.126359 -0.251228 -0.372035 -0.486825 -0.593743 -0.691059 -0.7772 -0.850774 -0.910589 -0.955679 -0.985315 -0.999017 -0.996565 -0.977996 -0.943613 -0.893971 -0.829872 -0.752353 -0.662668 -0.562267 -0.452773 -0.335958 -0.21371 -0.0880061
16.205 0.733138 0.640903 0.538304 0.426999 0.30879 0.185587 0.0593837 -0.0677804 -0.193848 -0.316782 -0.434592 -0.545375 -0.647339 -0.738834 -0.818382 -0.884696 -0.936703 -0.973563 -0.994679 -0.999711 -0.988576 -0.961455 -0.918786 -0.86126 0.0115467 -0.115446 -0.240572 -0.361808 -0.477193 -0.584861 -0.683071 -0.770236 -0.844945 -0.90599 -0.952385 -0.983378 -0.99847 -0.997415 -0.980231 -0.947196 -0.898843 -0.835955 -0.75955 -0.670861 -0.571324 -0.462548 -0.346293 -0.224437
16.255 0.819862 0.740571 0.649303 0.547536 0.436915 0.319228 0.196379 0.0703545 -0.0568078 -0.183051 -0.306335 -0.424665 -0.536127 -0.63892 -0.731381 -0.812015 -0.879517 -0.932797 -0.970993 -0.993487 -0.999915 -0.990173 -0.96442 -0.92307 0.149232 0.022539 -0.104519 -0.229887 -0.351537 -0.467502 -0.575908 -0.675001 -0.763178 -0.839013 -0.901282 -0.948975 -0.981323 -0.997801 -0.998145 -0.982347 -0.950663 -0.903607 -0.841938 -0.766655 -0.678973 -0.580313 -0.472267 -0.356585
16.305 0.890942 0.826107 0.747913 0.657625 0.556702 0.446777 0.329627 0.207147 0.0813167 -0.0458284 -0.172232 -0.295851 -0.414686 -0.526815 -0.630424 -0.723839 -0.805549 -0.874233 -0.928779 -0.968306 -0.992174 -0.999998 -0.991651 -0.967268 0.284071 0.160094 0.0335287 -0.093579 -0.219173 -0.341224 -0.457756 -0.566886 -0.666848 -0.756027 -0.832981 -0.896464 -0.945451 -0.979149 -0.997012 -0.998754 -0.984344 -0.954017 -0.908262 -0.847819 -0.773667 -0.687004 -0.589231 -0.481929
16.355 0.945021 0.895881 0.832252 0.755166 0.665867 0.565801 0.456586 0.339987 0.21789 0.0922692 -0.0348434 -0.161393 -0.285332 -0.404657 -0.517438 -0.621852 -0.71621 -0.798986 -0.868842 -0.924648 -0.965501 -0.990741 -0.99996 -0.993009 0.413488 0.294594 0.170936 0.0445142 -0.0826278 -0.208434 -0.330869 -0.447954 -0.557795 -0.658616 -0.748786 -0.826848 -0.891539 -0.941812 -0.976856 -0.996103 -0.999242 -0.986222 -0.957254 -0.912807 -0.853598 -0.780586 -0.694951 -0.598078
16.405 0.981069 0.948559 0.900711 0.838297 0.762327 0.674029 0.574832 0.466339 0.350305 0.228606 0.10321 -0.0238542 -0.150533 -0.274778 -0.394579 -0.507999 -0.613205 -0.708495 -0.792327 -0.863347 -0.920405 -0.96258 -0.989189 -0.999801 0.535016 0.423473 0.305082 0.181758 0.0554944 -0.0716666 -0.197669 -0.320474 -0.438098 -0.548636 -0.650303 -0.741454 -0.820615 -0.886505 -0.93806 -0.974445 -0.995073 -0.99961 -0.987981 -0.960376 -0.917241 -0.859273 -0.78741 -0.702814
16.455 0.998396 0.983139 0.951983 0.905432 0.84424 0.769396 0.68211 0.583793 0.476036 0.360581 0.239295 0.114139 -0.0128621 -0.139656 -0.264191 -0.384453 -0.498499 -0.604484 -0.700693 -0.785572 -0.857747 -0.916052 -0.959543 -0.987517 0.646336 0.544272 0.433407 0.315534 0.192558 0.0664679 -0.0606968 -0.18688 -0.310041 -0.428189 -0.539412 -0.641912 -0.734032 -0.814282 -0.881364 -0.934194 -0.971917 -0.993923 -0.999856 -0.989621 -0.963382 -0.921565 -0.864845 -0.79414
16.505 0.996673 0.998958 0.985089 0.955291 0.910044 0.850082 0.776372 0.690108 0.592684 0.485676 0.370813 0.249955 0.125054 -0.00186846 -0.128761 -0.253571 -0.374281 -0.488939 -0.595689 -0.692807 -0.778722 -0.852044 -0.911587 -0.956389 0.745322 0.654685 0.553462 0.443289 0.325947 0.203334 0.0774333 -0.0497196 -0.176069 -0.29957 -0.418228 -0.530122 -0.633444 -0.726522 -0.807851 -0.876117 -0.930216 -0.969271 -0.992653 -0.999982 -0.991141 -0.966272 -0.925777 -0.870312
16.555 0.975931 0.995716 0.999399 0.986921 0.958484 0.914546 0.85582 0.783254 0.698022 0.601503 0.495256 0.381001 0.260585 0.135954 0.00912541 -0.117851 -0.242922 -0.364064 -0.479319 -0.586823 -0.684838 -0.771778 -0.846237 -0.907012 0.830086 0.752606 0.662956 0.562585 0.453116 0.33632 0.214086 0.0883894 -0.0387365 -0.165236 -0.289063 -0.408216 -0.520768 -0.624898 -0.718924 -0.801323 -0.870764 -0.926124 -0.966508 -0.991263 -0.999987 -0.992541 -0.969045 -0.929878
16.605 0.936568 0.973475 0.99464 0.99972 0.988634 0.961561 0.918938 0.861455 0.790042 0.705852 0.610249 0.504777 0.391143 0.271183 0.146838 0.0201182 -0.106927 -0.232243 -0.353803 -0.469642 -0.577886 -0.676785 -0.76474 -0.840329 0.899012 0.836167 0.7598 0.671146 0.57164 0.462889 0.346653 0.224812 0.0993348 -0.0277486 -0.154383 -0.278521 -0.398156 -0.511351 -0.616278 -0.711239 -0.794698 -0.865306 -0.921921 -0.963628 -0.989753 -0.999871 -0.993821 -0.9717
16.655 0.879334 0.932659 0.970901 0.993443 0.99992 0.990227 0.964521 0.923218 0.866986 0.796734 0.713597 0.618921 0.514237 0.401237 0.281748 0.157703 0.0311085 -0.0959895 -0.221535 -0.343499 -0.459907 -0.568879 -0.668651 -0.75761 0.950783 0.903772 0.842146 0.766902 0.679256 0.580626 0.472606 0.356945 0.235511 0.110268 -0.0167574 -0.143512 -0.267946 -0.388047 -0.501873 -0.607583 -0.703467 -0.787977 -0.859743 -0.917607 -0.960632 -0.988123 -0.999635 -0.994982
16.705 0.805321 0.874046 0.928636 0.968209 0.992126 0.999999 0.9917 0.967365 0.927387 0.872412 0.803329 0.721256 0.627519 0.523635 0.411283 0.29228 0.16855 0.0420951 -0.0850407 -0.210801 -0.333153 -0.450117 -0.559803 -0.660436 0.984412 0.954132 0.908423 0.848023 0.773911 0.687283 0.589542 0.482266 0.367193 0.246181 0.121188 -0.00576415 -0.132623 -0.257338 -0.377891 -0.492333 -0.598814 -0.695611 -0.78116 -0.854076 -0.913182 -0.95752 -0.986374 -0.999277
16.755 0.715942 0.798755 0.868652 0.924501 0.965401 0.990689 0.999957 0.993054 0.970093 0.931444 0.877733 0.809828 0.728827 0.636041 0.532969 0.421279 0.302776 0.179376 0.0530766 -0.0740816 -0.200042 -0.322767 -0.440273 -0.550659 0.999257 0.986286 0.957366 0.912964 0.853798 0.780826 0.695227 0.598386 0.491868 0.377396 0.256821 0.132094 0.00522979 -0.121719 -0.246699 -0.36769 -0.482734 -0.589973 -0.687671 -0.774249 -0.848306 -0.908646 -0.954292 -0.984506
16.805 0.612901 0.708223 0.792092 0.863153 0.920255 0.962476 0.989132 0.999794 0.994287 0.972703 0.935388 0.882948 0.816229 0.736311 0.644486 0.542239 0.431224 0.313235 0.190181 0.0640516 -0.0631136 -0.189258 -0.312342 -0.430376 0.995035 0.99962 0.988041 0.960484 0.917394 0.85947 0.787647 0.703088 0.607158 0.50141 0.387554 0.267431 0.142983 0.0162231 -0.110799 -0.23603 -0.357444 -0.473077 -0.581061 -0.679648 -0.767244 -0.842434 -0.904 -0.950948
16.855 0.498166 0.604177 0.700419 0.785334 0.857549 0.915897 0.959434 0.987456 0.99951 0.995401 0.975195 0.939219 0.888055 0.822531 0.743705 0.652853 0.551444 0.441117 0.323657 0.200963 0.0750189 -0.0521379 -0.178452 -0.30188 0.971826 0.993881 0.999863 0.989676 0.963486 0.921714 0.865038 0.794373 0.710863 0.615857 0.510892 0.397665 0.278008 0.153855 0.0272144 -0.0998665 -0.225333 -0.347155 -0.463363 -0.572078 -0.671542 -0.760147 -0.83646 -0.899246
16.905 0.373924 0.488603 0.59538 0.69253 0.77848 0.851842 0.911429 0.956277 0.985661 0.999105 0.996394 0.977569 0.942937 0.893056 0.828734 0.75101 0.661141 0.560581 0.450956 0.334039 0.21172 0.0859772 -0.0411559 -0.167624 0.930074 0.969177 0.992606 0.999984 0.991192 0.966371 0.925923 0.870501 0.801003 0.718552 0.624481 0.520312 0.407728 0.288552 0.164709 0.0382025 -0.0889217 -0.214608 -0.336824 -0.453593 -0.563027 -0.663356 -0.752958 -0.830384
16.955 0.242548 0.363706 0.478981 0.586512 0.684557 0.771533 0.846032 0.90685 0.953004 0.983746 0.99858 0.997266 0.979826 0.94654 0.897949 0.834836 0.758223 0.669349 0.569651 0.460742 0.344381 0.222452 0.0969251 -0.030169 0.870575 0.925979 0.966409 0.991212 0.999985 0.992588 0.96914 0.930019 0.87586 0.807536 0.726155 0.63303 0.529669 0.417742 0.29906 0.175543 0.0491859 -0.0779661 -0.203857 -0.326452 -0.443768 -0.553907 -0.655089 -0.745678
17.005 0.106544 0.231868 0.353443 0.469302 0.577572 0.676502 0.764492 0.84012 0.902162 0.949615 0.981712 0.997934 0.998018 0.981964 0.95003 0.902733 0.840838 0.765345 0.677477 0.578653 0.470471 0.354682 0.233157 0.107861 0.794464 0.865113 0.921772 0.963526 0.989698 0.999865 0.993864 0.971791 0.934003 0.881112 0.813972 0.733669 0.641502 0.538962 0.427706 0.309533 0.186355 0.0601634 -0.0670011 -0.193082 -0.316041 -0.433889 -0.54472 -0.646743
17.055 -0.0314931 0.0956065 0.22116 0.343137 0.459566 0.568562 0.668365 0.757359 0.834106 0.897365 0.946112 0.97956 0.997168 0.99865 0.983983 0.953404 0.907408 0.846738 0.772375 0.685522 0.587584 0.480144 0.364939 0.243833 0.703194 0.78774 0.859547 0.917454 0.960525 0.988064 0.999624 0.99502 0.974325 0.937875 0.886258 0.820309 0.741095 0.649897 0.54819 0.437617 0.319968 0.197145 0.0711336 -0.0560279 -0.182283 -0.305591 -0.423957 -0.535468
17.105 -0.168929 -0.0424795 0.0846573 0.210425 0.33279 0.449774 0.559484 0.660147 0.750134 0.827991 0.892459 0.942495 0.97729 0.996281 0.999161 0.985883 0.956663 0.911973 0.852535 0.779311 0.693485 0.596444 0.489758 0.375153 0.598506 0.695335 0.78092 0.853876 0.913025 0.957409 0.986311 0.999263 0.996056 0.976742 0.941633 0.891296 0.826547 0.748432 0.658213 0.557351 0.447476 0.330365 0.207911 0.0820953 -0.045048 -0.171463 -0.295105 -0.413975
17.155 -0.303142 -0.179755 -0.0534608 0.0736979 0.199665 0.322403 0.439928 0.550338 0.651849 0.742819 0.821777 0.887446 0.938764 0.974901 0.995273 0.999551 0.987664 0.959807 0.916428 0.85823 0.786153 0.701364 0.605232 0.499314 0.482397 0.589662 0.687392 0.774005 0.848103 0.908485 0.954177 0.984438 0.99878 0.996971 0.97904 0.945277 0.896227 0.832685 0.755678 0.66645 0.566445 0.457281 0.340721 0.218652 0.093047 -0.0340627 -0.160622 -0.284583
17.205 -0.431571 -0.3136 -0.190559 -0.0644356 0.0627296 0.18888 0.311977 0.430028 0.541126 0.643473 0.735414 0.815463 0.882325 0.934919 0.972394 0.994145 0.99982 0.989326 0.962834 0.920772 0.863821 0.7929 0.709158 0.613947 0.357084 0.472738 0.580748 0.679366 0.766998 0.842227 0.903836 0.950829 0.982447 0.998177 0.997766 0.98122 0.948806 0.90105 0.838723 0.762832 0.674606 0.575471 0.46703 0.351037 0.229367 0.103987 -0.0230733 -0.149761
17.255 -0.551765 -0.441462 -0.324021 -0.20134 -0.0754026 0.0517537 0.178073 0.301513 0.420077 0.531848 0.635018 0.72792 0.80905 0.877097 0.930961 0.96977 0.992897 0.999968 0.990868 0.965745 0.925005 0.869307 0.799551 0.716866 0.224958 0.346794 0.463022 0.571763 0.671257 0.759897 0.836249 0.899077 0.947367 0.980336 0.997453 0.99844 0.983281 0.952222 0.905764 0.844659 0.769895 0.682681 0.584427 0.476723 0.361309 0.240053 0.114915 -0.012081
17.305 -0.66143 -0.5609 -0.4513 -0.334402 -0.212096 -0.0863605 0.0407715 0.167244 0.291012 0.410075 0.522506 0.626487 0.720338 0.80254 0.871764 0.926891 0.967029 0.991529 0.999995 0.992291 0.96854 0.929127 0.874689 0.806106 0.0885384 0.214232 0.336461 0.45325 0.562709 0.663068 0.752705 0.83017 0.89421 0.94379 0.978108 0.996609 0.998993 0.985224 0.955522 0.910368 0.850493 0.776864 0.690673 0.593313 0.486358 0.371539 0.250711 0.125829
17.355 -0.758474 -0.669635 -0.569968 -0.461083 -0.344742 -0.222827 -0.097308 0.0297844 0.156395 0.280477 0.400023 0.5131 0.61788 0.712669 0.795932 0.866325 0.922708 0.964171 0.990041 0.999902 0.993593 0.971217 0.933136 0.879964 -0.0495702 0.0775825 0.203481 0.326088 0.443423 0.553587 0.654798 0.745421 0.82399 0.889234 0.940099 0.975761 0.995644 0.999426 0.987047 0.958706 0.914862 0.856224 0.78374 0.698581 0.602127 0.495935 0.381723 0.261339
17.405 -0.841046 -0.765593 -0.67776 -0.578966 -0.470811 -0.355041 -0.233531 -0.108244 0.0187937 0.145527 0.269907 0.389923 0.503633 0.609199 0.704914 0.789229 0.860782 0.918415 0.961196 0.988434 0.999688 0.994776 0.973777 0.937032 -0.186733 -0.0605475 0.0666171 0.192705 0.315676 0.433542 0.544398 0.64645 0.738048 0.817711 0.884152 0.936294 0.973296 0.994559 0.999738 0.988751 0.961775 0.919246 0.861852 0.79052 0.706406 0.610868 0.505451 0.391861
17.455 -0.907569 -0.846942 -0.772619 -0.685802 -0.587895 -0.480481 -0.365297 -0.244206 -0.119166 0.00780075 0.134642 0.259305 0.379776 0.494105 0.600444 0.697073 0.78243 0.855134 0.91401 0.958105 0.986707 0.999353 0.995838 0.976219 -0.320333 -0.197522 -0.0715174 0.0556438 0.181905 0.305225 0.423609 0.535143 0.638023 0.730585 0.811334 0.878962 0.932376 0.970713 0.993353 0.999929 0.990336 0.964727 0.923518 0.867375 0.797206 0.714144 0.619535 0.514907
17.505 -0.956775 -0.912131 -0.852736 -0.779552 -0.693762 -0.596753 -0.490094 -0.375509 -0.254853 -0.130075 -0.00319315 0.12374 0.248672 0.369583 0.484517 0.591616 0.689148 0.775536 0.849383 0.909494 0.954898 0.984861 0.998897 0.99678 -0.44782 -0.330728 -0.208287 -0.0824787 0.0446637 0.171084 0.294737 0.413625 0.525823 0.629519 0.723034 0.804858 0.873666 0.928346 0.968014 0.992028 1 0.991801 0.967563 0.927679 0.872794 0.803794 0.721797 0.628127
17.555 -0.987725 -0.959915 -0.916582 -0.858427 -0.786391 -0.701638 -0.605539 -0.499647 -0.385676 -0.265468 -0.140967 -0.0141867 0.112823 0.238009 0.359345 0.474871 0.582717 0.68114 0.768549 0.84353 0.904869 0.951576 0.982895 0.99832 -0.566762 -0.457623 -0.341083 -0.219027 -0.0934301 0.0336782 0.160242 0.284214 0.40359 0.51644 0.620939 0.715396 0.798285 0.868264 0.924203 0.965197 0.990582 0.999949 0.993146 0.970282 0.931728 0.878107 0.810286 0.729362
17.605 -0.999827 -0.989382 -0.962938 -0.920922 -0.864014 -0.793135 -0.709429 -0.614251 -0.50914 -0.395796 -0.276051 -0.151843 -0.0251785 0.101893 0.227316 0.349064 0.465167 0.573748 0.67305 0.761469 0.837574 0.900135 0.948139 0.980811 -0.67489 -0.575786 -0.46737 -0.351397 -0.229741 -0.10437 0.0226886 0.14938 0.273657 0.393507 0.506995 0.612284 0.707671 0.791615 0.862758 0.919949 0.962263 0.989017 0.999778 0.994371 0.972884 0.935664 0.883314 0.81668
17.655 -0.992851 -0.999971 -0.99092 -0.965845 -0.925152 -0.869497 -0.799782 -0.717134 -0.622889 -0.518571 -0.405868 -0.286601 -0.1627 -0.0361672 0.0909501 0.216597 0.338741 0.455407 0.564709 0.664879 0.754297 0.831517 0.895291 0.944587 -0.77014 -0.682962 -0.584739 -0.477061 -0.361668 -0.240427 -0.115298 0.0116963 0.138501 0.263066 0.383377 0.497488 0.603555 0.699861 0.78485 0.857147 0.915583 0.959214 0.987333 0.999485 0.995475 0.975368 0.939487 0.888414
17.705 -0.966931 -0.991479 -0.999994 -0.992338 -0.968636 -0.929269 -0.874875 -0.806333 -0.724753 -0.631452 -0.52794 -0.415891 -0.297116 -0.173537 -0.0471516 0.0799964 0.205851 0.328376 0.445592 0.555601 0.656627 0.747033 0.82536 0.89034 -0.850695 -0.777106 -0.690951 -0.593622 -0.486694 -0.371896 -0.251084 -0.126211 0.000702559 0.127605 0.252443 0.3732 0.487921 0.594753 0.691966 0.77799 0.851433 0.911107 0.956048 0.985529 0.999072 0.99646 0.977734 0.943197
17.755 -0.92256 -0.964069 -0.989987 -0.999897 -0.993637 -0.971309 -0.933274 -0.880147 -0.812787 -0.732284 -0.639939 -0.537245 -0.425864 -0.307596 -0.184354 -0.0581303 0.069033 0.19508 0.317972 0.435723 0.546427 0.648295 0.73968 0.819103 -0.915017 -0.856423 -0.783978 -0.698857 -0.602434 -0.496269 -0.382079 -0.26171 -0.137109 -0.0102913 0.116693 0.241791 0.362978 0.478296 0.585879 0.683988 0.771036 0.845615 0.906521 0.952767 0.983605 0.998538 0.997324 0.979982
17.805 -0.860586 -0.918262 -0.96109 -0.988375 -0.999678 -0.994815 -0.973865 -0.937166 -0.885312 -0.819143 -0.739726 -0.648348 -0.546485 -0.435785 -0.318038 -0.195148 -0.069102 0.0580613 0.184286 0.30753 0.425801 0.537187 0.639885 0.732237 -0.96188 -0.919397 -0.862047 -0.790756 -0.706678 -0.611172 -0.505783 -0.392215 -0.272305 -0.147991 -0.0212838 0.105767 0.231108 0.352712 0.468612 0.576934 0.675926 0.763988 0.839696 0.901825 0.94937 0.981563 0.997884 0.998067
17.855 -0.78219 -0.854935 -0.913854 -0.957995 -0.986644 -0.999339 -0.995873 -0.976303 -0.940945 -0.890371 -0.825399 -0.747079 -0.656679 -0.555659 -0.445654 -0.328442 -0.205918 -0.0800653 0.0470825 0.173469 0.29705 0.415828 0.527881 0.631398 -0.990389 -0.964828 -0.923666 -0.867566 -0.797438 -0.714414 -0.619837 -0.515237 -0.402304 -0.282867 -0.158855 -0.0322738 0.0948289 0.220398 0.342403 0.458872 0.567919 0.667783 0.756849 0.833675 0.89702 0.945859 0.979403 0.997109
17.905 -0.68887 -0.775293 -0.84918 -0.909334 -0.954784 -0.984794 -0.998879 -0.996811 -0.978623 -0.94461 -0.895322 -0.831556 -0.754342 -0.66493 -0.564766 -0.455468 -0.338806 -0.216664 -0.091019 0.0360981 0.162631 0.286535 0.405805 0.518512 -1 -0.99185 -0.96766 -0.927823 -0.872981 -0.804023 -0.722063 -0.628426 -0.524628 -0.412345 -0.293394 -0.169699 -0.0432599 0.083879 0.209661 0.332054 0.449076 0.558836 0.65956 0.749618 0.827553 0.892107 0.942234 0.977124
17.955 -0.582404 -0.680859 -0.768303 -0.843323 -0.904705 -0.951458 -0.982824 -0.998298 -0.997628 -0.980825 -0.948161 -0.900165 -0.837612 -0.761514 -0.673101 -0.573804 -0.465228 -0.349129 -0.227384 -0.101962 0.0251093 0.151774 0.275985 0.395732 -0.99053 -0.999945 -0.99319 -0.970375 -0.931868 -0.878291 -0.810511 -0.729625 -0.63694 -0.533955 -0.422336 -0.303887 -0.180523 -0.0542408 0.0729189 0.198899 0.321663 0.439226 0.549686 0.651256 0.742296 0.821331 0.887085 0.938494
18.005 -0.464826 -0.573432 -0.672766 -0.761219 -0.837364 -0.899967 -0.948017 -0.980736 -0.997596 -0.998324 -0.982908 -0.951598 -0.904899 -0.843567 -0.768593 -0.681191 -0.582773 -0.474932 -0.35941 -0.238076 -0.112892 0.0141175 0.140899 0.265401 -0.962159 -0.98896 -0.999769 -0.994411 -0.972972 -0.9358 -0.883494 -0.816902 -0.737099 -0.645377 -0.543218 -0.432275 -0.314342 -0.191326 -0.0652151 0.06195 0.188113 0.311235 0.429323 0.540469 0.642874 0.734884 0.81501 0.881957
18.055 -0.338379 -0.455064 -0.564391 -0.664591 -0.754044 -0.831303 -0.89512 -0.944461 -0.97853 -0.996774 -0.9989 -0.984873 -0.954919 -0.909523 -0.84942 -0.77558 -0.689199 -0.591672 -0.484578 -0.369647 -0.248739 -0.123809 0.00312397 0.130006 -0.915429 -0.959105 -0.987271 -0.999473 -0.995512 -0.975452 -0.939619 -0.888591 -0.823193 -0.744484 -0.653736 -0.552416 -0.442163 -0.32476 -0.202105 -0.0761815 0.0509736 0.177304 0.300768 0.419368 0.531186 0.634415 0.727384 0.808591
18.105 -0.205474 -0.328013 -0.445247 -0.555282 -0.656336 -0.746778 -0.825143 -0.890164 -0.940791 -0.976204 -0.995832 -0.999355 -0.986718 -0.958125 -0.914038 -0.85517 -0.782473 -0.697123 -0.600499 -0.494165 -0.37984 -0.259372 -0.13471 -0.00786993 -0.851231 -0.910948 -0.955935 -0.985463 -0.999056 -0.996492 -0.977814 -0.943324 -0.89358 -0.829385 -0.751779 -0.662015 -0.561547 -0.451997 -0.335138 -0.212859 -0.0871387 0.039991 0.166474 0.290265 0.409362 0.521839 0.625878 0.719796
18.155 -0.0686491 -0.194703 -0.317608 -0.435376 -0.546105 -0.648002 -0.739421 -0.818882 -0.885101 -0.937008 -0.973761 -0.994769 -0.99969 -0.988444 -0.961215 -0.918442 -0.860817 -0.789271 -0.704963 -0.609254 -0.503693 -0.389987 -0.269974 -0.145596 -0.770791 -0.84541 -0.906358 -0.95265 -0.983536 -0.998517 -0.997352 -0.980058 -0.946916 -0.898461 -0.835477 -0.758983 -0.670215 -0.570609 -0.461776 -0.345476 -0.223588 -0.0980854 0.0290036 0.155624 0.279727 0.399307 0.51243 0.617266
18.205 0.0694858 -0.0576772 -0.183907 -0.307164 -0.425453 -0.536862 -0.63959 -0.731975 -0.812523 -0.879931 -0.933111 -0.971201 -0.993586 -0.999903 -0.990051 -0.964189 -0.922735 -0.86636 -0.795974 -0.712717 -0.617935 -0.51316 -0.400086 -0.280543 -0.675643 -0.76374 -0.839487 -0.901658 -0.949249 -0.98149 -0.997859 -0.998091 -0.982184 -0.950393 -0.903234 -0.841468 -0.766095 -0.678334 -0.579603 -0.4715 -0.355772 -0.23429 -0.10902 0.0180127 0.144754 0.269155 0.389204 0.502958
18.255 0.206295 0.0804488 -0.0466982 -0.17309 -0.296683 -0.415478 -0.527555 -0.6311 -0.72444 -0.806065 -0.874655 -0.929101 -0.968523 -0.992282 -0.999996 -0.991538 -0.967047 -0.926917 -0.871798 -0.802581 -0.720386 -0.626541 -0.522565 -0.410138 -0.567603 -0.667497 -0.756597 -0.833462 -0.89685 -0.945734 -0.979325 -0.997079 -0.99871 -0.98419 -0.953755 -0.907897 -0.847357 -0.773115 -0.686371 -0.588527 -0.481166 -0.366025 -0.244964 -0.119942 0.00701964 0.133868 0.258551 0.379053
18.305 0.339168 0.21704 0.0914021 -0.0357136 -0.162252 -0.286166 -0.405453 -0.518183 -0.622534 -0.716818 -0.79951 -0.869273 -0.924979 -0.965728 -0.990859 -0.999967 -0.992905 -0.969787 -0.930986 -0.877131 -0.809091 -0.727967 -0.635072 -0.531906 -0.448732 -0.558517 -0.659271 -0.749363 -0.827337 -0.891933 -0.942105 -0.977042 -0.996179 -0.999208 -0.986078 -0.957002 -0.912451 -0.853144 -0.780041 -0.694324 -0.59738 -0.490775 -0.376233 -0.255608 -0.130849 -0.00397429 0.122965 0.247915
18.355 0.465569 0.349489 0.227758 0.102344 -0.0247247 -0.151394 -0.275615 -0.395379 -0.508749 -0.613893 -0.709109 -0.792858 -0.863786 -0.920745 -0.962816 -0.989316 -0.999818 -0.994153 -0.97241 -0.934943 -0.882357 -0.815503 -0.735461 -0.643525 -0.321299 -0.43888 -0.549364 -0.650964 -0.742038 -0.821112 -0.886908 -0.938361 -0.974641 -0.995159 -0.999585 -0.987846 -0.960133 -0.916894 -0.858828 -0.786873 -0.702194 -0.60616 -0.500324 -0.386397 -0.266221 -0.14174 -0.0149677 0.112047
18.405 0.583086 0.47527 0.359769 0.238449 0.113274 -0.0137328 -0.140518 -0.26503 -0.385257 -0.499254 -0.605177 -0.701314 -0.78611 -0.858194 -0.9164 -0.959787 -0.987654 -0.999549 -0.99528 -0.974916 -0.938787 -0.887478 -0.821816 -0.742865 -0.187735 -0.310869 -0.428975 -0.540145 -0.64258 -0.734623 -0.814787 -0.881776 -0.934504 -0.972122 -0.994019 -0.999841 -0.989495 -0.963149 -0.921227 -0.864408 -0.79361 -0.709979 -0.614867 -0.509812 -0.396513 -0.276802 -0.152615 -0.0259594
18.455 0.689477 0.591982 0.484914 0.370005 0.249112 0.12419 -0.00273921 -0.129624 -0.254414 -0.375089 -0.489698 -0.596389 -0.693435 -0.779268 -0.852499 -0.911945 -0.956643 -0.985872 -0.999158 -0.996287 -0.977304 -0.942518 -0.89249 -0.82803 -0.0505893 -0.176926 -0.300401 -0.419019 -0.53086 -0.634117 -0.72712 -0.808364 -0.876537 -0.930535 -0.969485 -0.992758 -0.999977 -0.991025 -0.966047 -0.925448 -0.869883 -0.800251 -0.717678 -0.6235 -0.519239 -0.406582 -0.287349 -0.16347
18.505 0.782713 0.697399 0.600807 0.4945 0.380196 0.259744 0.135092 0.00825469 -0.118716 -0.243766 -0.364875 -0.480083 -0.587528 -0.685472 -0.772331 -0.846701 -0.907379 -0.953383 -0.983971 -0.998646 -0.997173 -0.979574 -0.946135 -0.897395 0.087522 -0.0396065 -0.166095 -0.289897 -0.409011 -0.521511 -0.625578 -0.719529 -0.801844 -0.871192 -0.926453 -0.966731 -0.991377 -0.999991 -0.992435 -0.968829 -0.929557 -0.875253 -0.806795 -0.725291 -0.632058 -0.528603 -0.416601 -0.297862
18.555 0.861013 0.789508 0.705235 0.609559 0.504025 0.390341 0.270345 0.145976 0.0192476 -0.107792 -0.233089 -0.354617 -0.47041 -0.578596 -0.677426 -0.765301 -0.8408 -0.902703 -0.950008 -0.981951 -0.998014 -0.997939 -0.981726 -0.949637 0.223963 0.0984683 -0.028619 -0.155244 -0.279358 -0.398954 -0.512099 -0.616963 -0.71185 -0.795226 -0.865742 -0.922258 -0.963861 -0.989877 -0.999885 -0.993724 -0.971494 -0.933554 -0.880517 -0.813242 -0.732816 -0.640539 -0.537904 -0.42657
18.605 0.922883 0.866552 0.796207 0.712987 0.618237 0.51349 0.400439 0.280913 0.156844 0.0302382 -0.0968562 -0.222384 -0.344316 -0.46068 -0.569595 -0.669298 -0.758178 -0.834798 -0.897918 -0.946518 -0.979812 -0.997261 -0.998584 -0.983758 0.356131 0.234664 0.109403 -0.017628 -0.144374 -0.268785 -0.388849 -0.502626 -0.608274 -0.704086 -0.788512 -0.860188 -0.917953 -0.960874 -0.988256 -0.999658 -0.994894 -0.974042 -0.937438 -0.885675 -0.81959 -0.740252 -0.648942 -0.547139
18.655 0.967144 0.927061 0.871986 0.802811 0.720653 0.626841 0.522893 0.410489 0.291447 0.167692 0.0412251 -0.0859083 -0.211652 -0.333974 -0.450895 -0.560524 -0.661089 -0.750964 -0.828695 -0.893025 -0.942914 -0.977555 -0.996388 -0.999108 0.481503 0.366383 0.245337 0.120324 -0.00663488 -0.133486 -0.258179 -0.378697 -0.493091 -0.599511 -0.696237 -0.781703 -0.854529 -0.913536 -0.957771 -0.986517 -0.99931 -0.995944 -0.976472 -0.941209 -0.890726 -0.82584 -0.747598 -0.657268
18.705 0.992951 0.969881 0.931127 0.877315 0.809317 0.728231 0.635369 0.532232 0.420489 0.301946 0.17852 0.052207 -0.07495 -0.200895 -0.323591 -0.441055 -0.551386 -0.652801 -0.743659 -0.822492 -0.888024 -0.939195 -0.97518 -0.995394 0.597688 0.49111 0.37659 0.25598 0.131231 0.00435905 -0.122583 -0.247543 -0.368499 -0.483497 -0.590676 -0.688303 -0.7748 -0.848767 -0.909009 -0.954552 -0.984658 -0.998841 -0.996873 -0.978783 -0.944866 -0.89567 -0.831989 -0.754855
18.755 0.999811 0.994194 0.9725 0.93508 0.882538 0.815725 0.735721 0.64382 0.541507 0.430438 0.312408 0.189326 0.0631826 -0.0639826 -0.190113 -0.313169 -0.431161 -0.542181 -0.644433 -0.736264 -0.816189 -0.882915 -0.935364 -0.972687 0.702468 0.606466 0.500657 0.386751 0.266592 0.142121 0.0153525 -0.111665 -0.236876 -0.358257 -0.473844 -0.581769 -0.680286 -0.767803 -0.842903 -0.904372 -0.951217 -0.98268 -0.998252 -0.997681 -0.980977 -0.948409 -0.900505 -0.838038
18.805 0.987593 0.999537 0.995317 0.975002 0.93892 0.887655 0.822035 0.743123 0.652193 0.550717 0.440335 0.322833 0.20011 0.0741506 -0.0530075 -0.179308 -0.30271 -0.421216 -0.532911 -0.635988 -0.72878 -0.809787 -0.8777 -0.931419 0.793844 0.71025 0.615171 0.510143 0.396866 0.277172 0.152995 0.026344 -0.100733 -0.226181 -0.347971 -0.464134 -0.572792 -0.672187 -0.760713 -0.836936 -0.899626 -0.947768 -0.980583 -0.997542 -0.998369 -0.983052 -0.951837 -0.905231
18.855 0.956531 0.985807 0.999142 0.99632 0.977386 0.942647 0.892664 0.828246 0.750434 0.660488 0.55986 0.450179 0.333218 0.210869 0.0851096 -0.0420259 -0.168482 -0.292213 -0.41122 -0.523576 -0.627465 -0.721208 -0.803288 -0.872378 0.870073 0.800482 0.717946 0.623801 0.519568 0.406933 0.287718 0.16385 0.0373324 -0.0897889 -0.215458 -0.337643 -0.454369 -0.563746 -0.664007 -0.753531 -0.830869 -0.894771 -0.944204 -0.978368 -0.996711 -0.998936 -0.985008 -0.955151
18.905 0.907217 0.953267 0.983902 0.998626 0.997202 0.979651 0.946259 0.897565 0.834356 0.757655 0.668702 0.568936 0.459969 0.343564 0.221603 0.0960584 -0.0310394 -0.157635 -0.281682 -0.401173 -0.514178 -0.618867 -0.713549 -0.796692 0.929699 0.875439 0.807023 0.725556 0.632356 0.52893 0.416951 0.298229 0.174685 0.0483162 -0.0788341 -0.20471 -0.327275 -0.444548 -0.554632 -0.655747 -0.746258 -0.824701 -0.889808 -0.940526 -0.976035 -0.99576 -0.999383 -0.986845
18.955 0.840592 0.902537 0.949888 0.981878 0.99799 0.997963 0.981799 0.949758 0.902358 0.840366 0.764785 0.676836 0.577942 0.469703 0.353867 0.23231 0.106996 -0.020049 -0.146769 -0.271116 -0.391079 -0.504717 -0.610194 -0.705803 0.971585 0.933692 0.8807 0.813466 0.733077 0.640834 0.538228 0.426918 0.308705 0.185499 0.0592942 -0.0678698 -0.193936 -0.316867 -0.434673 -0.54545 -0.647407 -0.738895 -0.818434 -0.884738 -0.936734 -0.973583 -0.994689 -0.999709
19.005 0.757927 0.834586 0.897749 0.946394 0.979735 0.997233 0.998604 0.983827 0.953141 0.907041 0.846274 0.771822 0.684888 0.586879 0.47938 0.364128 0.242989 0.11792 -0.00905623 -0.135886 -0.260518 -0.380937 -0.495196 -0.601447 0.994933 0.974129 0.937572 0.885854 0.819811 0.74051 0.649235 0.547461 0.436834 0.319143 0.196291 0.0702651 -0.0568973 -0.18314 -0.30642 -0.424746 -0.536203 -0.638989 -0.731442 -0.812067 -0.87956 -0.93283 -0.971014 -0.993497
19.055 0.660801 0.75071 0.828479 0.892852 0.942786 0.977474 0.996355 0.999125 0.985737 0.956409 0.911615 0.85208 0.778765 0.692857 0.595745 0.488999 0.374345 0.253638 0.12883 0.00193764 -0.124986 -0.249888 -0.370749 -0.485615 0.999296 0.995978 0.976554 0.941339 0.890901 0.826057 0.747854 0.657558 0.556628 0.446697 0.329543 0.207059 0.0812274 -0.0459179 -0.172321 -0.295937 -0.414767 -0.526891 -0.630494 -0.723901 -0.805602 -0.874276 -0.928812 -0.968328
19.105 0.551065 0.652509 0.743402 0.822273 0.887847 0.939063 0.975094 0.995357 0.999524 0.987528 0.959562 0.916079 0.857783 0.785615 0.700743 0.604539 0.498559 0.384517 0.264257 0.139724 0.0129313 -0.114071 -0.239228 -0.360516 0.984591 0.998823 0.996903 0.978862 0.944992 0.895841 0.832203 0.755107 0.665801 0.565728 0.456506 0.339902 0.217802 0.09218 -0.0349329 -0.161481 -0.285418 -0.404739 -0.517515 -0.621922 -0.716273 -0.79904 -0.868887 -0.924682
19.155 0.430814 0.541858 0.644139 0.736004 0.815966 0.882734 0.935228 0.972597 0.994239 0.999803 0.989199 0.962599 0.920432 0.863382 0.792369 0.708543 0.61326 0.508059 0.394643 0.274844 0.150602 0.0239233 -0.103142 -0.228539 0.951098 0.982609 0.998229 0.997707 0.981051 0.948531 0.900672 0.838248 0.762269 0.673963 0.574759 0.46626 0.350221 0.228519 0.103121 -0.0239438 -0.150622 -0.274864 -0.394661 -0.508077 -0.613276 -0.708558 -0.792382 -0.863392
19.205 0.302343 0.420867 0.532585 0.635691 0.728517 0.809562 0.877515 0.931279 0.969982 0.993 0.999961 0.990751 0.965519 0.924674 0.868876 0.799028 0.716259 0.621906 0.517498 0.40472 0.285398 0.161461 0.0349125 -0.0922003 0.899458 0.947645 0.980508 0.997515 0.998391 0.983122 0.951955 0.905394 0.844192 0.769339 0.682044 0.58372 0.475957 0.360497 0.239208 0.11405 -0.0129517 -0.139744 -0.264277 -0.384536 -0.498577 -0.604555 -0.700757 -0.785627
19.255 0.168103 0.291845 0.410869 0.523248 0.627166 0.720941 0.803059 0.87219 0.927217 0.96725 0.991642 0.999998 0.992183 0.968323 0.928804 0.874266 0.80559 0.723887 0.630478 0.526873 0.414749 0.295917 0.172301 0.0458975 0.830655 0.894599 0.944077 0.978289 0.99668 0.998954 0.985074 0.955264 0.910007 0.850034 0.776315 0.690043 0.592612 0.485597 0.37073 0.249868 0.124965 -0.00195807 -0.12885 -0.253658 -0.374364 -0.489017 -0.595761 -0.692872
19.305 0.0306548 0.157255 0.281313 0.400821 0.513848 0.618565 0.713279 0.796459 0.86676 0.923044 0.964401 0.990164 0.999914 0.993495 0.971009 0.932822 0.87955 0.812055 0.731428 0.638973 0.536186 0.424727 0.306401 0.183119 0.746002 0.824483 0.889632 0.940395 0.975951 0.995725 0.999396 0.986907 0.958458 0.91451 0.855774 0.783198 0.697958 0.601431 0.495178 0.380918 0.260498 0.135865 0.00903579 -0.11794 -0.243009 -0.364147 -0.479398 -0.586896
19.355 -0.107378 0.0196643 0.146389 0.270746 0.390725 0.504385 0.609889 0.705531 0.789763 0.861224 0.918759 0.961436 0.988566 0.999709 0.994686 0.973579 0.936727 0.884728 0.818422 0.738881 0.647391 0.545433 0.434655 0.316847 0.647114 0.738635 0.818212 0.884558 0.9366 0.973495 0.994649 0.999718 0.98862 0.961536 0.918903 0.86141 0.789987 0.705789 0.610178 0.5047 0.39106 0.271097 0.146749 0.0200286 -0.107016 -0.23233 -0.353887 -0.469721
19.405 -0.243362 -0.118302 0.00867148 0.135505 0.260146 0.380581 0.494862 0.60114 0.697697 0.782972 0.855585 0.914363 0.958354 0.986848 0.999384 0.995758 0.97603 0.940519 0.889799 0.82469 0.746244 0.655731 0.554615 0.444529 0.535878 0.638693 0.73118 0.811842 0.879377 0.932691 0.970922 0.993453 0.999919 0.990214 0.964498 0.923184 0.866941 0.79668 0.713535 0.618851 0.51416 0.401155 0.281662 0.157615 0.0310189 -0.0960787 -0.221623 -0.343583
19.455 -0.374702 -0.254011 -0.129211 -0.0023224 0.124604 0.249515 0.370392 0.485279 0.592318 0.689779 0.776086 0.849842 0.909856 0.955157 0.985011 0.998937 0.99671 0.978364 0.944197 0.894762 0.830858 0.753517 0.663992 0.563729 0.414417 0.526564 0.630195 0.723636 0.805374 0.874089 0.928669 0.968232 0.992137 0.999998 0.991689 0.967343 0.927354 0.872368 0.803276 0.721194 0.627449 0.523558 0.411201 0.292194 0.168462 0.0420055 -0.08513 -0.210889
19.505 -0.498893 -0.384872 -0.264628 -0.140105 -0.013316 0.113688 0.238854 0.360158 0.475637 0.583425 0.681778 0.769106 0.843997 0.90524 0.951844 0.983055 0.99837 0.99754 0.980579 0.947761 0.899617 0.836925 0.760699 0.672172 0.285049 0.404387 0.517186 0.621621 0.716004 0.798809 0.868696 0.924535 0.965424 0.990701 0.999957 0.993043 0.970071 0.931411 0.87769 0.809775 0.728766 0.635972 0.532893 0.421197 0.30269 0.179288 0.0529871 -0.074171
19.555 -0.613564 -0.50839 -0.394996 -0.275214 -0.150982 -0.024308 0.102759 0.228164 0.34988 0.465937 0.574461 0.673694 0.762033 0.838049 0.900514 0.948416 0.980981 0.997683 0.998251 0.982676 0.951211 0.904364 0.842892 0.76779 0.150241 0.274494 0.394308 0.507745 0.612972 0.708286 0.792147 0.863198 0.92029 0.9625 0.989145 0.999796 0.994278 0.972682 0.935356 0.882905 0.816177 0.73625 0.644417 0.542164 0.431143 0.31315 0.190093 0.0639622
19.605 -0.716527 -0.622208 -0.517827 -0.405072 -0.285767 -0.16184 -0.0352971 0.0918172 0.217447 0.33956 0.456182 0.565427 0.665529 0.754868 0.832001 0.895679 0.944873 0.978788 0.996874 0.99884 0.984654 0.954545 0.909001 0.848756 0.012567 0.139363 0.263906 0.384181 0.498243 0.604249 0.700483 0.785389 0.857595 0.915933 0.959459 0.98747 0.999513 0.995392 0.975175 0.939188 0.888014 0.82248 0.743645 0.652785 0.551369 0.441036 0.323572 0.200875
19.655 -0.805818 -0.724153 -0.630777 -0.5272 -0.415099 -0.296285 -0.17268 -0.0462818 0.0808643 0.206703 0.329199 0.446371 0.556325 0.657283 0.747612 0.825851 0.890736 0.941216 0.976476 0.995945 0.999309 0.986513 0.957765 0.913528 -0.125347 0.00157331 0.128468 0.253286 0.374008 0.488681 0.595452 0.692594 0.778537 0.851889 0.911466 0.956303 0.985676 0.999109 0.996386 0.977551 0.942907 0.893016 0.828683 0.75095 0.661074 0.560507 0.450876 0.333955
19.705 -0.879733 -0.81228 -0.731691 -0.639269 -0.53651 -0.425076 -0.306767 -0.183498 -0.057261 0.0699016 0.195934 0.318798 0.436506 0.547156 0.648958 0.740265 0.819602 0.885685 0.937445 0.974046 0.994896 0.999657 0.988253 0.960868 -0.26087 -0.136247 -0.00942054 0.117558 0.242635 0.363789 0.47906 0.586584 0.684623 0.77159 0.84608 0.906888 0.953031 0.983762 0.998585 0.99726 0.979808 0.946512 0.897909 0.834787 0.758165 0.669283 0.569578 0.460662
19.755 -0.936862 -0.884907 -0.818643 -0.73914 -0.647685 -0.545756 -0.435001 -0.317212 -0.194294 -0.0682333 0.0589305 0.185141 0.308358 0.426589 0.537921 0.640554 0.732829 0.813254 0.880527 0.933561 0.971499 0.993727 0.999885 0.989874 -0.391414 -0.271467 -0.14713 -0.0204133 0.106633 0.231955 0.353527 0.469381 0.577645 0.676568 0.76455 0.840168 0.902201 0.949643 0.981729 0.99794 0.998013 0.981947 0.950002 0.902694 0.840789 0.765288 0.677411 0.57858
19.805 -0.976114 -0.94065 -0.889974 -0.824907 -0.7465 -0.656022 -0.554935 -0.444874 -0.327619 -0.205066 -0.0791973 0.0479523 0.174327 0.297882 0.41662 0.528621 0.632073 0.725305 0.806807 0.875263 0.929565 0.968834 0.992437 0.999991 -0.51449 -0.401507 -0.282031 -0.157995 -0.0314035 0.0956957 0.221247 0.343221 0.459645 0.568636 0.668431 0.757418 0.834156 0.897404 0.946141 0.979578 0.997174 0.998645 0.983967 0.953377 0.90737 0.84669 0.772318 0.685457
19.855 -0.996741 -0.978444 -0.944324 -0.894934 -0.831072 -0.75377 -0.66428 -0.564047 -0.454693 -0.337986 -0.215814 -0.0901518 0.0369683 0.163491 0.287369 0.4066 0.519257 0.623516 0.717693 0.800263 0.869893 0.925456 0.966053 0.991028 -0.627749 -0.523886 -0.411552 -0.292562 -0.168841 -0.04239 0.0847466 0.210513 0.332875 0.449854 0.559558 0.660214 0.750194 0.828042 0.8925 0.942525 0.977309 0.996288 0.999157 0.985868 0.956637 0.911936 0.852488 0.779255
19.905 -0.998348 -0.997567 -0.980655 -0.947884 -0.899785 -0.837136 -0.760949 -0.672457 -0.573091 -0.464457 -0.348313 -0.226536 -0.101095 0.0259798 0.152635 0.276822 0.396532 0.50983 0.614883 0.709994 0.793623 0.864418 0.921235 0.963154 -0.72903 -0.636269 -0.533219 -0.421546 -0.303057 -0.179667 -0.0533713 0.0737873 0.199753 0.322488 0.440008 0.550413 0.651917 0.742879 0.821828 0.887487 0.938795 0.974921 0.995282 0.999548 0.98765 0.959782 0.916392 0.858184
19.955 -0.980906 -0.997656 -0.998273 -0.982747 -0.95133 -0.904528 -0.843099 -0.768036 -0.680553 -0.582066 -0.474165 -0.358597 -0.23723 -0.112027 0.0149882 0.141761 0.266241 0.386415 0.500341 0.606176 0.702209 0.786886 0.858838 0.916902 -0.816399 -0.73651 -0.644712 -0.542487 -0.43149 -0.313515 -0.190471 -0.0643462 0.062819 0.188968 0.312062 0.430109 0.541201 0.643541 0.735475 0.815515 0.882367 0.934951 0.972415 0.994155 0.999818 0.989313 0.96281 0.920737
