10.005 -4.52286 -6.44754 -5.03751 -3.0868 -0.869023 1.29789 2.81465 3.38973 4.1291 4.96888 5.22032 4.7212 3.50399 1.73742 -0.339501 -2.51475 -4.65568 -5.00676 -3.39424 -3.59113 -4.88252 -5.79652 -6.23289
10.055 -4.34651 -6.57896 -5.53708 -3.82386 -1.71001 0.503282 2.42952 3.22156 3.70337 4.59482 5.14004 4.99034 4.09199 2.55532 0.600777 -1.52876 -3.65221 -5.43498 -4.23737 -3.19464 -4.56696 -5.86655 -6.74344
10.105 -4.04896 -6.55142 -5.91338 -4.48749 -2.53578 -0.349129 1.7396 3.0756 3.47386 4.13545 4.91639 5.11315 4.56254 3.30144 1.50651 -0.577555 -2.73835 -4.86747 -5.05765 -3.57457 -4.11448 -5.70755 -7.01814
10.155 -3.63248 -6.35522 -6.14934 -5.059 -3.32694 -1.22821 0.926129 2.73587 3.34464 3.72512 4.57909 5.078 4.88074 3.93691 2.36535 0.396072 -1.72333 -3.82866 -5.56822 -4.44739 -3.68226 -5.39813 -7.07909
10.205 -3.10736 -5.98776 -6.22817 -5.51057 -4.04766 -2.09328 0.0554295 2.06255 3.2361 3.51667 4.14885 4.89241 5.04719 4.45345 3.15545 1.33986 -0.744288 -2.90225 -5.08871 -5.24614 -4.0086 -4.94752 -6.88996
10.255 -2.48852 -5.44812 -6.13459 -5.82051 -4.67622 -2.92598 -0.847512 1.24599 2.94912 3.41951 3.7488 4.58788 5.05281 4.81526 3.83124 2.2298 0.248631 -1.87448 -4.02194 -5.81704 -4.88368 -4.43939 -6.51755
10.305 -1.79331 -4.74858 -5.86847 -5.97608 -5.18832 -3.69185 -1.73874 0.371279 2.30744 3.34308 3.5527 4.18525 4.90193 5.01995 4.38583 3.05317 1.2177 -0.877467 -3.07524 -5.40822 -5.65607 -4.68028 -6.01118
10.355 -1.06338 -3.90973 -5.42925 -5.95984 -5.55892 -4.36689 -2.60177 -0.543895 1.49757 3.11036 3.48133 3.79274 4.62698 5.06285 4.78662 3.76264 2.1294 0.123377 -2.04499 -4.32161 -6.2362 -5.52473 -5.40172
10.405 -0.341553 -2.95443 -4.83276 -5.77421 -5.77832 -4.92924 -3.40249 -1.45085 0.627504 2.50936 3.43172 3.60285 4.2513 4.94416 5.0248 4.34751 2.97532 1.10749 -1.03042 -3.32735 -5.88149 -6.28399 -5.52222
10.455 0.205317 -1.91323 -4.10168 -5.41761 -5.82746 -5.35177 -4.11594 -2.33615 -0.293456 1.70968 3.25105 3.55229 3.86468 4.6962 5.10244 4.78414 3.71448 2.03757 -0.0212778 -2.28866 -4.77621 -6.84753 -6.30693
10.505 0.411291 -0.867749 -3.25693 -4.90165 -5.70735 -5.62483 -4.7202 -3.16392 -1.20969 0.84834 2.69666 3.52198 3.67501 4.34872 5.01539 5.05344 4.32488 2.8997 0.973761 -1.25136 -3.70715 -6.53094 -7.02572
10.555 0.45733 -0.247355 -2.25533 -4.22209 -5.40695 -5.72616 -5.1867 -3.90922 -2.11163 -0.0752807 1.90608 3.39293 3.64484 3.96674 4.79231 5.16395 4.7953 3.66698 1.92402 -0.225438 -2.6461 -5.41155 -7.51831
10.605 0.463747 0.150726 -1.29626 -3.42573 -4.94028 -5.654 -5.50304 -4.54854 -2.96175 -0.99871 1.05169 2.88527 3.63149 3.77518 4.47327 5.10941 5.09639 4.30254 2.80126 0.780333 -1.58246 -4.24244 -7.00987
10.655 0.766281 0.381465 -0.741772 -2.48598 -4.30507 -5.39695 -5.64427 -5.04833 -3.72977 -1.91023 0.129434 2.10516 3.551 3.76737 4.09974 4.90919 5.23469 4.80041 3.59284 1.75544 -0.520609 -3.12375 -5.96739
10.705 1.20392 0.668337 -0.430301 -1.6244 -3.553 -4.97 -5.60782 -5.39468 -4.39088 -2.77089 -0.793047 1.26035 3.09588 3.78196 3.90976 4.61511 5.20837 5.13032 4.25527 2.65892 0.519917 -2.00346 -4.79946
10.755 1.73935 1.25784 -0.297642 -1.18198 -2.67549 -4.37565 -5.38442 -5.56225 -4.90834 -3.54548 -1.69901 0.352682 2.33909 3.75576 3.93446 4.25829 5.02778 5.28625 4.76674 3.46206 1.51678 -0.881454 -3.54765
10.805 2.30686 1.95394 -0.0489505 -0.987076 -1.93003 -3.67227 -4.99194 -5.54936 -5.2681 -4.20945 -2.55152 -0.553217 1.51406 3.37306 4.00353 4.0787 4.75194 5.27364 5.10627 4.13407 2.44382 0.230433 -2.24294
10.855 2.86579 2.72687 0.530904 -0.981196 -1.62043 -2.85394 -4.4357 -5.35298 -5.45192 -4.73178 -3.31829 -1.43951 0.632471 2.64725 4.05087 4.14987 4.40677 5.10295 5.27137 4.65948 3.28039 1.31435 -0.914606
10.905 3.38759 3.50129 1.19562 -0.781295 -1.5446 -2.21619 -3.78054 -4.99175 -5.458 -5.09928 -3.97829 -2.27638 -0.250464 1.8442 3.7427 4.27886 4.23555 4.84154 5.27681 5.02833 4.00699 2.3504 0.412324
10.955 3.8347 4.24254 1.94699 -0.18793 -1.66769 -2.03654 -3.00737 -4.46777 -5.28653 -5.29955 -4.50645 -3.03631 -1.11906 0.982546 3.03678 4.39592 4.34774 4.50554 5.12999 5.23762 4.60716 3.31268 1.70451
11.005 4.20368 4.92889 2.70774 0.476483 -1.5186 -2.06975 -2.44666 -3.85409 -4.95505 -5.32771 -4.88834 -3.70117 -1.95112 0.107966 2.23524 4.14952 4.52691 4.33836 4.90172 5.30357 5.07111 4.17963 2.93604
11.055 4.46411 5.52003 3.45167 1.23552 -0.899078 -2.29734 -2.36989 -3.11381 -4.45919 -5.1842 -5.11454 -4.24932 -2.72164 -0.763749 1.36871 3.44531 4.69485 4.48159 4.59434 5.22331 5.38647 4.9257 4.07311
11.105 4.62062 6.01672 4.16493 2.01659 -0.201949 -2.20461 -2.49948 -2.59107 -3.87911 -4.88419 -5.17384 -4.66047 -3.41075 -1.61466 0.474479 2.61831 4.49932 4.70404 4.43991 5.06179 5.56112 5.53312 5.09005
11.155 4.65726 6.38472 4.80428 2.78972 0.582793 -1.55959 -2.80329 -2.58201 -3.16692 -4.41751 -5.06512 -4.92545 -3.99697 -2.41817 -0.425805 1.72386 3.79292 4.90619 4.61302 4.81205 5.581 5.97898 5.95632
11.205 4.57329 6.62099 5.36892 3.54793 1.40473 -0.808619 -2.77586 -2.79692 -2.65293 -3.86722 -4.80061 -5.02528 -4.45101 -3.14866 -1.31554 0.79034 2.9288 4.76114 4.87807 4.68191 5.50004 6.26178 6.65091
11.255 4.36971 6.70839 5.82315 4.24258 2.21743 0.00713234 -2.12271 -3.1583 -2.68124 -3.18496 -4.36697 -4.9569 -4.76262 -3.78323 -2.1644 -0.150332 2.00105 4.0628 5.10599 4.88519 5.31163 6.36079 7.14847
11.305 4.04201 6.6325 6.15283 4.86945 3.02486 0.875223 -1.31803 -3.20629 -2.97243 -2.66492 -3.84529 -4.73033 -4.90699 -4.28489 -2.94116 -1.08256 1.02878 3.1667 5.01359 5.18842 5.19541 6.32287 7.44934
11.355 3.60346 6.3944 6.34249 5.39358 3.77207 1.72618 -0.478803 -2.57339 -3.38008 -2.70658 -3.19702 -4.33252 -4.88009 -4.64298 -3.62282 -1.97383 0.054108 2.21551 4.33353 5.42771 5.40862 6.15301 7.53622
11.405 3.05744 5.98009 6.36724 5.79363 4.45397 2.57866 0.429173 -1.72688 -3.51473 -3.0662 -2.66331 -3.8373 -4.69058 -4.83012 -4.16818 -2.78989 -0.910045 1.21622 3.40615 5.38172 5.73267 6.00111 7.45603
11.455 2.42442 5.40502 6.23096 6.05824 5.03785 3.37238 1.31075 -0.877426 -2.92889 -3.50974 -2.70015 -3.22566 -4.32903 -4.84255 -4.5677 -3.51034 -1.83231 0.219765 2.43543 4.71104 5.96207 6.18085 7.23231
11.505 1.72698 4.67272 5.91606 6.15815 5.49759 4.10213 2.20002 0.05934 -2.05354 -3.73703 -3.11868 -2.67468 -3.85716 -4.68753 -4.79368 -4.09249 -2.67705 -0.763693 1.41632 3.74088 5.93698 6.49075 6.98189
11.555 1.00128 3.81073 5.44113 6.10017 5.82585 4.73849 3.03306 0.962334 -1.20508 -3.21901 -3.58583 -2.69318 -3.28341 -4.36127 -4.84196 -4.52706 -3.42708 -1.70713 0.401838 2.73705 5.25668 6.69007 7.07682
11.605 0.326923 2.84264 4.81092 5.86546 5.99008 5.25047 3.8031 1.87909 -0.249624 -2.32389 -3.90732 -3.15953 -2.71369 -3.90936 -4.71871 -4.78836 -4.04047 -2.57355 -0.596479 1.69328 4.22724 6.64933 7.3194
11.655 -0.160744 1.82429 4.05379 5.47091 5.99737 5.63342 4.48432 2.74352 0.666767 -1.48343 -3.47363 -3.63662 -2.70432 -3.37468 -4.42637 -4.86865 -4.50395 -3.34612 -1.55755 0.653446 3.1655 5.94715 7.43165
11.705 -0.522178 0.934984 3.17929 4.91409 5.82604 5.85155 5.0402 3.54489 1.6011 -0.518487 -2.56651 -4.05251 -3.20687 -2.78737 -3.99132 -4.77426 -4.79729 -3.98714 -2.44423 -0.365134 2.08159 4.84285 7.28529
11.755 -0.824652 0.215623 2.2796 4.2261 5.48886 5.90852 5.46601 4.26053 2.48762 0.404867 -1.7348 -3.7143 -3.69452 -2.74508 -3.49305 -4.51249 -4.90427 -4.47262 -3.23377 -1.34569 0.998858 3.6782 6.44594
11.805 -1.22053 -0.409819 1.50793 3.43633 4.99043 5.78543 5.72398 4.84675 3.30678 1.34384 -0.771786 -2.80818 -4.20438 -3.27482 -2.8931 -4.09154 -4.83355 -4.79194 -3.89837 -2.25532 -0.0533155 2.53464 5.30337
11.855 -1.70321 -1.02566 0.899625 2.6555 4.36459 5.49442 5.81676 5.29993 4.04073 2.23797 0.14935 -1.98457 -3.97175 -3.79511 -2.81577 -3.62191 -4.59695 -4.92051 -4.40222 -3.06345 -1.06445 1.39074 4.0575
11.905 -2.23056 -1.72782 0.380436 2.01822 3.65743 5.04808 5.73013 5.58216 4.63933 3.05582 1.07377 -1.04366 -3.09234 -4.39416 -3.36453 -3.02179 -4.18779 -4.86403 -4.73574 -3.74487 -2.00703 0.260807 2.7522
11.955 -2.76186 -2.47941 -0.179218 1.53757 2.99842 4.48195 5.47666 5.69718 5.10267 3.78901 1.95778 -0.13603 -2.27239 -4.29215 -3.95029 -2.8974 -3.73304 -4.64205 -4.87835 -4.26789 -2.85425 -0.840383 1.41434
12.005 -3.26542 -3.24819 -0.854476 1.12988 2.49829 3.85037 5.07691 5.64047 5.40137 4.39059 2.76342 0.761856 -1.36544 -3.45331 -4.63634 -3.45262 -3.13107 -4.24147 -4.84011 -4.63416 -3.59506 -1.8957 0.0729323
12.055 -3.71141 -3.98888 -1.58264 0.619908 2.13326 3.29624 4.56526 5.42148 5.5368 4.86228 3.49326 1.63354 -0.46861 -2.61954 -4.67199 -4.11285 -2.93869 -3.795 -4.64556 -4.82519 -4.1969 -2.87168 -1.23626
12.105 -4.0785 -4.67772 -2.34594 -0.0525243 1.82249 2.9124 3.99239 5.06361 5.51228 5.18386 4.10579 2.4349 0.410812 -1.73639 -3.8716 -4.86668 -3.47641 -3.19742 -4.27461 -4.84751 -4.66117 -3.7572 -2.49158
12.155 -4.35375 -5.28891 -3.09883 -0.788711 1.34794 2.63618 3.51295 4.59964 5.33051 5.3488 4.59834 3.1752 1.28551 -0.830238 -2.99638 -5.0241 -4.2036 -2.93304 -3.85428 -4.7221 -4.96249 -4.51 -3.64814
12.205 -4.52109 -5.79973 -3.82125 -1.57617 0.660797 2.39552 3.21146 4.07052 5.0135 5.36446 4.95723 3.81731 2.10436 0.0556465 -2.11169 -4.26414 -5.00088 -3.43601 -3.28724 -4.41801 -5.09373 -5.12058 -4.68916
12.255 -4.5775 -6.19824 -4.49039 -2.36893 -0.105028 1.94968 2.99885 3.63572 4.59254 5.22573 5.16446 4.34788 2.87504 0.956029 -1.17121 -3.32858 -5.26547 -4.22301 -2.96868 -4.0485 -5.0693 -5.55701 -5.56909
12.305 -4.51297 -6.46166 -5.07786 -3.14275 -0.929681 1.24568 2.80769 3.38678 4.09911 4.95075 5.22724 4.75578 3.56273 1.8128 -0.255376 -2.42499 -4.55992 -5.04514 -3.4366 -3.53426 -4.84754 -5.79627 -6.26903
12.355 -4.3272 -6.58124 -5.56874 -3.87496 -1.76982 0.446844 2.39657 3.22238 3.68868 4.56978 5.13502 5.0128 4.14154 2.626 0.683409 -1.44247 -3.56886 -5.40605 -4.27422 -3.18187 -4.52828 -5.85115 -6.76228
12.405 -4.02006 -6.54044 -5.93426 -4.53198 -2.59432 -0.410837 1.68852 3.07286 3.47348 4.10747 4.90106 5.12339 4.60071 3.36365 1.58488 -0.490627 -2.64671 -4.77207 -5.10431 -3.61675 -4.05744 -5.67492 -7.02015
12.455 -3.5947 -6.33102 -6.1587 -5.09523 -3.38118 -1.28975 0.869734 2.707 3.34833 3.71121 4.55661 5.07588 4.90636 3.98968 2.43909 0.481892 -1.6339 -3.74162 -5.54857 -4.4882 -3.66421 -5.35991 -7.06398
12.505 -3.06171 -5.94991 -6.22425 -5.53623 -4.09555 -2.15381 -0.00654463 2.01364 3.2364 3.51753 4.12272 4.87976 5.06058 4.49499 3.22083 1.42098 -0.655467 -2.80958 -4.9939 -5.30011 -4.04901 -4.88675 -6.85466
12.555 -2.43612 -5.39732 -6.11733 -5.83482 -4.71616 -2.98268 -0.91 1.19051 2.92382 3.42511 3.73528 4.56787 5.05358 4.84393 3.8869 2.30602 0.336293 -1.78343 -3.93168 -5.80289 -4.92699 -4.41486 -6.47594
12.605 -1.73655 -4.68605 -5.83751 -5.97736 -5.21797 -3.7426 -1.8008 0.309306 2.25947 3.34705 3.555 4.16022 4.89173 5.03643 4.43066 3.12153 1.30079 -0.788328 -2.98459 -5.3169 -5.7027 -4.7178 -5.94975
12.655 -1.0055 -3.83736 -5.38546 -5.94792 -5.57732 -4.4099 -2.6604 -0.606948 1.44239 3.08935 3.48911 3.77907 4.60916 5.06626 4.8179 3.82039 2.20676 0.211552 -1.95206 -4.21999 -6.23007 -5.57605 -5.36319
12.705 -0.288538 -2.87442 -4.77756 -5.74889 -5.78401 -4.96232 -3.45561 -1.51405 0.565142 2.46203 3.44016 3.60682 4.2267 4.93591 5.04392 4.39513 3.04602 1.1921 -0.940539 -3.23486 -5.79363 -6.32728 -5.55534
12.755 0.23115 -1.827 -4.03731 -5.37958 -5.81999 -5.37367 -4.16156 -2.39635 -0.357215 1.65468 3.23481 3.56225 3.85032 4.68028 5.10843 4.81809 3.77433 2.11595 0.067162 -2.19338 -4.66646 -6.84422 -6.36194
12.805 0.420819 -0.801937 -3.18096 -4.85056 -5.68615 -5.63422 -4.75625 -3.21901 -1.27395 0.78534 2.64864 3.5363 3.68181 4.32357 5.00856 5.07487 4.37491 2.97234 1.05981 -1.1594 -3.61219 -6.447 -7.0641
12.855 0.453541 -0.210204 -2.17314 -4.1607 -5.37233 -5.722 -5.21151 -3.95711 -2.17332 -0.139755 1.85092 3.3818 3.65704 3.95121 4.77805 5.17263 4.83228 3.72953 2.00433 -0.135412 -2.54968 -5.29968 -7.50084
12.905 0.475325 0.174055 -1.23469 -3.35327 -4.89226 -5.63595 -5.51543 -4.58712 -3.01851 -1.06339 0.989733 2.84069 3.64596 3.78142 4.45044 5.10498 5.12019 4.35462 2.87548 0.868125 -1.48776 -4.14137 -6.92202
12.955 0.797379 0.397162 -0.709576 -2.40919 -4.24644 -5.36501 -5.6426 -5.07524 -3.77916 -1.97264 0.0648571 2.05023 3.54466 3.78189 4.08328 4.89639 5.24577 4.84024 3.65834 1.83904 -0.426681 -3.02314 -5.86594
13.005 1.2414 0.703604 -0.414596 -1.56938 -3.48408 -4.92469 -5.59216 -5.40907 -4.43089 -2.82819 -0.857103 1.20029 3.05439 3.79711 3.91647 4.59478 5.20616 5.15609 4.30903 2.73479 0.610086 -1.90396 -4.69133
13.055 1.7833 1.31022 -0.286004 -1.15803 -2.60485 -4.32006 -5.35471 -5.5621 -4.93609 -3.59498 -1.76085 0.288949 2.28406 3.75664 3.95331 4.24102 5.01594 5.29873 4.80793 3.52891 1.6025 -0.782324 -3.43456
13.105 2.35051 2.01137 -0.0135911 -0.981621 -1.88286 -3.60701 -4.94915 -5.53552 -5.28362 -4.2498 -2.60818 -0.61559 1.45618 3.33567 4.02173 4.08695 4.73358 5.27271 5.13301 4.18901 2.52215 0.326936 -2.12817
13.155 2.90829 2.78846 0.58241 -0.975163 -1.60565 -2.78856 -4.383 -5.32532 -5.45311 -4.76013 -3.3675 -1.50005 0.57064 2.59469 4.05635 4.17148 4.39094 5.09242 5.28523 4.70271 3.351 1.40793 -0.799175
13.205 3.42514 3.56031 1.25127 -0.745427 -1.54674 -2.17808 -3.71849 -4.95121 -5.44586 -5.11591 -4.01898 -2.33241 -0.311466 1.78811 3.70923 4.30045 4.245 4.82495 5.27801 5.05839 4.06741 2.43823 0.525209
13.255 3.86638 4.29898 2.00831 -0.133321 -1.66855 -2.03159 -2.94474 -4.41734 -5.26094 -5.30245 -4.53595 -3.08586 -1.17919 0.921516 2.98514 4.40609 4.37199 4.49056 5.12203 5.25601 4.65744 3.39388 1.8134
13.305 4.22822 4.97899 2.76688 0.5328 -1.48239 -2.07609 -2.41541 -3.79528 -4.9169 -5.31774 -4.9069 -3.74331 -2.00794 0.0467043 2.17898 4.11886 4.5511 4.34848 4.88841 5.31027 5.10945 4.25143 3.03781
13.355 4.47966 5.56255 3.51021 1.30044 -0.836233 -2.30768 -2.37548 -3.05016 -4.41026 -5.1611 -5.1202 -4.28134 -2.77313 -0.825192 1.3066 3.39308 4.70802 4.50796 4.58151 5.22092 5.4135 4.98724 4.16614
13.405 4.62832 6.05127 4.21897 2.0785 -0.143134 -2.1681 -2.50852 -2.56375 -3.82357 -4.84885 -5.16683 -4.68212 -3.45583 -1.67401 0.41103 2.56018 4.46975 4.7301 4.45156 5.05411 5.57628 5.58207 5.17149
13.455 4.65469 6.40828 4.85232 2.85224 0.651432 -1.49228 -2.81635 -2.59276 -3.10516 -4.37091 -5.04499 -4.93459 -4.03264 -2.47311 -0.490445 1.65859 3.73713 4.92346 4.64266 4.80172 5.58546 6.01507 6.02489
13.505 4.5621 6.63467 5.41061 3.60681 1.47024 -0.747214 -2.73912 -2.80742 -2.62803 -3.81529 -4.76856 -5.02179 -4.47647 -3.1976 -1.37856 0.723482 2.86714 4.7336 4.90667 4.69516 5.49799 6.28387 6.70407
13.555 4.34825 6.70884 5.85466 4.2961 2.28423 0.0794043 -2.05073 -3.17442 -2.69642 -3.12488 -4.32289 -4.94003 -4.77559 -3.82295 -2.22324 -0.218635 1.93174 4.00304 5.12887 4.91893 5.30213 6.36895 7.18593
13.605 4.01165 6.62089 6.17499 4.91707 3.08844 0.944479 -1.25312 -3.17258 -2.98559 -2.64051 -3.7968 -4.70162 -4.90705 -4.31415 -2.99388 -1.14908 0.958554 3.10197 4.98924 5.21955 5.20853 6.32238 7.47029
13.655 3.56415 6.36877 6.35164 5.43128 3.83048 1.79687 -0.402971 -2.49913 -3.40113 -2.7249 -3.13835 -4.29089 -4.86637 -4.65954 -3.66612 -2.03579 -0.0170314 2.14285 4.26838 5.45703 5.44714 6.13866 7.53974
13.705 3.01054 5.94138 6.36407 5.82194 4.50663 2.64647 0.502056 -1.65971 -3.48663 -3.08248 -2.63818 -3.79192 -4.66502 -4.83345 -4.20074 -2.84565 -0.979165 1.14375 3.33884 5.36043 5.76467 6.00982 7.45027
13.755 2.37134 5.35347 6.21381 6.07381 5.08075 3.43499 1.38474 -0.799522 -2.85455 -3.53651 -2.72022 -3.16821 -4.28972 -4.83185 -4.58766 -3.55688 -1.89683 0.147122 2.3621 4.64581 5.98847 6.21568 7.21182
13.805 1.67033 4.60984 5.88556 6.1613 5.53105 4.15918 2.27156 0.134949 -1.98502 -3.71596 -3.13846 -2.64786 -3.8144 -4.66484 -4.79994 -4.12779 -2.73502 -0.834381 1.34236 3.67049 5.91687 6.52073 6.98132
13.855 0.944224 3.73851 5.39805 6.08975 5.84691 4.78594 3.09927 1.03864 -1.12632 -3.14585 -3.6188 -2.71365 -3.22695 -4.32404 -4.83403 -4.55005 -3.47632 -1.77352 0.328156 2.66271 5.18927 6.71079 7.10395
13.905 0.281397 2.76339 4.7567 5.8417 5.99864 5.28843 3.86389 1.95334 -0.172668 -2.25557 -3.89167 -3.18217 -2.68574 -3.86901 -4.6986 -4.79715 -4.078 -2.63317 -0.668438 1.61718 4.15092 6.63041 7.34269
13.955 -0.193621 1.74786 3.98987 5.43449 5.9925 5.65908 4.53543 2.81218 0.744132 -1.40475 -3.39921 -3.67836 -2.72534 -3.31819 -4.39065 -4.86316 -4.52964 -3.39769 -1.62567 0.578107 3.08784 5.87636 7.44149
14.005 -0.546465 0.874115 3.10821 4.86557 5.80719 5.86429 5.08169 3.60847 1.6773 -0.440161 -2.49487 -4.04563 -3.23548 -2.75594 -3.95241 -4.75635 -4.80836 -4.02657 -2.50515 -0.438327 2.00248 4.75931 7.25462
14.055 -0.852065 0.163654 2.21371 4.16846 5.45731 5.90782 5.49524 4.31444 2.55789 0.482273 -1.65681 -3.64482 -3.73913 -2.76436 -3.43913 -4.4788 -4.90071 -4.50009 -3.28686 -1.41545 0.920312 3.59384 6.36863
14.105 -1.25687 -0.456772 1.4558 3.37369 4.94689 5.77039 5.73968 4.89045 3.37184 1.42103 -0.691381 -2.7324 -4.20968 -3.31163 -2.85627 -4.05314 -4.81735 -4.80487 -3.93933 -2.31752 -0.128531 2.4515 5.21639
14.155 -1.74388 -1.07772 0.857211 2.60048 4.3128 5.46695 5.81916 5.33151 4.09619 2.30861 0.225932 -1.90968 -3.91129 -3.83824 -2.8328 -3.57228 -4.56557 -4.91833 -4.4306 -3.11747 -1.13637 1.30682 3.96299
14.205 -2.27334 -1.78618 0.340333 1.9766 3.60308 5.00914 5.71801 5.59952 4.68359 3.12052 1.15073 -0.961474 -3.00886 -4.41763 -3.41409 -2.97572 -4.14836 -4.84871 -4.74977 -3.78691 -2.07145 0.179594 2.65511
14.255 -2.80312 -2.53981 -0.228164 1.506 2.95486 4.43561 5.45265 5.70179 5.1355 3.84473 2.02766 -0.0616246 -2.20142 -4.24091 -3.99429 -2.91226 -3.68635 -4.61215 -4.87727 -4.29788 -2.91174 -0.920075 1.31428
14.305 -3.30333 -3.30826 -0.910273 1.09684 2.46744 3.80367 5.04236 5.63113 5.42029 4.43528 2.82744 0.836979 -1.2857 -3.37172 -4.6673 -3.50542 -3.08337 -4.20249 -4.82635 -4.65117 -3.64243 -1.96977 -0.0252931
14.355 -3.74341 -4.04514 -1.64153 0.57217 2.1122 3.26312 4.52319 5.40053 5.54362 4.89646 3.54934 1.70242 -0.396767 -2.5528 -4.62675 -4.15698 -2.95164 -3.75114 -4.61843 -4.82824 -4.23357 -2.93979 -1.33216
14.405 -4.10382 -4.72904 -2.40588 -0.108216 1.79586 2.89076 3.95121 5.03287 5.50587 5.2049 4.15164 2.4988 0.484566 -1.65858 -3.78844 -4.90356 -3.53219 -3.14838 -4.23773 -4.83875 -4.6864 -3.81645 -2.58118
14.455 -4.37088 -5.33257 -3.15624 -0.847938 1.30164 2.62161 3.48662 4.56158 5.31269 5.35827 4.63473 3.23279 1.355 -0.758596 -2.92869 -4.98638 -4.24962 -2.94192 -3.81405 -4.70063 -4.97414 -4.55836 -3.72973
14.505 -4.52946 -5.83498 -3.87564 -1.63828 0.603057 2.3753 3.19725 4.03209 4.98587 5.36133 4.98146 3.8658 2.16992 0.13012 -2.03237 -4.17985 -5.04394 -3.49281 -3.23823 -4.38563 -5.09324 -5.15714 -4.76014
14.555 -4.5768 -6.22361 -4.53891 -2.42925 -0.165846 1.90472 2.98847 3.61331 4.55793 5.21116 5.17722 4.38752 2.9356 1.02809 -1.09653 -3.25848 -5.23618 -4.27106 -2.97347 -4.01301 -5.05525 -5.57837 -5.62638
14.605 -4.50251 -6.47577 -5.11926 -3.20108 -0.994564 1.18647 2.79189 3.37688 4.06285 4.9262 5.22778 4.78395 3.61494 1.88143 -0.17815 -2.34363 -4.47542 -5.09408 -3.49353 -3.48655 -4.8202 -5.80328 -6.31189
14.655 -4.30735 -6.58357 -5.60144 -3.92828 -1.83341 0.384424 2.35374 3.21487 3.66826 4.53828 5.12376 5.02914 4.18489 2.6902 0.75924 -1.36417 -3.49581 -5.38544 -4.32479 -3.18279 -4.49658 -5.84224 -6.78716
14.705 -3.99067 -6.52951 -5.95617 -4.57859 -2.6563 -0.477692 1.62978 3.05951 3.46554 4.07369 4.87971 5.12761 4.63284 3.41971 1.65697 -0.410784 -2.56399 -4.68872 -5.15835 -3.67277 -4.01011 -5.64943 -7.02787
14.755 -3.55643 -6.30687 -6.16903 -5.13345 -3.43855 -1.35585 0.806798 2.66672 3.34286 3.69193 4.52807 5.06791 4.92623 4.03661 2.50671 0.560686 -1.55337 -3.66746 -5.53314 -4.53981 -3.66198 -5.32842 -7.05383
14.805 -3.0156 -5.91204 -6.22117 -5.56371 -4.14635 -2.21859 -0.0744646 1.95558 3.22612 3.51125 4.09084 4.86129 5.06813 4.5306 3.28011 1.49553 -0.574221 -2.7265 -4.90728 -5.36174 -4.10446 -4.83435 -6.82508
14.855 -2.38331 -5.34651 -6.10085 -5.8508 -4.75875 -3.04321 -0.977712 1.12747 2.88711 3.4218 3.71651 4.54193 5.04852 4.86679 3.93664 2.37595 0.416832 -1.70125 -3.85158 -5.79465 -4.98166 -4.40415 -6.43982
14.905 -1.67965 -4.62355 -5.8072 -5.98007 -5.24998 -3.79681 -1.86761 0.240744 2.20254 3.34048 3.55012 4.12965 4.87572 5.04694 4.46936 3.18351 1.37715 -0.706425 -2.90028 -5.23174 -5.76532 -4.76875 -5.89175
14.955 -0.947623 -3.76505 -5.34232 -5.93733 -5.5979 -4.45606 -2.72331 -0.675775 1.37964 3.05707 3.48811 3.76028 4.58545 5.06377 4.8433 3.87223 2.27801 0.29289 -1.86709 -4.13216 -6.22942 -5.63456 -5.33897
15.005 -0.236472 -2.79463 -4.72303 -5.72475 -5.79161 -4.99821 -3.51262 -1.58246 0.496195 2.40627 3.43777 3.60339 4.19684 4.92198 5.05712 4.43662 3.11037 1.27002 -0.857311 -3.15013 -5.7126 -6.38449 -5.60011
15.055 0.254802 -1.74103 -3.97374 -5.34274 -5.81431 -5.39815 -4.21069 -2.46119 -0.426821 1.59233 3.20715 3.56348 3.8312 4.65857 5.1084 4.84588 3.82786 2.1878 0.148989 -2.10593 -4.56699 -6.8499 -6.42619
15.105 0.429871 -0.740154 -3.10519 -4.80047 -5.66653 -5.64588 -4.79546 -3.27833 -1.34347 0.716353 2.59393 3.53789 3.68003 4.29428 4.99649 5.09049 4.41883 3.03867 1.13944 -1.0746 -3.52553 -6.36943 -7.11467
15.155 0.450162 -0.17395 -2.09246 -4.10059 -5.33931 -5.72003 -5.23928 -4.00883 -2.23975 -0.209856 1.78904 3.35791 3.66006 3.93174 4.75835 5.17536 4.86304 3.78563 2.07807 -0.0525147 -2.46144 -5.19797 -7.48986
15.205 0.490046 0.196409 -1.17768 -3.28135 -4.84553 -5.61974 -5.53029 -4.62898 -3.07957 -1.13362 0.920552 2.78498 3.65225 3.78265 4.42128 5.09451 5.13797 4.40054 2.94334 0.948984 -1.40109 -4.05056 -6.84034
15.255 0.829612 0.413716 -0.679164 -2.3347 -4.18949 -5.335 -5.64338 -5.10532 -3.83255 -2.0399 -0.00533392 1.98815 3.52559 3.7876 4.06315 4.87829 5.25092 4.87376 3.71731 1.91571 -0.340457 -2.93167 -5.77208
15.305 1.28026 0.741603 -0.400717 -1.51962 -3.41632 -4.88102 -5.57859 -5.4261 -4.47428 -2.88981 -0.926674 1.13275 3.00222 3.80447 3.91834 4.56825 5.19783 5.17564 4.35638 2.8039 0.692928 -1.81271 -4.59068
15.355 1.82792 1.36338 -0.274013 -1.13654 -2.53748 -4.26664 -5.32719 -5.56452 -4.96703 -3.64845 -1.82752 0.219323 2.22187 3.74574 3.96426 4.21982 4.99864 5.30507 4.84257 3.58891 1.68104 -0.690914 -3.32876
15.405 2.39464 2.06983 0.023777 -0.978571 -1.8421 -3.54336 -4.90828 -5.52394 -5.30186 -4.29355 -2.66914 -0.683543 1.39107 3.28805 4.03249 4.09053 4.70902 5.26552 5.15332 4.23729 2.59356 0.41615 -2.02048
15.455 2.95097 2.85032 0.633842 -0.969178 -1.59416 -2.72744 -4.3329 -5.30003 -5.45686 -4.79155 -3.42052 -1.56547 0.50267 2.53422 4.0524 4.18672 4.3699 5.07592 5.29279 4.73937 3.41483 1.4945 -0.690619
15.505 3.46253 3.61953 1.30797 -0.706863 -1.55574 -2.14619 -3.65793 -4.9127 -5.4361 -5.13533 -4.06305 -2.3927 -0.37782 1.72522 3.66576 4.31475 4.25 4.80216 5.27284 5.08187 4.12107 2.51914 0.6313
15.555 3.89792 4.3553 2.06935 -0.0802962 -1.66949 -2.03024 -2.88741 -4.3699 -5.23785 -5.30791 -4.56844 -3.13912 -1.24389 0.854959 2.92652 4.40558 4.38955 4.47111 5.10829 5.26802 4.70105 3.46831 1.91569
15.605 4.25222 5.02853 2.82584 0.589396 -1.44467 -2.08963 -2.39124 -3.73827 -4.88085 -5.31012 -4.92816 -3.78868 -2.06874 -0.0194353 2.11662 4.07744 4.56762 4.35469 4.86909 5.31059 5.14115 4.3165 3.13304
15.655 4.49492 5.60468 3.56819 1.36351 -0.778962 -2.31522 -2.38353 -2.99413 -4.36487 -5.14042 -5.12816 -4.3161 -2.8281 -0.890984 1.23919 3.33319 4.71079 4.52806 4.56414 5.21269 5.43413 5.04219 4.25284
15.705 4.63531 6.08476 4.27196 2.13934 -0.0856099 -2.13024 -2.52442 -2.54427 -3.77019 -4.81562 -5.16203 -4.70628 -3.50394 -1.73711 0.342961 2.49574 4.42978 4.74858 4.45931 5.04041 5.58504 5.62447 5.24667
15.755 4.6513 6.43061 4.89919 2.91366 0.718734 -1.42593 -2.83334 -2.61068 -3.04731 -4.32699 -5.02712 -4.94596 -4.07088 -2.53125 -0.559061 1.58818 3.67448 4.93062 4.66593 4.78696 5.58408 6.0448 6.08731
15.805 4.55009 6.64693 5.45076 3.66411 1.53408 -0.686963 -2.70305 -2.82564 -2.6105 -3.76544 -4.73842 -5.02028 -4.50423 -3.24937 -1.44515 0.651977 2.79948 4.69613 4.92782 4.70452 5.48993 6.29966 6.75123
15.855 4.3259 6.70771 5.88445 4.34795 2.34939 0.150268 -1.98121 -3.19539 -2.71884 -3.06851 -4.28127 -4.92518 -4.79058 -3.86508 -2.28516 -0.290906 1.85767 3.93759 5.14134 4.94566 5.28863 6.37155 7.21765
15.905 3.98055 6.60772 6.19531 4.96274 3.15 1.01183 -1.19063 -3.14061 -3.0061 -2.62324 -3.75039 -4.67468 -4.90894 -4.34554 -3.04931 -1.21912 0.883904 3.03181 4.9548 5.24312 5.2182 6.31615 7.48552
15.955 3.52413 6.34148 6.35876 5.46686 3.88682 1.86566 -0.329423 -2.42835 -3.42676 -2.75047 -3.08327 -4.25157 -4.85451 -4.678 -3.7118 -2.10096 -0.0920854 2.06624 4.19994 5.47401 5.47669 6.12208 7.53895
16.005 2.96306 5.90116 6.35897 5.84811 4.55704 2.712 0.572348 -1.59591 -3.46053 -3.1055 -2.62001 -3.74867 -4.64118 -4.83853 -4.23538 -2.90405 -1.05164 1.06729 3.26683 5.32745 5.78885 6.01658 7.43968
16.055 2.31788 5.30048 6.19466 6.08711 5.1213 3.49533 1.45636 -0.724594 -2.78448 -3.56679 -2.7474 -3.1145 -4.25269 -4.82285 -4.60923 -3.60543 -1.9641 0.0707528 2.28365 4.57138 6.00813 6.24695 7.18589
16.105 1.6135 4.54578 5.85334 6.16239 5.56223 4.21376 2.34021 0.20683 -1.92183 -3.69448 -3.16312 -2.62913 -3.77421 -4.64393 -4.80789 -4.16512 -2.79562 -0.908345 1.26455 3.59506 5.88418 6.54334 6.98034
16.155 0.88749 3.66533 5.35328 6.07711 5.86547 4.83076 3.16274 1.11195 -1.05129 -3.07497 -3.65486 -2.74228 -3.17406 -4.28903 -4.82777 -4.57466 -3.5276 -1.84267 0.25077 2.58301 5.11285 6.72477 7.128
16.205 0.237291 2.6835 4.70108 5.8159 6.0048 5.32377 3.92186 2.02442 -0.099507 -2.19064 -3.87738 -3.21061 -2.6647 -3.83107 -4.68021 -4.80762 -4.11754 -2.69538 -0.743678 1.53694 4.06932 6.59946 7.35977
16.255 -0.225653 1.67195 3.92466 5.39602 5.9851 5.68198 4.58372 2.87801 0.818495 -1.32872 -3.32879 -3.7228 -2.75406 -3.26524 -4.35714 -4.85929 -4.55694 -3.45135 -1.69665 0.498829 3.00489 5.7974 7.44513
16.305 -0.570065 0.814029 3.03655 4.81533 5.786 5.87438 5.12037 3.66911 1.75028 -0.36514 -2.42831 -4.04024 -3.26848 -2.73153 -3.91602 -4.74012 -4.82105 -4.06801 -2.56879 -0.515192 1.91864 4.66996 7.21481
16.355 -0.879748 0.112292 2.14828 4.10935 5.42343 5.90424 5.52129 4.36511 2.62508 0.557402 -1.58041 -3.57506 -3.79461 -2.79257 -3.3852 -4.44611 -4.89867 -4.52953 -3.3425 -1.48855 0.837601 3.50478 6.28492
16.405 -1.29326 -0.503646 1.4042 3.31039 4.90142 5.75281 5.75258 4.93128 3.43397 1.4952 -0.615122 -2.66352 -4.21511 -3.35114 -2.82724 -4.01757 -4.80286 -4.81943 -3.98239 -2.38267 -0.20762 2.36375 5.12392
16.455 -1.78446 -1.13021 0.814864 2.54562 4.25934 5.43701 5.81862 5.35991 4.1484 2.3763 0.299894 -1.83689 -3.85085 -3.89116 -2.85827 -3.52301 -4.53529 -4.91772 -4.46103 -3.17418 -1.21173 1.21876 3.86365
16.505 -2.31572 -1.84452 0.299598 1.93521 3.54819 4.96823 5.70334 5.61412 4.72511 3.18254 1.22426 -0.885435 -2.93801 -4.43477 -3.46177 -2.94156 -4.11283 -4.83514 -4.76536 -3.83125 -2.13923 0.0940967 2.55306
16.555 -2.84397 -2.60018 -0.278076 1.47366 2.91096 4.38758 5.42624 5.70359 5.16525 3.89728 2.09431 0.00951625 -2.13378 -4.18755 -4.04606 -2.93632 -3.64074 -4.58365 -4.87796 -4.33016 -2.97217 -1.00336 1.21014
16.605 -3.34071 -3.36805 -0.966571 1.06194 2.43582 3.75617 5.00562 5.61905 5.43623 4.47695 2.88845 0.909088 -1.20929 -3.29195 -4.70131 -3.56501 -3.03976 -4.16592 -4.81463 -4.6703 -3.69237 -2.04694 -0.127034
16.655 -3.77481 -4.10111 -1.70096 0.52268 2.08981 3.2294 4.47921 5.37707 5.5476 4.92764 3.60236 1.76827 -0.327855 -2.48736 -4.5811 -4.20953 -2.97247 -3.70841 -4.59285 -4.83332 -4.27276 -3.01092 -1.43136
16.705 -4.12854 -4.77996 -2.46604 -0.164899 1.76633 2.86769 3.90915 4.99985 5.49669 5.22303 4.19461 2.55996 0.555684 -1.58267 -3.7082 -4.94386 -3.59418 -3.10312 -4.20329 -4.83218 -4.71393 -3.87829 -2.67354
16.755 -4.3873 -5.37576 -3.21395 -0.908565 1.25209 2.60604 3.45989 4.52103 5.2922 5.365 4.66835 3.28763 1.42178 -0.689066 -2.86333 -4.9487 -4.30275 -2.95843 -3.77518 -4.68083 -4.98786 -4.60914 -3.81385
16.805 -4.53722 -5.86986 -3.93024 -1.70113 0.544031 2.35083 3.18088 3.99294 4.95605 5.35555 5.00293 3.91163 2.23302 0.202594 -1.95534 -4.09879 -5.0894 -3.55587 -3.19294 -4.35568 -5.09489 -5.19581 -4.83319
16.855 -4.5754 -6.24841 -4.58746 -2.49039 -0.228562 1.85588 2.97644 3.59025 4.52082 5.19402 5.18743 4.42464 2.99368 1.09789 -1.02428 -3.19123 -5.20658 -4.32516 -2.98588 -3.97905 -5.04277 -5.60151 -5.68546
16.905 -4.49139 -6.48928 -5.1606 -3.26002 -1.06088 1.12461 2.77264 3.36557 4.02486 4.89926 5.22581 4.80964 3.66479 1.94798 -0.103044 -2.26494 -4.39493 -5.14321 -3.55637 -3.44313 -4.79529 -5.81207 -6.35617
16.955 -4.28684 -6.58528 -5.63402 -3.98204 -1.89814 0.319896 2.30608 3.205 3.64724 4.50449 5.11017 5.04319 4.22598 2.75214 0.832531 -1.28912 -3.42762 -5.36121 -4.37924 -3.19318 -4.46682 -5.83453 -6.81305
17.005 -3.96064 -6.51792 -5.97784 -4.62551 -2.71924 -0.54636 1.56753 3.04248 3.45624 4.03819 4.85607 5.12942 4.66255 3.47343 1.72674 -0.333484 -2.48461 -4.6064 -5.21216 -3.73625 -3.96676 -5.62598 -7.0367
17.055 -3.51757 -6.28206 -6.17907 -5.17185 -3.49664 -1.42337 0.741246 2.62146 3.33493 3.67202 4.49728 5.05758 4.94374 4.08122 2.57197 0.636887 -1.47602 -3.59559 -5.51594 -4.59622 -3.66782 -5.29847 -7.04435
17.105 -2.969 -5.87348 -6.21768 -5.59119 -4.19771 -2.28459 -0.14459 1.8939 3.21218 3.50353 4.05722 4.84051 5.07323 4.56377 3.33704 1.56777 -0.495519 -2.64543 -4.82387 -5.42182 -4.16642 -4.78615 -6.79723
17.155 -2.3301 -5.29506 -6.08393 -5.86669 -4.80173 -3.10468 -1.04717 1.06168 2.84563 3.41604 3.69699 4.51371 5.04104 4.88725 3.98407 2.44362 0.494932 -1.62133 -3.77578 -5.78479 -5.0393 -4.40166 -6.40491
17.205 -1.62264 -4.56054 -5.77643 -5.98255 -5.28217 -3.85175 -1.93586 0.169896 2.1423 3.33015 3.54365 4.09741 4.85739 5.05491 4.50545 3.24296 1.4511 -0.626221 -2.81743 -5.14567 -5.83407 -4.82691 -5.83321
17.255 -0.889816 -3.69232 -5.29879 -5.92653 -5.6186 -4.50279 -2.78739 -0.746454 1.31429 3.01995 3.4845 3.74079 4.55948 5.05885 4.86631 3.92183 2.34715 0.372294 -1.78511 -4.05043 -6.22603 -5.69396 -5.32396
17.305 -0.185523 -2.71464 -4.66824 -5.70037 -5.79919 -5.03447 -3.57056 -1.65237 0.425266 2.3479 3.43052 3.59778 4.16583 4.90594 5.06786 4.47557 3.17224 1.34579 -0.776174 -3.0673 -5.63048 -6.44714 -5.65128
17.355 0.276303 -1.65489 -3.91008 -5.30573 -5.80862 -5.42293 -4.26056 -2.52727 -0.498127 1.52777 3.17381 3.56165 3.81175 4.63479 5.10603 4.87137 3.87936 2.25805 0.229028 -2.02216 -4.47793 -6.84993 -6.48497
17.405 0.438338 -0.68197 -3.02874 -4.75004 -5.64671 -5.65763 -4.83518 -3.33869 -1.41451 0.64551 2.53634 3.53428 3.67603 4.26404 4.98249 5.10382 4.46036 3.10272 1.21677 -0.992363 -3.44216 -6.28907 -7.16879
17.455 0.447187 -0.138775 -2.01257 -4.0405 -5.30621 -5.71813 -5.26743 -4.06136 -2.30743 -0.28159 1.72476 3.32816 3.66002 3.91223 4.73673 5.17567 4.89118 3.83917 2.14928 0.0277544 -2.37631 -5.09769 -7.47743
17.505 0.507418 0.21743 -1.1241 -3.2091 -4.79859 -5.6034 -5.54524 -4.67133 -3.14166 -1.20542 0.849155 2.72616 3.65413 3.78206 4.39089 5.08197 5.15332 4.44398 3.00879 1.02742 -1.31713 -3.96169 -6.75939
17.555 0.862606 0.430884 -0.649795 -2.26155 -4.13271 -5.30498 -5.64428 -5.13584 -3.88681 -2.10847 -0.0773574 1.92366 3.50089 3.79049 4.04296 4.85826 5.25356 4.90461 3.77363 1.98976 -0.256953 -2.84235 -5.6806
17.605 1.32018 0.781832 -0.388044 -1.47386 -3.34836 -4.83719 -5.5649 -5.4432 -4.51811 -2.95245 -0.998111 1.06219 2.94522 3.81033 3.92008 4.53909 5.18682 5.1925 4.40107 2.87042 0.773175 -1.72363 -4.4925
17.655 1.87289 1.41693 -0.261138 -1.11633 -2.47197 -4.21354 -5.29977 -5.56714 -4.99848 -3.70284 -1.89557 0.148027 2.15796 3.72854 3.97218 4.19913 4.97955 5.3088 4.87434 3.64608 1.75688 -0.601785 -3.22546
17.705 2.43899 2.12898 0.0632072 -0.976685 -1.80595 -3.4797 -4.86734 -5.51231 -5.32024 -4.33779 -2.73117 -0.753336 1.32321 3.23574 4.04169 4.09405 4.68188 5.25563 5.1709 4.28288 2.6624 0.503095 -1.91522
17.755 2.99361 2.91216 0.685309 -0.962122 -1.58415 -2.66887 -4.28339 -5.27491 -5.46073 -4.82329 -3.47432 -1.63224 0.432714 2.47088 4.04416 4.20064 4.34782 5.05719 5.29776 4.77336 3.47609 1.57877 -0.584406
17.805 3.49968 3.67871 1.36519 -0.666927 -1.56487 -2.11957 -3.59773 -4.87426 -5.42635 -5.15489 -4.10762 -2.454 -0.445802 1.65991 3.61703 4.32717 4.2552 4.77696 5.26504 5.10267 4.17211 2.59763 0.73498
17.855 3.92919 4.41127 2.12989 -0.0287931 -1.66756 -2.02956 -2.83383 -4.32339 -5.21501 -5.31351 -4.60127 -3.19314 -1.30988 0.78654 2.86469 4.40051 4.40585 4.45078 5.09238 5.27752 4.74207 3.54028 2.01559
17.905 4.27553 5.07736 2.88459 0.646595 -1.40264 -2.10802 -2.3721 -3.68074 -4.84467 -5.30257 -4.94967 -3.83461 -2.13053 -0.0870824 2.05177 4.03059 4.58201 4.36117 4.84746 5.30835 5.17022 4.379 3.22581
17.955 4.50969 5.64626 3.62575 1.42574 -0.72305 -2.32 -2.39249 -2.94207 -4.32051 -5.11997 -5.1362 -4.35116 -2.88381 -0.958037 1.16979 3.27 4.70916 4.5469 4.54583 5.20229 5.45222 5.09457 4.33705
18.005 4.64148 6.11724 4.32423 2.19991 -0.0270322 -2.08925 -2.54526 -2.52969 -3.71635 -4.7822 -5.15723 -4.73066 -3.55261 -1.80123 0.273226 2.42868 4.38491 4.76505 4.46707 5.02433 5.59115 5.6642 5.31928
18.055 4.64721 6.45209 4.94547 2.97462 0.785544 -1.36165 -2.84818 -2.63019 -2.993 -4.28399 -5.00939 -4.95734 -4.10939 -2.59012 -0.628998 1.5158 3.60926 4.93323 4.68756 4.77136 5.58047 6.07189 6.14712
18.105 4.5373 6.65804 5.48987 3.72064 1.59776 -0.626312 -2.66459 -2.84827 -2.59776 -3.71527 -4.70806 -5.01872 -4.53216 -3.30169 -1.51279 0.578824 2.72968 4.65378 4.9466 4.71395 5.47943 6.31269 6.79571
18.155 4.30274 6.70536 5.91317 4.39903 2.41428 0.221111 -1.9118 -3.21728 -2.74486 -3.01367 -4.24009 -4.91041 -4.80561 -3.90748 -2.34779 -0.364326 1.78233 3.87073 5.1479 4.97002 5.27502 6.37205 7.24675
18.205 3.94873 6.59335 6.21442 5.00735 3.2108 1.07872 -1.12829 -3.10657 -3.03046 -2.61064 -3.7038 -4.64752 -4.91072 -4.37707 -3.10523 -1.29012 0.80796 2.96002 4.91451 5.26384 5.22845 6.30759 7.49808
18.255 3.48343 6.31296 6.36462 5.50135 3.94239 1.93395 -0.256344 -2.35846 -3.45232 -2.7794 -3.02996 -4.21275 -4.84271 -4.69646 -3.75773 -2.16681 -0.168119 1.98876 4.13041 5.48424 5.50323 6.10603 7.53643
18.305 2.91506 5.85991 6.35272 5.87314 4.60638 2.77646 0.641423 -1.53375 -3.43056 -3.13074 -2.6073 -3.70569 -4.61724 -4.84352 -4.27012 -2.96293 -1.12495 0.989743 3.19326 5.28778 5.80973 6.02458 7.42707
18.355 2.26407 5.24645 6.1742 6.09905 5.16062 3.55462 1.52706 -0.650678 -2.71355 -3.59691 -2.77892 -3.06238 -4.21609 -4.81382 -4.63071 -3.65413 -2.03198 -0.00664437 2.20395 4.49512 6.02221 6.27552 7.16007
18.405 1.55655 4.48088 5.81996 6.16217 5.59212 4.26709 2.40765 0.277454 -1.85871 -3.67061 -3.19071 -2.61498 -3.73423 -4.62287 -4.8157 -4.2025 -2.85662 -0.98312 1.18548 3.51767 5.84511 6.56325 6.98073
18.455 0.831176 3.5915 5.30737 6.06303 5.88254 4.87424 3.22511 1.18436 -0.976299 -3.00434 -3.69098 -2.77506 -3.1226 -4.25435 -4.82135 -4.59899 -3.57881 -1.91224 0.172256 2.50104 5.03205 6.73684 7.15202
18.505 0.194666 2.60322 4.64455 5.78884 6.00957 5.35776 3.97854 2.09428 -0.0271159 -2.12682 -3.86116 -3.2411 -2.64814 -3.79344 -4.66166 -4.8179 -4.15712 -2.75802 -0.819787 1.45542 3.98647 6.56099 7.37412
18.555 -0.25676 1.59678 3.85865 5.35625 5.97616 5.70336 4.63068 2.94278 0.892336 -1.25329 -3.25925 -3.76608 -2.78712 -3.21382 -4.32398 -4.85524 -4.58396 -3.505 -1.76815 0.418339 2.92016 5.71446 7.44651
18.605 -0.59305 0.754791 2.96477 4.7641 5.76344 5.88302 5.15766 3.72847 1.82221 -0.291368 -2.36376 -4.0325 -3.30264 -2.71184 -3.88011 -4.72372 -4.83349 -4.10944 -2.63289 -0.593126 1.83332 4.57866 7.16936
18.655 -0.907849 0.0614413 2.08354 4.04929 5.38817 5.89915 5.54592 4.41457 2.69142 0.63169 -1.50557 -3.50793 -3.84495 -2.82494 -3.33404 -4.41423 -4.8965 -4.55862 -3.3981 -1.56216 0.753967 3.41464 6.19825
18.705 -1.32982 -0.550503 1.35346 3.2471 4.85495 5.73392 5.76411 4.97081 3.49491 1.56792 -0.541301 -2.59946 -4.21478 -3.38913 -2.80502 -3.98318 -4.78833 -4.83371 -4.02547 -2.44838 -0.287806 2.27452 5.02899
18.755 -1.82507 -1.18318 0.772979 2.49157 4.20516 5.40575 5.81644 5.38653 4.19892 2.44256 0.3729 -1.76426 -3.78498 -3.94964 -2.89056 -3.47225 -4.50438 -4.91685 -4.49149 -3.23131 -1.28793 1.12946 3.76238
18.805 -2.35786 -1.90292 0.258415 1.8945 3.49357 4.92636 5.68729 5.62724 4.76524 3.24323 1.29616 -0.812204 -2.87091 -4.44609 -3.50837 -2.9142 -4.07865 -4.82156 -4.78071 -3.87569 -2.20768 0.00736332 2.44919
18.855 -2.88447 -2.66052 -0.328643 1.44138 2.86775 4.33888 5.39848 5.7037 5.19322 3.94815 2.15957 0.079781 -2.06499 -4.13007 -4.10375 -2.96628 -3.5938 -4.55458 -4.8785 -4.3626 -3.03316 -1.08762 1.10461
18.905 -3.37754 -3.42747 -1.02303 1.02616 2.40465 3.70905 4.96784 5.60548 5.45059 4.51719 2.94828 0.979902 -1.13458 -3.21693 -4.73003 -3.62395 -3.00221 -4.13063 -4.8029 -4.6893 -3.74256 -2.12494 -0.23001
18.955 -3.80565 -4.15671 -1.76052 0.472643 2.06672 3.19592 4.43472 5.35233 5.54999 4.95718 3.65388 1.83294 -0.259183 -2.42132 -4.53208 -4.26712 -2.99875 -3.66459 -4.56682 -4.83837 -4.31227 -3.08269 -1.53143
19.005 -4.15262 -4.83037 -2.52612 -0.221901 1.7351 2.84451 3.86743 4.96571 5.48597 5.23955 4.23615 2.62001 0.626316 -1.50701 -3.62853 -4.98387 -3.65907 -3.05974 -4.16937 -4.82576 -4.74158 -3.94043 -2.76636
19.055 -4.40296 -5.41831 -3.27163 -0.96999 1.20033 2.59106 3.43423 4.47913 5.2702 5.37021 4.70051 3.34117 1.48769 -0.619993 -2.79796 -4.90765 -4.35999 -2.98028 -3.7355 -4.66066 -5.00155 -4.66015 -3.89832
19.105 -4.54432 -5.90415 -3.98462 -1.76401 0.484855 2.32337 3.16373 3.95451 4.92528 5.34834 5.02292 3.95617 2.29527 0.274525 -1.87894 -4.01908 -5.13289 -3.62145 -3.15 -4.32639 -5.09666 -5.23446 -4.90621
19.155 -4.5732 -6.27241 -4.63564 -2.5517 -0.292201 1.80425 2.96445 3.56818 4.48248 5.17554 5.19633 4.46052 3.05064 1.16662 -0.953213 -3.12561 -5.17104 -4.38143 -3.00504 -3.94489 -5.02992 -5.62439 -5.74435
19.205 -4.47954 -6.50213 -5.20167 -3.31898 -1.12728 1.06261 2.74914 3.35307 3.9881 4.87163 5.22247 4.83379 3.7133 2.01347 -0.0288309 -2.18734 -4.31315 -5.19029 -3.6233 -3.40174 -4.77088 -5.82073 -6.40005
19.255 -4.26558 -6.58608 -5.66596 -4.03557 -1.96313 0.254268 2.25538 3.19488 3.62717 4.46951 5.09523 5.05588 4.26579 2.81291 0.904696 -1.21529 -3.3592 -5.33227 -4.43641 -3.20953 -4.43677 -5.82623 -6.8383
19.305 -3.92991 -6.50533 -5.99872 -4.672 -2.78225 -0.615812 1.50329 3.02405 3.44749 4.00212 4.83115 5.12975 4.69082 3.52591 1.79554 -0.257007 -2.40509 -4.5239 -5.26375 -3.80344 -3.92542 -5.60282 -7.04504
19.355 -3.47804 -6.25627 -6.18827 -5.2097 -3.55461 -1.49133 0.674378 2.57343 3.32677 3.65286 4.46526 5.04584 4.95985 4.12454 2.6361 0.712057 -1.39911 -3.52443 -5.49484 -4.65432 -3.67936 -5.26812 -7.034
19.405 -2.92187 -5.83395 -6.21325 -5.61798 -4.24876 -2.35081 -0.215662 1.83045 3.19681 3.49615 4.02299 4.81841 5.07685 4.59552 3.39277 1.6391 -0.417194 -2.56488 -4.74137 -5.47783 -4.23194 -4.74029 -6.76955
19.455 -2.27643 -5.24271 -6.06609 -5.88184 -4.84427 -3.16615 -1.11718 0.994726 2.80141 3.40982 3.67815 4.48426 5.03213 4.90633 4.03028 2.51026 0.572361 -1.54225 -3.70185 -5.7705 -5.09751 -4.40528 -6.36956
19.505 -1.56542 -4.49676 -5.74476 -5.98423 -5.31381 -3.9065 -2.00442 0.0982866 2.08067 3.31766 3.53713 4.06482 4.83786 5.06148 4.54024 3.30134 1.52437 -0.54682 -2.7364 -5.0626 -5.89308 -4.88832 -5.7792
19.555 -0.832012 -3.61894 -5.25446 -5.91493 -5.63869 -4.54921 -2.85155 -0.817609 1.24802 2.97958 3.48003 3.72211 4.53243 5.05261 4.88808 3.9704 2.41558 0.450976 -1.7047 -3.97311 -6.21551 -5.75125 -5.31781
19.605 -0.135732 -2.6342 -4.6128 -5.67518 -5.80604 -5.07025 -3.62836 -1.72256 0.353688 2.28794 3.42076 3.5921 4.13466 4.88881 5.07721 4.51309 3.23289 1.42054 -0.69593 -2.98523 -5.54337 -6.51124 -5.70807
19.655 0.295689 -1.56843 -3.84598 -5.26803 -5.80223 -5.44718 -4.31017 -2.59341 -0.569806 1.4623 3.13682 3.55868 3.7933 4.61007 5.10236 4.89557 3.92982 2.32753 0.30822 -1.94028 -4.39243 -6.8426 -6.54145
19.705 0.445802 -0.626467 -2.95149 -4.69887 -5.62609 -5.66865 -4.87443 -3.39894 -1.48583 0.573939 2.47706 3.52817 3.67186 4.23367 4.96745 5.11576 4.50051 3.16554 1.29303 -0.911123 -3.35846 -6.20431 -7.22528
19.755 0.444496 -0.10411 -1.93338 -3.98001 -5.2724 -5.71549 -5.29502 -4.11363 -2.37522 -0.353864 1.65928 3.29521 3.65916 3.89358 4.71408 5.17455 4.91786 3.89144 2.21953 0.107192 -2.29186 -5.00033 -7.45739
19.805 0.527013 0.237516 -1.07362 -3.13619 -4.75091 -5.58621 -5.55943 -4.7132 -3.20367 -1.27758 0.777119 2.66694 3.65301 3.78043 4.36075 5.0685 5.16729 4.48604 3.07308 1.10498 -1.23348 -3.87307 -6.67788
19.855 0.896018 0.448999 -0.621225 -2.18946 -4.07555 -5.27425 -5.64446 -5.16583 -3.94086 -2.17723 -0.149973 1.85842 3.47281 3.79232 4.02384 4.83726 5.25472 4.93389 3.82851 2.06263 -0.17418 -2.75371 -5.59028
19.905 1.36088 0.824232 -0.376266 -1.4315 -3.27976 -4.79257 -5.55031 -5.45948 -4.56138 -3.01501 -1.07021 0.990135 2.88516 3.81668 3.92325 4.50832 5.17415 5.20774 4.44426 2.93566 0.852521 -1.63533 -4.39548
19.955 1.91793 1.47086 -0.247042 -1.09694 -2.40791 -4.16014 -5.27169 -5.56911 -5.02947 -3.75709 -1.96379 0.0764872 2.09395 3.70686 3.97868 4.18017 4.95972 5.31103 4.90443 3.70172 1.83158 -0.513547 -3.12322
