10.005 0.789105 0.932054 0.996797 0.977899 0.876948 0.702413 0.46894 0.196119 -0.0931584 -0.374619 -0.624646 -0.822259 -0.950879 -0.999711 -0.964659 -0.848664 -0.661459 -0.418752 -0.140908 0.148759 0.425944 0.667389 0.852834 0.966719 -0.850993 -0.965814 -0.999595 -0.949501 -0.819737 -0.621189 -0.370519 -0.0887583 0.20045 0.472838 0.705551 0.879063 0.978814 0.996434 0.930444 0.786383 0.576337 0.317932 0.0328499 -0.254989 -0.521432 -0.744122 -0.904375 -0.988742
10.055 0.697946 0.873924 0.976572 0.997278 0.934303 0.792933 0.585029 0.328035 0.0435175 -0.244652 -0.512293 -0.736949 -0.899768 -0.987089 -0.991585 -0.912878 -0.757574 -0.538702 -0.274629 0.0124879 0.298557 0.559574 0.773639 0.922789 -0.771406 -0.921428 -0.994134 -0.983424 -0.890196 -0.722274 -0.493746 -0.223789 0.0649461 0.348232 0.602297 0.805825 0.941738 0.99863 0.971729 0.863292 0.682417 0.444282 0.168868 -0.120716 -0.400171 -0.646048 -0.837716 -0.959093
10.105 0.593741 0.799458 0.938093 0.998015 0.974194 0.868631 0.690182 0.453821 0.17938 -0.110112 -0.390365 -0.637863 -0.831838 -0.956016 -0.999975 -0.960029 -0.839527 -0.648583 -0.403216 -0.124017 0.165589 0.4413 0.679983 0.861609 -0.677401 -0.859819 -0.970092 -0.998965 -0.944017 -0.809857 -0.607744 -0.354636 -0.0717713 0.217116 0.487785 0.717525 0.887059 0.982161 0.994851 0.924065 0.775742 0.562327 0.301729 0.015813 -0.27143 -0.535897 -0.755399 -0.911516
10.155 0.478438 0.710049 0.88208 0.980097 0.995876 0.928093 0.782434 0.571123 0.311889 0.0264859 -0.26114 -0.526854 -0.748361 -0.907073 -0.989675 -0.989234 -0.905789 -0.74634 -0.524267 -0.258203 0.0295261 0.314778 0.573617 0.784324 -0.570733 -0.782139 -0.927916 -0.995833 -0.980191 -0.882304 -0.710383 -0.478855 -0.207147 0.0819421 0.364156 0.615814 0.815799 0.947333 0.999377 0.967565 0.854566 0.669862 0.42895 0.152047 -0.137615 -0.41573 -0.658962 -0.846901
10.205 0.354193 0.607367 0.809579 0.94386 0.998943 0.970207 0.860061 0.67775 0.438569 0.162589 -0.127034 -0.405997 -0.650894 -0.841176 -0.960876 -0.99995 -0.955119 -0.830147 -0.635517 -0.387563 -0.107089 0.182371 0.456529 0.692379 -0.453398 -0.689838 -0.868396 -0.974087 -0.998045 -0.938258 -0.799743 -0.594123 -0.338651 -0.0547635 0.233719 0.502591 0.729291 0.894797 0.985223 0.992979 0.917417 0.764875 0.548154 0.285438 -0.00122854 -0.287792 -0.550207 -0.766456
10.255 0.223326 0.493333 0.721945 0.88998 0.983338 0.994186 0.921612 0.771708 0.557051 0.295653 0.00944674 -0.277552 -0.541262 -0.759555 -0.914116 -0.991974 -0.986597 -0.898436 -0.734889 -0.509679 -0.241702 0.0465557 0.330907 0.587492 -0.327587 -0.584644 -0.792644 -0.934134 -0.997243 -0.976674 -0.874154 -0.698286 -0.463825 -0.190445 0.0989142 0.379974 0.629151 0.825537 0.952653 0.999833 0.963119 0.845592 0.657112 0.413494 0.135181 -0.154475 -0.431169 -0.671684
10.305 0.0882857 0.370078 0.620817 0.819465 0.949353 0.999581 0.965937 0.851242 0.665121 0.42319 0.145751 -0.143919 -0.421512 -0.663737 -0.850269 -0.965456 -0.999633 -0.949933 -0.820525 -0.622268 -0.371797 -0.0901299 0.1991 0.471624 -0.195654 -0.468521 -0.702075 -0.87672 -0.9778 -0.996835 -0.932226 -0.789396 -0.580329 -0.322567 -0.0377397 0.250255 0.517251 0.740845 0.902276 0.987998 0.990819 0.910502 0.753786 0.533821 0.269064 -0.0182697 -0.304071 -0.564357
10.355 -0.0484052 0.239905 0.508085 0.733632 0.897622 0.986293 0.992206 0.914865 0.760758 0.542818 0.27933 -0.00759522 -0.293884 -0.555513 -0.770529 -0.920892 -0.993984 -0.983673 -0.890823 -0.723225 -0.494943 -0.225131 0.0635718 0.34694 -0.0600628 -0.343641 -0.598384 -0.802918 -0.940081 -0.998362 -0.972873 -0.865751 -0.685986 -0.44866 -0.173688 0.115858 0.395682 0.642305 0.835034 0.957696 0.999999 0.958394 0.836372 0.64417 0.397918 0.118277 -0.171289 -0.446482
10.405 -0.184191 0.105248 0.385856 0.634087 0.829113 0.954569 0.999929 0.961387 0.842176 0.652299 0.407689 0.12887 -0.160762 -0.436904 -0.676387 -0.859115 -0.969756 -0.999027 -0.94447 -0.810665 -0.608837 -0.355924 -0.0731448 0.215771 0.0766507 -0.212337 -0.483508 -0.714109 -0.884789 -0.981229 -0.995335 -0.925924 -0.77882 -0.566367 -0.30639 -0.0207051 0.266717 0.53176 0.752184 0.909492 0.990487 0.988372 0.903323 0.742479 0.519334 0.252612 -0.0353055 -0.320261
10.455 -0.316535 -0.0313768 0.256414 0.522689 0.745106 0.905003 0.988962 0.989939 0.907851 0.749587 0.528427 0.262927 -0.024635 -0.31013 -0.569602 -0.78128 -0.927402 -0.995707 -0.980463 -0.882951 -0.711351 -0.480064 -0.208494 0.0805695 0.211931 -0.0770647 -0.359594 -0.611951 -0.81296 -0.945754 -0.999192 -0.968789 -0.857097 -0.673487 -0.433365 -0.156881 0.132767 0.411275 0.655273 0.844289 0.962461 0.999875 0.953391 0.826909 0.631042 0.382226 0.101338 -0.188054
10.505 -0.442961 -0.167415 0.122179 0.401521 0.647172 0.83852 0.959509 0.999987 0.956557 0.832865 0.639288 0.392069 0.111952 -0.177558 -0.45217 -0.688841 -0.867712 -0.973775 -0.99813 -0.938733 -0.800569 -0.59523 -0.339947 -0.0561385 0.343251 0.0596484 -0.228959 -0.498355 -0.725935 -0.892602 -0.984373 -0.993546 -0.919353 -0.768018 -0.55224 -0.290124 -0.00366436 0.283103 0.546115 0.763304 0.916445 0.992688 0.985637 0.895882 0.730955 0.504695 0.236087 -0.0523311
10.555 -0.561108 -0.300323 -0.0143393 0.272848 0.537141 0.756364 0.912121 0.991343 0.987384 0.900574 0.738199 0.513882 0.246447 -0.0416676 -0.326286 -0.583526 -0.791803 -0.933642 -0.997139 -0.976969 -0.874822 -0.699271 -0.465045 -0.191797 0.468154 0.195246 -0.0940441 -0.375444 -0.62534 -0.822765 -0.951154 -0.999732 -0.964424 -0.848193 -0.660792 -0.417944 -0.140028 0.149639 0.426749 0.668051 0.853298 0.966947 0.99946 0.94811 0.817206 0.617731 0.366423 0.0843695
10.605 -0.668767 -0.427619 -0.15059 0.139075 0.41707 0.66007 0.847684 0.96417 0.999754 0.95145 0.823312 0.626091 0.376335 0.0950018 -0.194303 -0.467304 -0.701094 -0.876057 -0.977511 -0.996943 -0.932724 -0.790241 -0.58145 -0.323871 0.584307 0.327195 0.0426287 -0.245514 -0.513057 -0.73755 -0.900156 -0.987231 -0.991469 -0.912515 -0.756993 -0.537952 -0.273773 0.0133774 0.299406 0.560311 0.774202 0.923131 0.994601 0.982616 0.888181 0.71922 0.48991 0.219493
10.655 -0.763925 -0.546921 -0.284025 0.00270239 0.289203 0.551437 0.767401 0.918974 0.993437 0.984542 0.893035 0.726596 0.499189 0.229895 -0.0586881 -0.342347 -0.59728 -0.802097 -0.93961 -0.998283 -0.973191 -0.86644 -0.686987 -0.449891 0.689538 0.453028 0.178505 -0.110996 -0.391184 -0.638548 -0.832332 -0.956276 -0.999981 -0.959779 -0.839044 -0.647905 -0.402402 -0.123134 0.166466 0.442099 0.680635 0.86206 0.971151 0.998755 0.942554 0.807265 0.60424 0.350514
10.705 -0.844804 -0.656 -0.412152 -0.133721 0.155931 0.432498 0.672775 0.856601 0.96855 0.99923 0.946067 0.81352 0.612712 0.360492 0.0780237 -0.210991 -0.482302 -0.713144 -0.884147 -0.980962 -0.995467 -0.926443 -0.779683 -0.567501 0.78188 0.570392 0.311044 0.0255966 -0.261999 -0.52761 -0.74895 -0.907447 -0.989802 -0.989104 -0.905412 -0.745747 -0.523509 -0.257343 0.0304153 0.315622 0.574345 0.784876 0.929549 0.996225 0.979309 0.880221 0.707275 0.474983
10.755 -0.909892 -0.752817 -0.532575 -0.267644 0.0197433 0.305474 0.565574 0.778216 0.92556 0.995242 0.981414 0.885237 0.714782 0.48435 0.213277 -0.0756915 -0.358309 -0.610861 -0.812157 -0.945306 -0.999136 -0.96913 -0.857805 -0.674504 0.859607 0.677095 0.43777 0.161711 -0.127916 -0.40681 -0.65157 -0.841657 -0.961122 -0.99994 -0.954855 -0.82965 -0.63483 -0.386743 -0.106204 0.183246 0.45732 0.693021 0.870572 0.975074 0.99776 0.936725 0.79709 0.590574
10.805 -0.957972 -0.835563 -0.643042 -0.396565 -0.116813 0.172741 0.4478 0.685286 0.865269 0.97265 0.998417 0.940408 0.803491 0.599155 0.344544 0.061023 -0.227618 -0.49716 -0.724987 -0.89198 -0.984129 -0.993702 -0.919894 -0.768899 0.921267 0.771142 0.556312 0.294803 0.00855716 -0.278407 -0.54201 -0.760134 -0.914476 -0.992086 -0.986451 -0.898045 -0.734286 -0.508913 -0.240839 0.0474443 0.331746 0.588212 0.795322 0.935697 0.99756 0.975719 0.872006 0.695125
10.855 -0.988147 -0.90269 -0.741491 -0.518074 -0.251186 0.0367784 0.321657 0.579545 0.788805 0.931878 0.996758 0.978001 0.877182 0.70276 0.469371 0.196597 -0.092673 -0.374167 -0.624265 -0.821982 -0.950728 -0.999699 -0.964788 -0.848922 0.965706 0.850775 0.664456 0.422384 0.144871 -0.144799 -0.422319 -0.664402 -0.850737 -0.965688 -0.999609 -0.949654 -0.820016 -0.621571 -0.370971 -0.0892439 0.199972 0.472408 0.705206 0.87883 0.978714 0.996475 0.930623 0.786684
10.905 -0.99985 -0.952945 -0.826079 -0.629898 -0.380864 -0.0998714 0.189501 0.462972 0.697597 0.873687 0.976467 0.997313 0.934477 0.79323 0.585424 0.328496 0.0440046 -0.244179 -0.511874 -0.736619 -0.899555 -0.98701 -0.991648 -0.913077 0.992095 0.914505 0.760181 0.542071 0.278476 -0.0084848 -0.294734 -0.556252 -0.771096 -0.921239 -0.994082 -0.983513 -0.890418 -0.722611 -0.49417 -0.224264 0.0644596 0.347774 0.601908 0.805537 0.941574 0.998605 0.971844 0.863538
10.955 -0.992865 -0.985387 -0.895226 -0.729949 -0.503422 -0.234654 0.0538029 0.337746 0.593349 0.799165 0.937924 0.997984 0.974304 0.868872 0.690534 0.454255 0.17986 -0.109628 -0.389916 -0.637487 -0.831568 -0.955873 -0.999972 -0.960165 0.999939 0.961142 0.841696 0.651624 0.406876 0.127988 -0.16164 -0.437704 -0.677042 -0.85957 -0.969973 -0.998987 -0.944177 -0.810143 -0.608131 -0.355092 -0.0722576 0.21664 0.48736 0.717186 0.886834 0.982069 0.9949 0.924251
11.005 -0.967321 -0.99941 -0.94764 -0.816355 -0.616571 -0.365051 -0.0829008 0.206206 0.47801 0.709705 0.88185 0.980001 0.99592 0.928274 0.782738 0.571523 0.312353 0.0269733 -0.260669 -0.52644 -0.748037 -0.906868 -0.989605 -0.989306 0.989093 0.989812 0.907478 0.748998 0.527671 0.262068 -0.0255243 -0.310975 -0.570333 -0.781835 -0.927734 -0.995788 -0.980288 -0.882533 -0.710726 -0.479283 -0.207624 0.0814561 0.363702 0.615429 0.815517 0.947177 0.99936 0.967688
11.055 -0.923697 -0.994753 -0.982341 -0.887503 -0.718195 -0.488625 -0.218055 0.0708118 0.353737 0.60698 0.809293 0.943699 0.998921 0.970325 0.86031 0.678108 0.439007 0.16307 -0.12655 -0.405552 -0.650524 -0.840912 -0.96074 -0.999954 0.959759 0.999982 0.956298 0.832372 0.638603 0.39125 0.111068 -0.178433 -0.452963 -0.689485 -0.868154 -0.973977 -0.998075 -0.938426 -0.800036 -0.594515 -0.33911 -0.0552503 0.233245 0.502169 0.728957 0.89458 0.985139 0.993037
11.105 -0.862806 -0.971502 -0.99868 -0.942061 -0.806395 -0.603065 -0.349133 -0.065906 0.222851 0.492909 0.721608 0.889758 0.983249 0.994238 0.921802 0.772018 0.557456 0.296119 0.00993427 -0.277084 -0.540852 -0.759238 -0.913918 -0.991912 0.912485 0.99146 0.987242 0.900187 0.737598 0.513119 0.245585 -0.0425564 -0.327127 -0.584248 -0.792346 -0.93396 -0.997206 -0.976779 -0.874391 -0.698635 -0.464257 -0.190924 0.098429 0.379523 0.628772 0.825261 0.952504 0.999824
11.155 -0.785788 -0.930091 -0.996352 -0.97901 -0.879521 -0.706233 -0.473685 -0.201392 0.0878 0.369625 0.620435 0.819185 0.949199 0.999567 0.966063 0.851498 0.665485 0.423632 0.146233 -0.143436 -0.42107 -0.663372 -0.850012 -0.965329 0.848155 0.964405 0.999734 0.951176 0.822806 0.625397 0.375511 0.0941162 -0.195175 -0.46809 -0.701728 -0.876485 -0.977698 -0.996873 -0.932403 -0.789695 -0.580726 -0.323029 -0.0382269 0.249783 0.516833 0.740517 0.902066 0.987923
11.205 -0.694083 -0.871296 -0.9754 -0.99766 -0.936208 -0.7962 -0.589384 -0.333113 -0.0488922 0.239432 0.507665 0.733301 0.897407 0.986213 0.992267 0.915061 0.761075 0.543227 0.279799 -0.00710768 -0.293418 -0.555107 -0.770219 -0.920702 0.767972 0.919324 0.993538 0.984386 0.892635 0.725984 0.498418 0.22903 -0.0595761 -0.343183 -0.597994 -0.802628 -0.939914 -0.998334 -0.972986 -0.865995 -0.68634 -0.449096 -0.174168 0.115373 0.395234 0.641932 0.834766 0.957556
11.255 -0.589403 -0.796214 -0.936216 -0.997662 -0.975395 -0.871284 -0.694065 -0.458608 -0.184671 0.104763 0.385406 0.63371 0.82884 0.954424 0.999923 0.961521 0.842439 0.652668 0.408134 0.129354 -0.160281 -0.436466 -0.676028 -0.858866 0.673433 0.85706 0.968771 0.999195 0.945778 0.813002 0.612008 0.359662 0.0771368 -0.211861 -0.483081 -0.713767 -0.884562 -0.981135 -0.995382 -0.926108 -0.779126 -0.566768 -0.306854 -0.0211925 0.266248 0.531347 0.751862 0.90929
11.305 -0.473707 -0.70625 -0.879533 -0.979015 -0.99635 -0.930083 -0.785773 -0.575531 -0.316997 -0.0318641 0.255942 0.522273 0.744781 0.904795 0.988889 0.990008 0.908056 0.74991 0.528841 0.263397 -0.0241476 -0.309666 -0.569201 -0.780975 0.566307 0.778775 0.925897 0.995328 0.981243 0.884823 0.714159 0.483572 0.212408 -0.0765785 -0.359139 -0.611565 -0.812676 -0.945596 -0.999173 -0.96891 -0.857348 -0.673847 -0.433805 -0.157362 0.132284 0.410831 0.654905 0.844027
11.355 -0.349156 -0.603084 -0.806409 -0.942069 -0.998681 -0.971496 -0.862794 -0.681696 -0.443398 -0.167895 0.121695 0.401075 0.6468 0.838254 0.959371 0.999989 0.956699 0.833134 0.639662 0.392517 0.112437 -0.177078 -0.451735 -0.688487 0.448596 0.685933 0.865715 0.972856 0.998367 0.940105 0.802961 0.598442 0.343709 0.060135 -0.228484 -0.497932 -0.725599 -0.892382 -0.984287 -0.993601 -0.919545 -0.76833 -0.552646 -0.290591 -0.00415191 0.282635 0.545707 0.762989
11.405 -0.218079 -0.488646 -0.718212 -0.887514 -0.982346 -0.994751 -0.923687 -0.775119 -0.561512 -0.300789 -0.0148268 0.272379 0.53673 0.756045 0.911921 0.991279 0.987461 0.900786 0.738528 0.514301 0.246919 -0.0411804 -0.325825 -0.58313 0.322499 0.58027 0.789352 0.9322 0.996829 0.977815 0.876755 0.702127 0.468585 0.195725 -0.0935587 -0.374992 -0.62496 -0.822488 -0.951003 -0.999721 -0.964553 -0.848452 -0.661158 -0.418387 -0.14051 0.149156 0.426308 0.667688
11.455 -0.082925 -0.365074 -0.61659 -0.816369 -0.947648 -0.999411 -0.967315 -0.854053 -0.669129 -0.428059 -0.151072 0.138592 0.416627 0.659703 0.847425 0.96404 0.999764 0.9516 0.823588 0.626471 0.376787 0.0954871 -0.193825 -0.466873 0.190374 0.463761 0.698234 0.874119 0.976659 0.997248 0.93416 0.792688 0.584702 0.327656 0.0431158 -0.245042 -0.512638 -0.73722 -0.899943 -0.987153 -0.991533 -0.912714 -0.757311 -0.538363 -0.274242 0.0128899 0.298941 0.559908
11.505 0.0537786 -0.234678 -0.503443 -0.729965 -0.895237 -0.985391 -0.992862 -0.917024 -0.764239 -0.547329 -0.284493 0.00221483 0.288736 0.551031 0.767089 0.918782 0.993381 0.984627 0.893255 0.726931 0.499611 0.23037 -0.0582013 -0.341889 0.0546912 0.338583 0.594065 0.799699 0.938233 0.99804 0.974104 0.868432 0.689891 0.453462 0.178984 -0.110512 -0.390735 -0.638172 -0.832062 -0.956134 -0.999978 -0.959916 -0.839309 -0.648277 -0.402848 -0.123618 0.165986 0.441661
11.555 0.189477 -0.0998956 -0.380886 -0.629917 -0.826093 -0.952952 -0.999851 -0.962854 -0.845065 -0.656368 -0.412596 -0.134204 0.155449 0.432058 0.672414 0.856349 0.968429 0.999249 0.946224 0.813803 0.613097 0.360947 0.0785098 -0.210515 -0.0820142 0.207076 0.478791 0.710332 0.882269 0.980177 0.99584 0.927943 0.782184 0.570793 0.311507 0.026084 -0.261528 -0.527196 -0.748627 -0.907243 -0.989732 -0.989176 -0.905618 -0.746072 -0.523924 -0.257815 0.0299279 0.315159
11.605 0.321634 0.0367541 -0.251209 -0.518094 -0.741507 -0.902701 -0.98815 -0.990686 -0.910094 -0.753138 -0.532987 -0.268114 0.0192558 0.30501 0.565171 0.77791 0.925376 0.995194 0.981507 0.885464 0.715123 0.484776 0.213753 -0.0752053 -0.217187 0.0716991 0.354569 0.607687 0.809815 0.943993 0.998962 0.970109 0.859856 0.677454 0.438208 0.162192 -0.127433 -0.406365 -0.6512 -0.841393 -0.960987 -0.999945 -0.955 -0.829922 -0.635207 -0.387192 -0.106689 0.182766
11.655 0.447779 0.172717 -0.116837 -0.396588 -0.643061 -0.835576 -0.957979 -1 -0.958112 -0.835831 -0.643416 -0.397013 -0.117297 0.172261 0.447364 0.68493 0.865025 0.972537 0.998444 0.940574 0.803782 0.599545 0.345002 0.0615096 -0.348299 -0.0650183 0.223718 0.493683 0.722224 0.890163 0.983411 0.994142 0.921456 0.771453 0.556717 0.295269 0.0090447 -0.277938 -0.5416 -0.759817 -0.914278 -0.992025 -0.986531 -0.89826 -0.734617 -0.509333 -0.241312 0.0469573
11.705 0.565554 0.305451 0.019719 -0.267668 -0.532595 -0.752833 -0.909902 -0.990622 -0.988221 -0.9029 -0.741818 -0.518491 -0.251658 0.0362912 0.321195 0.579148 0.788505 0.931701 0.996718 0.978103 0.877416 0.703107 0.469801 0.197075 -0.472902 -0.20052 0.0886862 0.370451 0.621132 0.819695 0.949479 0.999593 0.965833 0.851031 0.664821 0.422826 0.145353 -0.144317 -0.421877 -0.664038 -0.850481 -0.965561 -0.999622 -0.949807 -0.820295 -0.621953 -0.371424 -0.0897295
11.755 0.672757 0.432476 0.155907 -0.133745 -0.412174 -0.656018 -0.844817 -0.962728 -0.999859 -0.953092 -0.826354 -0.630277 -0.381314 -0.100357 0.189022 0.46254 0.697247 0.873449 0.976362 0.997349 0.93465 0.793526 0.585819 0.328956 -0.588665 -0.332275 -0.0480036 0.240295 0.508431 0.733906 0.897799 0.986359 0.992156 0.914702 0.760497 0.54248 0.278944 -0.00799726 -0.294268 -0.555847 -0.770786 -0.921049 -0.994028 -0.983601 -0.89064 -0.722948 -0.494594 -0.224739
11.805 0.767386 0.551417 0.28918 0.00267806 -0.284049 -0.546941 -0.763941 -0.916839 -0.992807 -0.98547 -0.895444 -0.730282 -0.503844 -0.235128 0.0533161 0.337287 0.592956 0.798872 0.937755 0.997953 0.974414 0.869114 0.690887 0.454689 -0.693424 -0.457818 -0.183796 0.105647 0.386226 0.634398 0.829338 0.954689 0.999934 0.961276 0.841959 0.651994 0.407322 0.128472 -0.161159 -0.437266 -0.676683 -0.859321 -0.969854 -0.999009 -0.944338 -0.810429 -0.608518 -0.355548
11.855 0.847671 0.660051 0.417048 0.139051 -0.150614 -0.427641 -0.668785 -0.853812 -0.967198 -0.999427 -0.947796 -0.816637 -0.616955 -0.365505 -0.0833866 0.205729 0.477582 0.709362 0.88162 0.979903 0.995964 0.928455 0.783041 0.571923 -0.785223 -0.574803 -0.316153 -0.0309749 0.256802 0.523032 0.745374 0.905174 0.989021 0.989882 0.907683 0.749321 0.528086 0.262539 -0.0250369 -0.310512 -0.569932 -0.781531 -0.927552 -0.995744 -0.980384 -0.882762 -0.711069 -0.479711
11.905 0.912111 0.756348 0.537121 0.272825 -0.0143636 -0.300347 -0.561128 -0.774826 -0.92351 -0.994703 -0.982432 -0.887727 -0.718534 -0.48905 -0.218531 0.0703254 0.353281 0.606593 0.809006 0.943537 0.998898 0.970442 0.860558 0.678466 -0.862344 -0.681045 -0.442601 -0.167018 0.122578 0.401889 0.647479 0.838739 0.959622 0.999985 0.95644 0.832642 0.638978 0.391699 0.111553 -0.177954 -0.452528 -0.689132 -0.867912 -0.973866 -0.998105 -0.938595 -0.800328 -0.594907
11.955 0.959502 0.838507 0.647154 0.401499 0.122155 -0.167439 -0.442983 -0.681357 -0.86256 -0.971386 -0.998705 -0.942224 -0.806683 -0.603454 -0.34959 -0.0663925 0.222376 0.492485 0.72127 0.889535 0.98316 0.99429 0.92199 0.772328 -0.923346 -0.774557 -0.560775 -0.29994 -0.0139373 0.273235 0.53748 0.756627 0.912286 0.991396 0.98732 0.900399 0.737928 0.513537 0.246057 -0.0420693 -0.326666 -0.583852 -0.792049 -0.933785 -0.99717 -0.976883 -0.874628 -0.698983
12.005 0.988958 0.904992 0.74509 0.522668 0.25639 -0.0314011 -0.316558 -0.575152 -0.785487 -0.929912 -0.99631 -0.979109 -0.879753 -0.706578 -0.474115 -0.201869 0.0873144 0.369172 0.620053 0.818906 0.949046 0.999553 0.966189 0.851753 -0.967089 -0.85359 -0.668468 -0.427255 -0.150192 0.139473 0.417436 0.660372 0.847897 0.964276 0.999745 0.951326 0.823083 0.625777 0.375962 0.0946016 -0.194697 -0.467659 -0.701381 -0.87625 -0.977595 -0.996912 -0.932579 -0.789994
12.055 0.999929 0.954562 0.829099 0.634068 0.385833 0.105223 -0.184215 -0.458197 -0.693732 -0.871057 -0.975293 -0.997693 -0.936379 -0.796494 -0.589777 -0.333573 -0.0493791 0.238958 0.507245 0.732969 0.897192 0.986132 0.992327 0.915258 -0.992756 -0.916669 -0.763665 -0.546584 -0.28364 0.00310444 0.289588 0.551773 0.767659 0.919132 0.993483 0.984471 0.892854 0.72632 0.49884 0.229504 -0.0590894 -0.342725 -0.597603 -0.802337 -0.939748 -0.998306 -0.973098 -0.866239
12.105 0.992209 0.986289 0.897611 0.733616 0.508064 0.239881 -0.0484295 -0.332677 -0.589009 -0.795919 -0.936045 -0.997628 -0.975502 -0.871523 -0.694416 -0.459042 -0.18515 0.104278 0.384956 0.633332 0.828567 0.954278 0.999917 0.961655 -0.999866 -0.962613 -0.844589 -0.655696 -0.411785 -0.133322 0.156328 0.43286 0.673073 0.856808 0.96865 0.999215 0.945936 0.813286 0.612394 0.360117 0.0776229 -0.211384 -0.482654 -0.713426 -0.884335 -0.98104 -0.995429 -0.926292
12.155 0.965943 0.999581 0.949345 0.819451 0.620798 0.370055 0.0882615 -0.200938 -0.473277 -0.705905 -0.879301 -0.978916 -0.996391 -0.930262 -0.786075 -0.57593 -0.317459 -0.0323514 0.255471 0.521857 0.744456 0.904587 0.988817 0.990076 -0.988286 -0.990564 -0.909725 -0.752552 -0.532234 -0.267257 0.0201453 0.305857 0.565905 0.778469 0.925712 0.995281 0.981337 0.88505 0.714501 0.483998 0.212884 -0.0760924 -0.358684 -0.61118 -0.812392 -0.945437 -0.999153 -0.969031
12.205 0.921622 0.994188 0.983334 0.889969 0.721929 0.493312 0.223303 -0.0654438 -0.348699 -0.602695 -0.806121 -0.941905 -0.998656 -0.971612 -0.86304 -0.682053 -0.443835 -0.168376 0.121211 0.400628 0.646428 0.837988 0.959234 0.999991 -0.958234 -1 -0.957857 -0.835342 -0.642734 -0.396196 -0.116414 0.173137 0.44816 0.685578 0.865471 0.972743 0.998394 0.940271 0.803252 0.598833 0.344166 0.0606217 -0.22801 -0.497509 -0.725264 -0.892162 -0.984201 -0.993656
12.255 0.860074 0.970212 0.998942 0.943852 0.809565 0.607348 0.35417 0.0712738 -0.217603 -0.488221 -0.717873 -0.887289 -0.982254 -0.9948 -0.923874 -0.775427 -0.561915 -0.301253 -0.0153143 0.27191 0.536318 0.755725 0.911721 0.991215 -0.910271 -0.990744 -0.988085 -0.902517 -0.741221 -0.51773 -0.250797 0.0371802 0.322037 0.579873 0.789052 0.932023 0.99679 0.977917 0.876989 0.702474 0.469016 0.196203 -0.0930733 -0.37454 -0.624579 -0.822211 -0.950852 -0.999709
12.305 0.782449 0.928102 0.995878 0.980093 0.882069 0.710032 0.478417 0.206659 -0.0824391 -0.36462 -0.616206 -0.816088 -0.947492 -0.999394 -0.967439 -0.854307 -0.669491 -0.4285 -0.151554 0.138109 0.416184 0.659337 0.847166 0.963911 -0.845293 -0.962969 -0.999843 -0.952823 -0.825852 -0.629586 -0.380492 -0.0994714 0.189896 0.463329 0.697885 0.873882 0.976554 0.997284 0.934334 0.792985 0.585098 0.328116 0.0436029 -0.244569 -0.51222 -0.736891 -0.89973 -0.987075
12.355 0.690199 0.868643 0.9742 0.998013 0.938085 0.799443 0.593722 0.338182 0.0542655 -0.234204 -0.503022 -0.729632 -0.89502 -0.985308 -0.99292 -0.917218 -0.764554 -0.547737 -0.28496 0.00172728 0.28827 0.550624 0.766776 0.918589 -0.764514 -0.917194 -0.992913 -0.985318 -0.895047 -0.729674 -0.503075 -0.234264 0.0542044 0.338124 0.593672 0.799407 0.938064 0.99801 0.974214 0.868673 0.690244 0.453897 0.179464 -0.110027 -0.390286 -0.637797 -0.831791 -0.955991
12.405 0.585048 0.792948 0.934312 0.997279 0.976567 0.873912 0.697929 0.463383 0.189956 -0.0994105 -0.380435 -0.629538 -0.825818 -0.952804 -0.999842 -0.962985 -0.845325 -0.656735 -0.41304 -0.134687 0.154967 0.431619 0.672053 0.856097 -0.669446 -0.854275 -0.967423 -0.999397 -0.947512 -0.816123 -0.616255 -0.364677 -0.0825001 0.206599 0.478363 0.709989 0.88204 0.98008 0.995884 0.928124 0.782487 0.571193 0.311971 0.0265714 -0.261057 -0.526781 -0.748304 -0.907037
12.455 0.468962 0.702431 0.87696 0.977904 0.996795 0.932046 0.78909 0.579923 0.322095 0.0372413 -0.250738 -0.517677 -0.74118 -0.902491 -0.988075 -0.990752 -0.910296 -0.753459 -0.5334 -0.268584 0.0187683 0.304546 0.564769 0.777604 -0.561864 -0.775388 -0.923851 -0.994794 -0.982266 -0.887317 -0.717915 -0.488274 -0.217662 0.0712128 0.354113 0.6073 0.809529 0.943832 0.998939 0.970227 0.860105 0.677813 0.438646 0.162673 -0.126949 -0.405919 -0.65083 -0.84113
12.505 0.344109 0.598784 0.803216 0.940251 0.998391 0.972757 0.865502 0.685623 0.448214 0.173197 -0.116353 -0.39614 -0.642688 -0.835308 -0.957839 -1 -0.958252 -0.836098 -0.643789 -0.39746 -0.117781 0.17178 0.446928 0.684575 -0.44378 -0.682008 -0.863009 -0.971597 -0.998659 -0.941926 -0.806157 -0.602744 -0.348756 -0.0655049 0.223243 0.493259 0.721886 0.889941 0.983323 0.994195 0.921646 0.771763 0.557122 0.295735 0.00953224 -0.27747 -0.54119 -0.7595
12.555 0.212825 0.483945 0.714458 0.885022 0.981325 0.995287 0.925735 0.778507 0.565956 0.305915 0.0202064 -0.267198 -0.532182 -0.752512 -0.9097 -0.990556 -0.988296 -0.903109 -0.742145 -0.518907 -0.25213 0.035804 0.320733 0.57875 -0.317401 -0.57588 -0.786037 -0.930239 -0.996386 -0.978928 -0.87933 -0.705948 -0.473331 -0.200998 0.0882005 0.369998 0.62075 0.819416 0.949326 0.999579 0.965959 0.851287 0.665185 0.423268 0.145835 -0.143834 -0.421435 -0.663673
12.605 0.0775619 0.36006 0.612345 0.81325 0.945916 0.999212 0.968666 0.85684 0.673118 0.432916 0.156388 -0.133262 -0.41173 -0.65565 -0.844556 -0.962596 -0.999867 -0.95324 -0.826628 -0.630655 -0.381765 -0.100842 0.188543 0.462108 -0.18509 -0.458987 -0.694372 -0.871493 -0.975489 -0.997632 -0.936066 -0.795956 -0.589059 -0.332734 -0.0484906 0.239822 0.508011 0.733574 0.897584 0.986279 0.992217 0.914899 0.760814 0.54289 0.279413 -0.00750972 -0.293802 -0.555441
12.655 -0.0591505 0.229445 0.498787 0.726277 0.892827 0.984461 0.99349 0.919156 0.767698 0.551824 0.289647 0.00316562 -0.283581 -0.546533 -0.763626 -0.916644 -0.992748 -0.985553 -0.895661 -0.730615 -0.504265 -0.235602 0.0528292 0.336828 -0.049318 -0.333515 -0.589728 -0.796457 -0.936357 -0.997689 -0.975306 -0.871087 -0.693776 -0.458251 -0.184275 0.105163 0.385777 0.634021 0.829065 0.954544 0.999928 0.96141 0.842222 0.652364 0.407767 0.128955 -0.160677 -0.436828
12.705 -0.194757 0.0945407 0.375906 0.625729 0.823049 0.951307 0.999743 0.964292 0.847929 0.660417 0.417491 0.139534 -0.150132 -0.4272 -0.668422 -0.853558 -0.967074 -0.999443 -0.947951 -0.816918 -0.617339 -0.365959 -0.0838725 0.205252 0.0873753 -0.20181 -0.474061 -0.706534 -0.879724 -0.979097 -0.996316 -0.929935 -0.785525 -0.575202 -0.316616 -0.0314623 0.256331 0.522616 0.745049 0.904966 0.988949 0.989951 0.907887 0.749644 0.528499 0.263009 -0.0245495 -0.310048
12.755 -0.326724 -0.0421304 0.245998 0.513485 0.737886 0.900373 0.98731 0.991404 0.912311 0.756667 0.537532 0.273294 -0.0138761 -0.299882 -0.560725 -0.774518 -0.923323 -0.994653 -0.982523 -0.887952 -0.718873 -0.489475 -0.219006 0.0698391 0.222435 -0.0663315 -0.349533 -0.603405 -0.806647 -0.942204 -0.998702 -0.971401 -0.862591 -0.681402 -0.443038 -0.167499 0.122094 0.401443 0.647107 0.838473 0.959485 0.999987 0.956582 0.832912 0.639353 0.392148 0.112037 -0.177474
12.805 -0.452583 -0.178014 0.111492 0.391643 0.638931 0.832608 0.956422 0.999984 0.959639 0.838772 0.647525 0.401945 0.122639 -0.166958 -0.442546 -0.681 -0.862313 -0.97127 -0.99873 -0.942387 -0.806971 -0.603843 -0.350047 -0.066879 0.353338 0.0703864 -0.218471 -0.488997 -0.718492 -0.887699 -0.982421 -0.994709 -0.923533 -0.774865 -0.561179 -0.300405 -0.0144248 0.272766 0.537069 0.756308 0.912086 0.991332 0.987397 0.900611 0.738256 0.513956 0.24653 -0.0415821
12.855 -0.569983 -0.31057 -0.0250981 0.26248 0.528034 0.749281 0.907657 0.989873 0.98903 0.9052 0.745415 0.523084 0.256861 -0.0309138 -0.316095 -0.574753 -0.785185 -0.929733 -0.996268 -0.979208 -0.879985 -0.706923 -0.474544 -0.202347 0.477636 0.205789 -0.0833257 -0.365448 -0.616907 -0.816602 -0.947776 -0.999425 -0.967213 -0.853844 -0.66883 -0.427696 -0.150674 0.13899 0.416992 0.660005 0.847638 0.964147 0.999756 0.951476 0.82336 0.626157 0.376414 0.0950869
12.905 -0.676728 -0.437321 -0.161219 0.128411 0.407266 0.651948 0.841926 0.961259 0.999935 0.954707 0.829372 0.634445 0.386283 0.105708 -0.183736 -0.457763 -0.69338 -0.870817 -0.975185 -0.997726 -0.93655 -0.796789 -0.590171 -0.334033 0.593006 0.337344 0.0533771 -0.235069 -0.503791 -0.73024 -0.895416 -0.98546 -0.992814 -0.916863 -0.76398 -0.546992 -0.284107 0.00261689 0.289121 0.551366 0.767347 0.91894 0.993427 0.984557 0.893074 0.726655 0.499263 0.229979
12.955 -0.770825 -0.555898 -0.294326 -0.00805844 0.278886 0.542429 0.760458 0.914678 0.992148 0.986369 0.897826 0.733947 0.508484 0.240355 -0.0479425 -0.332217 -0.588615 -0.795624 -0.935873 -0.997594 -0.975609 -0.871762 -0.694767 -0.459475 0.697291 0.462595 0.189082 -0.100296 -0.381258 -0.630229 -0.826319 -0.953074 -0.999858 -0.962745 -0.84485 -0.656064 -0.41223 -0.133806 0.155846 0.432421 0.672712 0.856557 0.968529 0.999234 0.946094 0.813569 0.612779 0.360572
13.005 -0.850513 -0.664084 -0.421932 -0.144377 0.145292 0.422771 0.664775 0.850999 0.965817 0.999595 0.949498 0.81973 0.62118 0.370508 0.0887471 -0.200461 -0.472848 -0.705559 -0.879068 -0.978816 -0.996433 -0.93044 -0.786376 -0.576328 0.788543 0.579198 0.321253 0.0363523 -0.251599 -0.518438 -0.741777 -0.902874 -0.988212 -0.990631 -0.909927 -0.752873 -0.532647 -0.267727 0.0196578 0.305393 0.565503 0.778163 0.925528 0.995233 0.98143 0.885277 0.714842 0.484425
13.055 -0.914303 -0.759857 -0.541651 -0.277997 0.00898353 0.29521 0.556666 0.771414 0.921433 0.994136 0.983422 0.890191 0.722266 0.493736 0.223778 -0.0649573 -0.348242 -0.602306 -0.805832 -0.941741 -0.998631 -0.971727 -0.863287 -0.682409 0.865056 0.684975 0.447419 0.172321 -0.117237 -0.396957 -0.643369 -0.835797 -0.958095 -1 -0.957997 -0.83561 -0.643108 -0.396644 -0.116898 0.172657 0.447724 0.685223 0.865227 0.97263 0.998422 0.940437 0.803542 0.599223
13.105 -0.961004 -0.841426 -0.651246 -0.406421 -0.127493 0.162132 0.438153 0.677409 0.859825 0.970094 0.998964 0.944013 0.809851 0.607735 0.354626 0.0717601 -0.217127 -0.487795 -0.717533 -0.887064 -0.982163 -0.99485 -0.924061 -0.775735 0.925399 0.777949 0.565222 0.305068 0.019317 -0.268055 -0.532935 -0.753098 -0.910069 -0.990677 -0.98816 -0.902727 -0.741548 -0.518147 -0.251269 0.036693 0.321576 0.579476 0.788753 0.931847 0.996751 0.978019 0.877223 0.702821
13.155 -0.989741 -0.907268 -0.748668 -0.527248 -0.261587 0.0260229 0.311449 0.570743 0.782146 0.92792 0.995834 0.980189 0.882298 0.710375 0.478845 0.207136 -0.0819532 -0.364166 -0.615822 -0.815806 -0.947336 -0.999377 -0.967562 -0.85456 0.968444 0.856381 0.67246 0.432114 0.155509 -0.134143 -0.41254 -0.656322 -0.845032 -0.962837 -0.999852 -0.952971 -0.826127 -0.629965 -0.380943 -0.0999565 0.189417 0.462897 0.697536 0.873645 0.976449 0.99732 0.934507 0.793282
13.205 -0.999979 -0.956152 -0.832095 -0.638219 -0.390791 -0.110573 0.178924 0.453408 0.689846 0.868401 0.97409 0.998044 0.938254 0.799736 0.594114 0.338641 0.0547523 -0.23373 -0.502601 -0.729299 -0.894802 -0.985225 -0.992978 -0.917412 0.993388 0.918806 0.767128 0.551082 0.288795 0.00227601 -0.284434 -0.547278 -0.7642 -0.916999 -0.992855 -0.985402 -0.895265 -0.730007 -0.503496 -0.234738 0.0537175 0.337665 0.59328 0.799114 0.937895 0.997979 0.974324 0.868915
13.255 -0.991525 -0.987163 -0.89997 -0.737262 -0.512691 -0.245101 0.0430547 0.327598 0.584653 0.79265 0.934138 0.997243 0.976672 0.874149 0.698278 0.463815 0.190434 -0.0989253 -0.379984 -0.62916 -0.825543 -0.952656 -0.999833 -0.963116 0.999763 0.964056 0.847457 0.659749 0.416683 0.138653 -0.151011 -0.428004 -0.669084 -0.854022 -0.9673 -0.999413 -0.947668 -0.816405 -0.616638 -0.365131 -0.082986 0.206122 0.477935 0.709645 0.88181 0.979983 0.995928 0.928306
13.305 -0.964537 -0.999722 -0.951022 -0.822523 -0.625007 -0.375048 -0.0936196 0.195665 0.468531 0.702083 0.876725 0.977802 0.996834 0.932222 0.789389 0.58032 0.322557 0.0377286 -0.250266 -0.51726 -0.740852 -0.902281 -0.988 -0.990818 0.987451 0.991287 0.911946 0.756085 0.536782 0.272438 -0.0147656 -0.30073 -0.561461 -0.77508 -0.923664 -0.994744 -0.982357 -0.887542 -0.718255 -0.488699 -0.218138 0.0707265 0.353657 0.606912 0.809243 0.943671 0.998917 0.970345
13.355 -0.919521 -0.993595 -0.984298 -0.89241 -0.725641 -0.497985 -0.228544 0.060074 0.343651 0.598393 0.802925 0.940085 0.998363 0.97287 0.865746 0.685978 0.44865 0.173677 -0.115869 -0.395692 -0.642314 -0.83504 -0.957699 -0.999999 0.956682 0.999989 0.959389 0.838288 0.646847 0.401131 0.121756 -0.167835 -0.443343 -0.681651 -0.862763 -0.971482 -0.998685 -0.94209 -0.806445 -0.603133 -0.349213 -0.0659914 0.222768 0.492835 0.721549 0.889719 0.983234 0.994247
13.405 -0.857316 -0.968895 -0.999175 -0.945616 -0.812712 -0.611614 -0.359196 -0.0766395 0.212348 0.483518 0.714117 0.884795 0.981231 0.995334 0.92592 0.778813 0.566357 0.30638 0.0206939 -0.266728 -0.53177 -0.752191 -0.909497 -0.990489 0.90803 0.989999 0.988899 0.904821 0.744822 0.522325 0.256002 -0.031803 -0.316939 -0.575481 -0.785736 -0.93006 -0.996345 -0.979028 -0.879562 -0.706293 -0.473761 -0.201476 0.0877149 0.369545 0.620368 0.819136 0.949172 0.999565
13.455 -0.779087 -0.926085 -0.995376 -0.981147 -0.884591 -0.71381 -0.483135 -0.211921 0.0770758 0.359605 0.61196 0.812966 0.945758 0.999193 0.968787 0.857091 0.673478 0.433355 0.15687 -0.132778 -0.411285 -0.655282 -0.844295 -0.962464 0.842406 0.961504 0.999924 0.954442 0.828874 0.633757 0.385462 0.104824 -0.18461 -0.458554 -0.694021 -0.871254 -0.975381 -0.997666 -0.936238 -0.796251 -0.589453 -0.333194 -0.0489776 0.239349 0.507591 0.733243 0.897369 0.986198
13.505 -0.686296 -0.865965 -0.972972 -0.998338 -0.939935 -0.802664 -0.598043 -0.34324 -0.0596372 0.22897 0.498365 0.725942 0.892607 0.984375 0.993545 0.919348 0.768011 0.55223 0.290113 0.00365317 -0.283113 -0.546124 -0.763311 -0.916449 0.761035 0.915037 0.992259 0.986223 0.897434 0.733343 0.507718 0.239491 -0.0488311 -0.333056 -0.589334 -0.796163 -0.936186 -0.997656 -0.975414 -0.871326 -0.694127 -0.458684 -0.184755 0.104678 0.385327 0.633644 0.828792 0.954398
13.555 -0.580676 -0.789658 -0.93238 -0.996868 -0.977711 -0.876515 -0.701772 -0.468144 -0.195235 0.0940553 0.375454 0.625349 0.822772 0.951157 0.999732 0.964421 0.848188 0.660783 0.417934 0.140017 -0.14965 -0.426759 -0.66806 -0.853304 0.665439 0.851466 0.966047 0.999569 0.949218 0.81922 0.620483 0.369682 0.087861 -0.201332 -0.473632 -0.706189 -0.879492 -0.978998 -0.996357 -0.930114 -0.785826 -0.575601 -0.317078 -0.0319496 0.25586 0.5222 0.744724 0.904759
13.605 -0.464203 -0.698591 -0.874361 -0.976766 -0.997211 -0.933982 -0.792384 -0.584298 -0.327184 -0.0426175 0.245525 0.513067 0.737557 0.90016 0.987233 0.991468 0.91251 0.756985 0.537943 0.273763 -0.0133886 -0.299416 -0.560321 -0.774209 0.557405 0.771979 0.921778 0.994231 0.98326 0.889786 0.72165 0.492962 0.222911 -0.065845 -0.349076 -0.603016 -0.806358 -0.94204 -0.998677 -0.971516 -0.862837 -0.681759 -0.443475 -0.16798 0.12161 0.400996 0.646735 0.838208
13.655 -0.339052 -0.594466 -0.799999 -0.938405 -0.998071 -0.973991 -0.868184 -0.68953 -0.453018 -0.178494 0.111007 0.391194 0.638556 0.832338 0.95628 0.999981 0.959776 0.839038 0.647897 0.402392 0.123123 -0.166477 -0.442109 -0.680643 0.438952 0.678063 0.860279 0.97031 0.998924 0.943719 0.809329 0.607029 0.353794 0.0708728 -0.217995 -0.488571 -0.718152 -0.887474 -0.98233 -0.994759 -0.92372 -0.775173 -0.561582 -0.30087 -0.0149123 0.272297 0.536658 0.755989
13.705 -0.207564 -0.479229 -0.710683 -0.882504 -0.980276 -0.995794 -0.927757 -0.781873 -0.570383 -0.311033 -0.0255855 0.262009 0.527619 0.748958 0.907452 0.989804 0.989102 0.905407 0.74574 0.523499 0.257333 -0.0304265 -0.315633 -0.574354 0.312295 0.571473 0.7827 0.928251 0.995915 0.980013 0.881879 0.709749 0.478064 0.206266 -0.0828398 -0.364994 -0.616523 -0.81632 -0.947621 -0.999408 -0.967337 -0.854098 -0.669193 -0.428137 -0.151156 0.138508 0.416549 0.659639
13.755 -0.0721966 -0.355035 -0.608083 -0.810107 -0.944157 -0.998984 -0.969988 -0.859601 -0.677087 -0.437759 -0.1617 0.127927 0.406821 0.651578 0.841663 0.961125 0.99994 0.954852 0.829644 0.634822 0.386732 0.106193 -0.183257 -0.45733 0.179799 0.4542 0.69049 0.868842 0.974291 0.997988 0.937946 0.799202 0.593398 0.337803 0.053864 -0.234595 -0.50337 -0.729907 -0.895199 -0.985377 -0.992872 -0.917058 -0.764295 -0.5474 -0.284575 0.00212933 0.288655 0.550959
13.805 0.0645206 -0.224204 -0.494117 -0.722568 -0.890391 -0.983501 -0.994088 -0.921263 -0.771135 -0.556303 -0.294792 -0.00854597 0.278417 0.542019 0.760141 0.91448 0.992087 0.98645 0.89804 0.734278 0.508904 0.240828 -0.0474555 -0.331757 0.0439434 0.328438 0.585374 0.793192 0.934455 0.997309 0.97648 0.873717 0.697641 0.463027 0.189561 -0.0998105 -0.380807 -0.629851 -0.826045 -0.952926 -0.999849 -0.962877 -0.84511 -0.656432 -0.412674 -0.134289 0.155364 0.431981
13.855 0.200032 -0.089183 -0.370915 -0.621523 -0.819981 -0.949635 -0.999607 -0.965703 -0.850769 -0.664448 -0.422374 -0.14486 0.14481 0.422329 0.664411 0.850743 0.96569 0.999608 0.949651 0.820009 0.621562 0.370961 0.0892327 -0.199983 -0.0927339 0.196537 0.469317 0.702717 0.877153 0.977988 0.996763 0.9319 0.788843 0.579595 0.321715 0.0368396 -0.251127 -0.518021 -0.74145 -0.902664 -0.988137 -0.990697 -0.91013 -0.753194 -0.533059 -0.268197 0.0191703 0.304929
13.905 0.331804 0.0475054 -0.240779 -0.508861 -0.734244 -0.898018 -0.986441 -0.992094 -0.914501 -0.760173 -0.542061 -0.278465 0.00849599 0.294744 0.556261 0.771103 0.921243 0.994083 0.98351 0.890413 0.722603 0.49416 0.224253 -0.0644708 -0.227678 0.0609619 0.344487 0.599106 0.803455 0.940387 0.998414 0.972664 0.8653 0.68533 0.447855 0.172801 -0.116752 -0.396509 -0.642996 -0.835529 -0.957955 -1 -0.958137 -0.835877 -0.643481 -0.397091 -0.117382 0.172176
13.955 0.457374 0.183306 -0.106143 -0.386686 -0.634783 -0.829616 -0.954837 -0.99994 -0.961138 -0.84169 -0.651616 -0.406866 -0.127977 0.161651 0.437715 0.67705 0.859576 0.969976 0.998986 0.944174 0.810137 0.608123 0.355082 0.0722464 -0.358366 -0.0757525 0.213217 0.484296 0.714739 0.885209 0.981402 0.995248 0.925583 0.778255 0.565624 0.305533 0.0198044 -0.267585 -0.532523 -0.752777 -0.909867 -0.990611 -0.988234 -0.902937 -0.741875 -0.518564 -0.251741 0.0362058
14.005 0.574395 0.31568 0.0304764 -0.257284 -0.523457 -0.745707 -0.905386 -0.989095 -0.989811 -0.907473 -0.748991 -0.527662 -0.262058 0.0255355 0.310986 0.570342 0.781842 0.927738 0.99579 0.980286 0.882528 0.710718 0.479273 0.207613 -0.482356 -0.211051 0.0779627 0.360435 0.612663 0.813484 0.946047 0.999228 0.968566 0.856632 0.67282 0.432553 0.155991 -0.13366 -0.412096 -0.655954 -0.844771 -0.962705 -0.99986 -0.953118 -0.826402 -0.630343 -0.381393 -0.100442
14.055 0.68068 0.442153 0.166527 -0.123073 -0.402346 -0.647859 -0.83901 -0.959762 -0.999982 -0.956294 -0.832366 -0.638595 -0.39124 -0.111057 0.178444 0.452973 0.689493 0.868159 0.973979 0.998074 0.938422 0.800029 0.594506 0.339099 -0.597329 -0.342405 -0.0587491 0.229836 0.499136 0.726554 0.893008 0.984531 0.993444 0.918998 0.767441 0.551489 0.289262 0.00276357 -0.283967 -0.546869 -0.763885 -0.916805 -0.992797 -0.985484 -0.895482 -0.73034 -0.503917 -0.235211
14.105 0.774241 0.560362 0.299464 0.0134386 -0.273715 -0.537901 -0.756953 -0.91249 -0.991461 -0.987241 -0.900182 -0.737591 -0.513109 -0.245574 0.0425676 0.327137 0.584257 0.792353 0.933964 0.997207 0.976776 0.874386 0.698627 0.464247 -0.701138 -0.467358 -0.194363 0.0949409 0.376278 0.626043 0.823277 0.951431 0.999752 0.964186 0.847716 0.660115 0.417126 0.139136 -0.150529 -0.427563 -0.668721 -0.853768 -0.967176 -0.99943 -0.947823 -0.816686 -0.617022 -0.365585
14.155 0.85333 0.668097 0.426804 0.149699 -0.139967 -0.417889 -0.660746 -0.848161 -0.964408 -0.999733 -0.951172 -0.8228 -0.625388 -0.3755 -0.094105 0.195186 0.4681 0.701736 0.876491 0.9777 0.996872 0.932398 0.789688 0.580717 -0.791841 -0.583576 -0.326344 -0.0417287 0.246388 0.51383 0.738158 0.900548 0.987374 0.991351 0.912146 0.756404 0.537193 0.272907 -0.0142781 -0.300265 -0.561057 -0.774772 -0.923477 -0.994694 -0.982448 -0.887767 -0.718594 -0.489125
14.205 0.916469 0.763343 0.546166 0.283161 -0.00360318 -0.290065 -0.552189 -0.767979 -0.919329 -0.993539 -0.984384 -0.89263 -0.725977 -0.498408 -0.229019 0.0595873 0.343193 0.598003 0.802634 0.939918 0.998335 0.972983 0.86599 0.686332 -0.867742 -0.688885 -0.452224 -0.177618 0.111891 0.392013 0.639241 0.832831 0.956539 0.999986 0.959526 0.838553 0.647219 0.401577 0.12224 -0.167354 -0.442906 -0.681295 -0.862516 -0.971366 -0.998709 -0.942253 -0.806733 -0.603522
14.255 0.962478 0.844322 0.65532 0.411331 0.132828 -0.15682 -0.43331 -0.673441 -0.857065 -0.968774 -0.999195 -0.945774 -0.812996 -0.611999 -0.359651 -0.0771256 0.211872 0.483091 0.713775 0.884567 0.981137 0.995381 0.926104 0.779119 -0.927424 -0.781318 -0.569652 -0.310188 -0.0246961 0.262868 0.528375 0.749547 0.907826 0.98993 0.988971 0.905029 0.745147 0.522741 0.256473 -0.0313157 -0.316477 -0.575082 -0.785434 -0.929881 -0.996303 -0.979127 -0.879794 -0.706638
14.305 0.990496 0.909518 0.752224 0.531812 0.266776 -0.0206439 -0.306332 -0.566316 -0.778782 -0.925901 -0.995329 -0.981241 -0.884818 -0.714152 -0.483562 -0.212397 0.0765897 0.35915 0.611574 0.812682 0.9456 0.999173 0.968907 0.857342 -0.969771 -0.859147 -0.676432 -0.436959 -0.160822 0.12881 0.407633 0.652253 0.842143 0.96137 0.99993 0.954588 0.829147 0.634134 0.385912 0.105309 -0.184131 -0.458121 -0.69367 -0.871015 -0.975274 -0.997699 -0.936409 -0.796546
14.355 0.999999 0.957714 0.835068 0.642352 0.395738 0.115918 -0.173628 -0.448606 -0.685941 -0.865721 -0.972859 -0.998366 -0.940102 -0.802955 -0.598433 -0.343698 -0.0601239 0.228495 0.497942 0.725607 0.892387 0.984289 0.9936 0.91954 -0.993991 -0.920916 -0.770568 -0.555563 -0.293942 -0.0076564 0.279272 0.542767 0.760719 0.91484 0.992199 0.986303 0.897649 0.733674 0.508138 0.239964 -0.0483441 -0.332596 -0.58894 -0.795867 -0.936015 -0.997622 -0.975521 -0.871565
14.405 0.990811 0.988008 0.902302 0.740886 0.517303 0.250314 -0.0376786 -0.32251 -0.580279 -0.789359 -0.932204 -0.99683 -0.977813 -0.876749 -0.702119 -0.468575 -0.195714 0.0935699 0.375002 0.624968 0.822494 0.951006 0.999721 0.96455 -0.999632 -0.965472 -0.850301 -0.663783 -0.421568 -0.143979 0.14569 0.423135 0.665075 0.85121 0.965921 0.999583 0.949372 0.8195 0.620865 0.370135 0.0883466 -0.200854 -0.473202 -0.705844 -0.87926 -0.978898 -0.996399 -0.930293
14.455 0.963103 0.999834 0.952671 0.825571 0.629198 0.380031 0.0989751 -0.190385 -0.463771 -0.698242 -0.874125 -0.976661 -0.997247 -0.934156 -0.792681 -0.584693 -0.327645 -0.0431046 0.245053 0.512648 0.737228 0.899948 0.987155 0.991531 -0.986587 -0.991982 -0.91414 -0.759595 -0.541313 -0.277611 0.00938556 0.295594 0.557 0.771669 0.921589 0.994179 0.983349 0.890008 0.721988 0.493387 0.223386 -0.0653585 -0.348619 -0.602627 -0.80607 -0.941877 -0.998652 -0.971632
14.505 0.917392 0.992972 0.985233 0.894825 0.729333 0.502644 0.233779 -0.0547024 -0.338594 -0.594074 -0.799706 -0.938237 -0.998041 -0.974101 -0.868426 -0.689883 -0.453452 -0.178973 0.110523 0.390745 0.638181 0.832068 0.956137 0.999978 -0.955101 -0.999949 -0.960892 -0.841209 -0.650941 -0.406053 -0.127095 0.162529 0.438514 0.677705 0.86003 0.970192 0.998946 0.94388 0.809615 0.607416 0.35425 0.0713591 -0.217519 -0.488146 -0.717813 -0.88725 -0.982238 -0.994809
14.555 0.854534 0.967549 0.999379 0.947352 0.815835 0.615862 0.364213 0.082003 -0.207087 -0.478801 -0.71034 -0.882275 -0.980179 -0.995839 -0.927939 -0.782177 -0.570784 -0.311497 -0.0260728 0.261539 0.527205 0.748635 0.907247 0.989734 -0.905763 -0.989226 -0.989684 -0.907099 -0.748401 -0.526906 -0.261199 0.0264248 0.311831 0.571073 0.782396 0.92807 0.995871 0.98011 0.882109 0.710092 0.478492 0.206743 -0.0823539 -0.36454 -0.616139 -0.816038 -0.947465 -0.999391
14.605 0.775703 0.924041 0.994845 0.982172 0.887087 0.717568 0.487839 0.217176 -0.0717103 -0.354579 -0.607696 -0.809822 -0.943996 -0.998962 -0.970106 -0.85985 -0.677446 -0.438198 -0.162181 0.127444 0.406375 0.651208 0.841399 0.96099 -0.839494 -0.960012 -0.999976 -0.956034 -0.831872 -0.63791 -0.390421 -0.110173 0.17932 0.453766 0.690137 0.868601 0.974181 0.998019 0.938115 0.799495 0.593791 0.338262 0.0543508 -0.234121 -0.502948 -0.729574 -0.894982 -0.985293
14.655 0.682373 0.863261 0.971715 0.998634 0.941758 0.805862 0.602346 0.348289 0.0650072 -0.223729 -0.493693 -0.722231 -0.890169 -0.983413 -0.994141 -0.921452 -0.771445 -0.556708 -0.295258 -0.00903351 0.277949 0.541609 0.759824 0.914283 -0.757534 -0.912853 -0.991577 -0.987098 -0.899794 -0.73699 -0.512346 -0.244711 0.0434564 0.327978 0.584979 0.792895 0.934281 0.997273 0.976585 0.873954 0.69799 0.463459 0.19004 -0.0993254 -0.380356 -0.629472 -0.82577 -0.952778
14.705 0.576287 0.786345 0.930422 0.996428 0.978826 0.879092 0.705595 0.472892 0.20051 -0.0886973 -0.370462 -0.621141 -0.819702 -0.949482 -0.999593 -0.96583 -0.851025 -0.664812 -0.422816 -0.145342 0.144328 0.421887 0.664046 0.850486 -0.661413 -0.848632 -0.964643 -0.999712 -0.950898 -0.822294 -0.624693 -0.374676 -0.0932193 0.196059 0.468886 0.70237 0.876919 0.977887 0.996802 0.932077 0.789142 0.579992 0.322176 0.0373268 -0.250655 -0.517604 -0.741122 -0.902454
14.755 0.45943 0.694731 0.871738 0.975598 0.997598 0.935891 0.795654 0.588656 0.332264 0.0479924 -0.240306 -0.508441 -0.733913 -0.897804 -0.986361 -0.992155 -0.914698 -0.76049 -0.542471 -0.278934 0.00800845 0.294279 0.555856 0.770793 -0.55293 -0.768548 -0.919678 -0.99364 -0.984227 -0.892228 -0.725365 -0.497637 -0.228153 0.0604753 0.344029 0.598715 0.803165 0.940222 0.998386 0.972777 0.865544 0.685685 0.448291 0.173281 -0.116268 -0.396062 -0.642622 -0.835261
14.805 0.333986 0.590131 0.796759 0.936532 0.997723 0.975196 0.870842 0.693416 0.457808 0.183785 -0.105659 -0.386237 -0.634406 -0.829344 -0.954692 -0.999934 -0.961273 -0.841953 -0.651986 -0.407312 -0.12846 0.16117 0.437276 0.676691 -0.434112 -0.674099 -0.857523 -0.968994 -0.999159 -0.945485 -0.812477 -0.611296 -0.358821 -0.0762387 0.212741 0.48387 0.714398 0.884982 0.981309 0.995295 0.925768 0.778561 0.566026 0.305997 0.0202919 -0.267116 -0.53211 -0.752456
14.855 0.202298 0.4745 0.706887 0.879961 0.979198 0.996273 0.929751 0.785216 0.574794 0.316143 0.0309638 -0.256813 -0.523041 -0.745382 -0.905178 -0.989023 -0.98988 -0.907678 -0.749314 -0.528076 -0.262528 0.0250481 0.310523 0.569942 -0.307179 -0.567049 -0.779339 -0.926237 -0.995415 -0.981069 -0.884403 -0.713529 -0.482783 -0.211528 0.0774767 0.35998 0.612278 0.8132 0.945889 0.999209 0.968687 0.856884 0.673181 0.432993 0.156473 -0.133177 -0.411652 -0.655586
14.905 0.0668291 0.35 0.603803 0.806941 0.942371 0.998727 0.971282 0.862338 0.681037 0.442591 0.167007 -0.122589 -0.4019 -0.647487 -0.838745 -0.959625 -0.999985 -0.956437 -0.832636 -0.63897 -0.391689 -0.111542 0.177965 0.452538 -0.174504 -0.4494 -0.686588 -0.866166 -0.973064 -0.998315 -0.939798 -0.802424 -0.59772 -0.342863 -0.0592358 0.229361 0.498713 0.726219 0.892788 0.984446 0.993499 0.91919 0.767753 0.551895 0.289728 0.00325112 -0.283499 -0.546461
14.955 -0.0698889 0.218958 0.489432 0.718838 0.887929 0.982514 0.994658 0.923342 0.77455 0.560766 0.299929 0.0139261 -0.273246 -0.53749 -0.756634 -0.91229 -0.991397 -0.987318 -0.900394 -0.73792 -0.513528 -0.246046 0.0420804 0.326676 -0.0385676 -0.323352 -0.581004 -0.789904 -0.932526 -0.9969 -0.977626 -0.876321 -0.701485 -0.467789 -0.194841 0.0944555 0.375827 0.625663 0.823 0.951281 0.999741 0.964315 0.847974 0.660482 0.417569 0.139618 -0.150047 -0.427122
15.005 -0.205301 0.0838227 0.365913 0.617299 0.816889 0.947935 0.999442 0.967086 0.853584 0.668459 0.427245 0.150181 -0.139484 -0.417446 -0.66038 -0.847903 -0.964279 -0.999745 -0.951323 -0.823077 -0.625768 -0.375952 -0.0945904 0.194708 0.0980898 -0.191259 -0.464559 -0.698878 -0.874556 -0.976852 -0.997181 -0.933838 -0.792138 -0.583971 -0.326804 -0.0422158 0.245915 0.513412 0.737829 0.900335 0.987297 0.991415 0.912346 0.756723 0.537604 0.273376 -0.0137906 -0.2998
15.055 -0.336875 -0.0528791 0.235554 0.504221 0.730581 0.895638 0.985544 0.992754 0.916664 0.763658 0.546575 0.283629 -0.00311563 -0.289599 -0.551782 -0.767666 -0.919137 -0.993484 -0.984469 -0.892849 -0.726312 -0.498831 -0.229493 0.0591006 0.232914 -0.0555906 -0.33943 -0.594789 -0.80024 -0.938544 -0.998096 -0.9739 -0.867985 -0.689238 -0.452659 -0.178098 0.111407 0.391564 0.638866 0.832561 0.956397 0.999984 0.959663 0.838819 0.64759 0.402024 0.122724 -0.166874
15.105 -0.462152 -0.188592 0.100792 0.381719 0.630617 0.8266 0.953225 0.999866 0.96261 0.844583 0.655688 0.411775 0.133311 -0.156339 -0.432871 -0.673081 -0.856814 -0.968653 -0.999214 -0.945933 -0.813279 -0.612385 -0.360106 -0.0776117 0.363384 0.0811164 -0.207958 -0.479582 -0.710966 -0.882693 -0.980355 -0.995757 -0.927607 -0.781622 -0.570053 -0.310651 -0.0251835 0.262397 0.527961 0.749224 0.907621 0.989861 0.989043 0.905236 0.745472 0.523157 0.256944 -0.0308283
15.155 -0.578791 -0.320781 -0.0358539 0.252081 0.518865 0.742111 0.903088 0.988288 0.990563 0.90972 0.752545 0.532225 0.267246 -0.0201564 -0.305868 -0.565914 -0.778476 -0.925717 -0.995282 -0.981335 -0.885045 -0.714493 -0.483988 -0.212873 0.487062 0.216307 -0.0725976 -0.355411 -0.608402 -0.810343 -0.94429 -0.999002 -0.96989 -0.859396 -0.676791 -0.437398 -0.161303 0.128326 0.407188 0.651883 0.84188 0.961236 0.999936 0.954733 0.829419 0.634511 0.386362 0.105793
15.205 -0.684611 -0.446973 -0.17183 0.117732 0.397414 0.643751 0.836071 0.958237 1 0.957854 0.835336 0.642726 0.396186 0.116403 -0.173148 -0.44817 -0.685586 -0.865477 -0.972746 -0.998394 -0.940268 -0.803245 -0.598824 -0.344156 0.601636 0.347455 0.0641194 -0.224596 -0.494466 -0.722846 -0.890574 -0.983574 -0.994044 -0.921106 -0.770879 -0.555969 -0.294408 -0.00814394 0.278803 0.542357 0.760402 0.914643 0.992138 0.986384 0.897864 0.734005 0.508557 0.240438
15.255 -0.777635 -0.56481 -0.304593 -0.0188183 0.268536 0.533357 0.753426 0.910275 0.990745 0.988083 0.902512 0.741213 0.51772 0.250786 -0.0371914 -0.322048 -0.579882 -0.789059 -0.932027 -0.996791 -0.977915 -0.876984 -0.702466 -0.469006 0.704964 0.472108 0.199638 -0.0895834 -0.371288 -0.621838 -0.820211 -0.949761 -0.999618 -0.965599 -0.850558 -0.664148 -0.42201 -0.144462 0.145208 0.422693 0.664711 0.850954 0.965795 0.999597 0.949525 0.819779 0.621247 0.370588
15.305 -0.856123 -0.67209 -0.431664 -0.155017 0.134638 0.412995 0.656698 0.845299 0.962972 0.999843 0.952819 0.825846 0.629577 0.380482 0.0994602 -0.189907 -0.463339 -0.697893 -0.873888 -0.976556 -0.997283 -0.93433 -0.792978 -0.585089 0.795115 0.587936 0.331425 0.0471038 -0.241169 -0.509207 -0.734517 -0.898195 -0.986507 -0.992043 -0.914338 -0.759912 -0.541723 -0.278079 0.00889803 0.295129 0.556595 0.771359 0.921399 0.994126 0.983438 0.89023 0.722325 0.493811
15.355 -0.918609 -0.766808 -0.550665 -0.288318 -0.00177727 0.284912 0.547695 0.764522 0.917198 0.992914 0.985316 0.895042 0.729666 0.503065 0.234253 -0.0542156 -0.338135 -0.593681 -0.799413 -0.938068 -0.99801 -0.974211 -0.868668 -0.690235 0.870404 0.692775 0.457017 0.182911 -0.106543 -0.387057 -0.635094 -0.829841 -0.954957 -0.999944 -0.961027 -0.841472 -0.651311 -0.406499 -0.127578 0.162048 0.438076 0.677346 0.859781 0.970073 0.998968 0.944041 0.809901 0.607803
15.405 -0.963924 -0.847192 -0.659374 -0.416229 -0.138159 0.151504 0.428455 0.669454 0.854281 0.967426 0.999396 0.947508 0.816117 0.616246 0.364667 0.0824889 -0.20661 -0.478373 -0.709997 -0.882045 -0.980083 -0.995883 -0.92812 -0.78248 0.929423 0.784665 0.574066 0.315298 0.0300746 -0.257673 -0.523799 -0.745975 -0.905556 -0.989154 -0.989753 -0.907304 -0.748724 -0.52732 -0.26167 0.0259374 0.311368 0.570672 0.782092 0.927888 0.995826 0.980206 0.882338 0.710435
15.455 -0.991221 -0.911741 -0.755758 -0.536361 -0.271958 0.0152643 0.301206 0.561874 0.775395 0.923855 0.994795 0.982264 0.887312 0.717907 0.488264 0.217652 -0.071224 -0.354123 -0.607308 -0.809535 -0.943836 -0.99894 -0.970225 -0.860099 0.97107 0.861887 0.680385 0.441793 0.16613 -0.123472 -0.402714 -0.648165 -0.839229 -0.959875 -0.999979 -0.956177 -0.832143 -0.638285 -0.39087 -0.110658 0.17884 0.453331 0.689785 0.868359 0.97407 0.998049 0.938283 0.799788
15.505 -0.999991 -0.959248 -0.838016 -0.646467 -0.400674 -0.121261 0.168327 0.44379 0.682016 0.863015 0.9716 0.998659 0.941922 0.80615 0.602735 0.348746 0.0654937 -0.223254 -0.493269 -0.721894 -0.889946 -0.983325 -0.994194 -0.921641 0.994566 0.923 0.773987 0.560029 0.299081 0.0130366 -0.274101 -0.53824 -0.757215 -0.912654 -0.991513 -0.987176 -0.900007 -0.737319 -0.512764 -0.245184 0.0429693 0.327517 0.584583 0.792598 0.934107 0.997237 0.97669 0.87419
15.555 -0.990069 -0.988824 -0.904609 -0.744489 -0.5219 -0.255519 0.0323015 0.317412 0.575889 0.786044 0.930243 0.996387 0.978926 0.879324 0.70594 0.473321 0.200987 -0.0882117 -0.370009 -0.620759 -0.819422 -0.949329 -0.999579 -0.965956 0.999471 0.96686 0.853121 0.667797 0.42644 0.149302 -0.140365 -0.418254 -0.661048 -0.848374 -0.964514 -0.999724 -0.951048 -0.822572 -0.625074 -0.375128 -0.0937048 0.195581 0.468455 0.702023 0.876684 0.977785 0.99684 0.932253
15.605 -0.961641 -0.999918 -0.954293 -0.828595 -0.633371 -0.385002 -0.104328 0.185101 0.458997 0.69438 0.871499 0.975491 0.997632 0.936062 0.79595 0.58905 0.332724 0.0484794 -0.239833 -0.508021 -0.733582 -0.897589 -0.986281 -0.992215 0.985694 0.992647 0.916308 0.763084 0.545829 0.282776 -0.00400523 -0.29045 -0.552524 -0.768236 -0.919487 -0.993585 -0.984313 -0.892448 -0.7257 -0.498059 -0.228627 0.0599886 0.343571 0.598325 0.802874 0.940055 0.998358 0.97289
15.655 -0.915238 -0.992321 -0.98614 -0.897214 -0.733003 -0.507288 -0.239007 0.0493292 0.333526 0.589737 0.796464 0.936361 0.99769 0.975304 0.871081 0.693768 0.458241 0.184264 -0.105174 -0.385787 -0.634029 -0.829071 -0.954547 -0.999928 0.953493 0.99988 0.962369 0.844106 0.655016 0.410964 0.13243 -0.157217 -0.433672 -0.673739 -0.857272 -0.968874 -0.999179 -0.945644 -0.812761 -0.611681 -0.359276 -0.0767248 0.212265 0.483443 0.714057 0.884755 0.981215 0.995342
15.705 -0.851727 -0.966176 -0.999554 -0.949061 -0.818934 -0.620092 -0.369218 -0.0873642 0.201821 0.474071 0.706542 0.879729 0.979099 0.996315 0.929931 0.785518 0.575193 0.316605 0.0314511 -0.256342 -0.522626 -0.745057 -0.904971 -0.988951 0.90347 0.988423 0.99044 0.909351 0.751959 0.531471 0.266389 -0.0210459 -0.306715 -0.566648 -0.779034 -0.926053 -0.995368 -0.981163 -0.884631 -0.71387 -0.48321 -0.212004 0.0769906 0.359525 0.611892 0.812917 0.94573 0.999189
15.755 -0.772296 -0.921971 -0.994285 -0.983169 -0.889558 -0.721305 -0.492528 -0.222425 0.0663427 0.349543 0.603414 0.806653 0.942208 0.998703 0.971398 0.862585 0.681394 0.443028 0.167488 -0.122105 -0.401453 -0.647115 -0.838479 -0.959488 0.836558 0.958491 0.999999 0.957598 0.834846 0.642044 0.395369 0.115519 -0.174024 -0.448965 -0.686234 -0.865922 -0.972952 -0.998343 -0.939964 -0.802715 -0.598111 -0.343321 -0.0597225 0.228887 0.49829 0.725883 0.892569 0.98436
15.805 -0.67843 -0.860533 -0.97043 -0.9989 -0.943554 -0.809036 -0.606632 -0.353327 -0.0703753 0.218482 0.489007 0.718499 0.887704 0.982423 0.994708 0.923529 0.774858 0.56117 0.300394 0.0144136 -0.272777 -0.537079 -0.756315 -0.91209 0.75401 0.910643 0.990865 0.987946 0.902129 0.740616 0.516959 0.249925 -0.0380804 -0.32289 -0.580607 -0.789605 -0.93235 -0.996862 -0.977729 -0.876556 -0.701833 -0.46822 -0.195319 0.0939701 0.375375 0.625282 0.822723 0.951131
15.855 -0.571882 -0.78301 -0.928437 -0.99596 -0.979913 -0.881644 -0.709397 -0.477626 -0.205778 0.0833368 0.365459 0.616916 0.816608 0.94778 0.999425 0.96721 0.853838 0.668822 0.427686 0.150663 -0.139001 -0.417003 -0.660014 -0.847644 0.657368 0.845774 0.963211 0.999827 0.952549 0.825344 0.628886 0.379659 0.098575 -0.19078 -0.464127 -0.69853 -0.87432 -0.976747 -0.997217 -0.934012 -0.792436 -0.584367 -0.327265 -0.0427029 0.245442 0.512993 0.737499 0.900123
15.905 -0.454645 -0.690851 -0.869089 -0.974403 -0.997956 -0.937773 -0.798902 -0.592997 -0.337334 -0.053366 0.23508 0.5038 0.730248 0.895421 0.985461 0.992813 0.916859 0.763973 0.546983 0.284096 -0.00262808 -0.289132 -0.551375 -0.767354 0.548439 0.765095 0.917552 0.99302 0.985164 0.894645 0.729058 0.502296 0.233388 -0.0551038 -0.338972 -0.594397 -0.799948 -0.938376 -0.998066 -0.97401 -0.868227 -0.689592 -0.453094 -0.178578 0.110922 0.391115 0.63849 0.832291
15.955 -0.328909 -0.585779 -0.793496 -0.934633 -0.997345 -0.976373 -0.873474 -0.697283 -0.462585 -0.189071 0.100307 0.381268 0.630238 0.826326 0.953077 0.999858 0.962742 0.844844 0.656056 0.41222 0.133794 -0.155857 -0.432431 -0.67272 0.429258 0.670115 0.854743 0.967651 0.999365 0.947224 0.815602 0.615545 0.363838 0.0816023 -0.207481 -0.479154 -0.710623 -0.882464 -0.980259 -0.995802 -0.927789 -0.781926 -0.570453 -0.311115 -0.0256709 0.261927 0.527547 0.748901
16.005 -0.197026 -0.469757 -0.703071 -0.877392 -0.978092 -0.996722 -0.931719 -0.788536 -0.579189 -0.321242 -0.0363412 0.251609 0.518448 0.741784 0.902878 0.988214 0.990629 0.909923 0.752866 0.532637 0.267716 -0.019669 -0.305404 -0.565512 0.302054 0.562609 0.775957 0.924195 0.994885 0.982097 0.886902 0.717288 0.487488 0.216783 -0.0721113 -0.354955 -0.608015 -0.810057 -0.944129 -0.99898 -0.970009 -0.859645 -0.67715 -0.437836 -0.161784 0.127843 0.406742 0.651513
16.055 -0.0614598 -0.344955 -0.599505 -0.803752 -0.940557 -0.998441 -0.972548 -0.86505 -0.684967 -0.447409 -0.17231 0.117248 0.396967 0.643377 0.835803 0.958098 1 0.957994 0.835604 0.643099 0.396634 0.116887 -0.172668 -0.447734 0.169204 0.444587 0.682667 0.863464 0.97181 0.998612 0.941623 0.805623 0.602025 0.347912 0.064606 -0.224121 -0.494042 -0.722509 -0.890352 -0.983486 -0.994097 -0.921296 -0.77119 -0.556374 -0.294874 -0.00863147 0.278335 0.541947
16.105 0.0752552 -0.213705 -0.484733 -0.715088 -0.885441 -0.981498 -0.995199 -0.925394 -0.777941 -0.565213 -0.305058 -0.0193058 0.268066 0.532945 0.753105 0.910073 0.990679 0.988158 0.902722 0.741541 0.518137 0.251258 -0.0367042 -0.321586 0.0331906 0.318255 0.576616 0.786594 0.930569 0.996462 0.978744 0.8789 0.70531 0.472538 0.200116 -0.0890978 -0.370835 -0.621456 -0.819932 -0.949608 -0.999605 -0.965726 -0.850814 -0.664512 -0.422452 -0.144944 0.144725 0.422251
16.155 0.210563 -0.07846 -0.3609 -0.613057 -0.813774 -0.946208 -0.999248 -0.968442 -0.856375 -0.672451 -0.432103 -0.155498 0.134154 0.41255 0.65633 0.845038 0.96284 0.999852 0.952967 0.826121 0.629956 0.380932 0.0999454 -0.189428 -0.103443 0.185975 0.459787 0.69502 0.871935 0.975687 0.99757 0.935749 0.795411 0.588331 0.331885 0.0475908 -0.240696 -0.508787 -0.734186 -0.897981 -0.986427 -0.992104 -0.914535 -0.760229 -0.542133 -0.278547 0.00841049 0.294663
16.205 0.341936 0.0582512 -0.230321 -0.499568 -0.726896 -0.893232 -0.984618 -0.993387 -0.918801 -0.767121 -0.551072 -0.288784 -0.00226482 0.284445 0.547287 0.764207 0.917004 0.992856 0.9854 0.89526 0.73 0.503487 0.234727 -0.0537287 -0.238143 0.0502177 0.334365 0.590455 0.797002 0.936673 0.99775 0.975107 0.870644 0.693127 0.45745 0.18339 -0.106058 -0.386608 -0.634717 -0.829568 -0.954812 -0.999939 -0.961162 -0.841736 -0.651681 -0.406944 -0.128062 0.161566
16.255 0.466917 0.193874 -0.0954374 -0.37674 -0.626432 -0.82356 -0.951585 -0.999763 -0.964053 -0.847451 -0.659741 -0.416672 -0.138642 0.151022 0.428014 0.669092 0.854027 0.967303 0.999413 0.947664 0.816398 0.61663 0.365121 0.0829748 -0.368391 -0.0864779 0.202692 0.474854 0.707172 0.880152 0.97928 0.996238 0.929603 0.784967 0.574465 0.315761 0.0305619 -0.257202 -0.523384 -0.74565 -0.905349 -0.989082 -0.989823 -0.907509 -0.749048 -0.527735 -0.26214 0.02545
16.305 0.58317 0.325872 0.0412304 -0.246871 -0.514258 -0.738494 -0.900764 -0.987453 -0.991286 -0.911941 -0.756077 -0.536772 -0.272427 0.0147768 0.300741 0.56147 0.775087 0.923668 0.994745 0.982355 0.887537 0.718247 0.48869 0.218127 -0.491754 -0.221557 0.0672303 0.350376 0.604123 0.807179 0.942505 0.998747 0.971186 0.862135 0.680742 0.44223 0.166611 -0.122988 -0.402268 -0.647793 -0.838964 -0.959738 -0.999982 -0.956319 -0.832413 -0.63866 -0.391319 -0.111142
16.355 0.688523 0.451779 0.177127 -0.112387 -0.392471 -0.639624 -0.833107 -0.956685 -0.999989 -0.959385 -0.838281 -0.646839 -0.40112 -0.121745 0.167846 0.443353 0.68166 0.862769 0.971484 0.998684 0.942086 0.806439 0.603124 0.349203 -0.605925 -0.352495 -0.0694879 0.21935 0.489782 0.719118 0.888113 0.982589 0.994616 0.923187 0.774295 0.560433 0.299546 0.0135241 -0.273632 -0.537829 -0.756897 -0.912455 -0.99145 -0.987254 -0.900219 -0.737649 -0.513183 -0.245657
16.405 0.781007 0.569242 0.309714 0.0241975 -0.263349 -0.528798 -0.749877 -0.908035 -0.99 -0.988897 -0.904816 -0.744814 -0.522316 -0.255991 0.0318141 0.31695 0.57549 0.785742 0.930064 0.996346 0.979025 0.879556 0.706285 0.473751 -0.70877 -0.476844 -0.204907 0.0842233 0.366287 0.617615 0.817121 0.948063 0.999455 0.966984 0.853375 0.66816 0.426881 0.149784 -0.139882 -0.417811 -0.660682 -0.848116 -0.964386 -0.999735 -0.951199 -0.822849 -0.625455 -0.37558
16.455 0.858891 0.676065 0.436511 0.16033 -0.129304 -0.408088 -0.652631 -0.842412 -0.961507 -0.999924 -0.954439 -0.828868 -0.633748 -0.385452 -0.104813 0.184621 0.458564 0.694029 0.87126 0.975384 0.997665 0.936234 0.796245 0.589444 -0.798367 -0.59228 -0.336496 -0.0524776 0.235944 0.504569 0.730855 0.895817 0.985612 0.992706 0.916503 0.763399 0.546238 0.283243 -0.00351768 -0.289984 -0.552117 -0.767924 -0.919295 -0.99353 -0.984399 -0.892668 -0.726035 -0.498482
16.505 0.920722 0.77025 0.555149 0.293465 0.00715766 -0.279751 -0.543185 -0.761042 -0.915041 -0.992261 -0.986221 -0.897429 -0.733335 -0.507708 -0.23948 0.0488422 0.333066 0.589343 0.796169 0.93619 0.997657 0.975411 0.871321 0.694119 -0.87304 -0.696645 -0.461796 -0.188198 0.101192 0.38209 0.630928 0.826826 0.953346 0.999872 0.962501 0.844367 0.655384 0.411409 0.132913 -0.156736 -0.433233 -0.673378 -0.857021 -0.968753 -0.999198 -0.945802 -0.813045 -0.612067
16.555 0.965342 0.850039 0.66341 0.421115 0.143486 -0.146184 -0.423587 -0.665448 -0.851472 -0.96605 -0.999569 -0.949215 -0.819214 -0.620474 -0.369671 -0.0878498 0.201343 0.473641 0.706197 0.879497 0.979 0.996356 0.93011 0.785819 -0.931395 -0.787989 -0.578463 -0.3204 -0.0354521 0.25247 0.519208 0.74238 0.903261 0.988349 0.990507 0.909553 0.75228 0.531884 0.266859 -0.0205584 -0.306251 -0.566246 -0.778728 -0.925869 -0.995321 -0.981257 -0.884858 -0.714211
16.605 0.991918 0.913938 0.759271 0.540894 0.277132 -0.00988428 -0.296071 -0.557415 -0.771987 -0.921782 -0.994233 -0.983258 -0.889781 -0.721643 -0.492953 -0.2229 0.0658562 0.349086 0.603025 0.806365 0.942044 0.998678 0.971514 0.862832 -0.972341 -0.864603 -0.684318 -0.446613 -0.171433 0.118131 0.397783 0.644058 0.836291 0.958352 0.999999 0.957738 0.835115 0.642418 0.395817 0.116003 -0.173544 -0.448529 -0.685879 -0.865678 -0.972839 -0.998371 -0.940131 -0.803006
16.655 0.999954 0.960754 0.840939 0.650562 0.405598 0.1266 -0.163021 -0.438962 -0.678071 -0.860285 -0.970312 -0.998923 -0.943715 -0.809322 -0.60702 -0.353783 -0.0708616 0.218006 0.488581 0.71816 0.88748 0.982332 0.994758 0.923716 -0.995112 -0.925057 -0.777382 -0.564479 -0.30421 -0.0184163 0.268923 0.533697 0.75369 0.910442 0.9908 0.988021 0.902339 0.740943 0.517376 0.250397 -0.0375932 -0.322429 -0.58021 -0.789306 -0.932173 -0.996823 -0.977831 -0.87679
16.705 0.989298 0.989612 0.906889 0.74807 0.526482 0.260718 -0.0269234 -0.312305 -0.571482 -0.782707 -0.928255 -0.995916 -0.98001 -0.881874 -0.709741 -0.478054 -0.206255 0.0828509 0.365005 0.616532 0.816326 0.947624 0.999409 0.967334 -0.999282 -0.968219 -0.855915 -0.671793 -0.431301 -0.154619 0.135036 0.413361 0.657001 0.845513 0.96308 0.999836 0.952697 0.825619 0.629265 0.38011 0.0990602 -0.190301 -0.463695 -0.698181 -0.874083 -0.976643 -0.997253 -0.934186
16.755 0.960151 0.999972 0.955887 0.831595 0.637526 0.389962 0.109677 -0.17981 -0.45421 -0.690498 -0.868848 -0.974293 -0.997987 -0.937942 -0.799195 -0.593389 -0.337793 -0.0538528 0.234606 0.503379 0.729915 0.895204 0.985378 0.992871 -0.984773 -0.993284 -0.91845 -0.76655 -0.55033 -0.287933 -0.00137522 0.285297 0.548031 0.764781 0.917358 0.992962 0.985248 0.894863 0.729391 0.502718 0.233862 -0.054617 -0.338513 -0.594005 -0.799655 -0.938207 -0.998035 -0.97412
16.805 0.913057 0.991641 0.987019 0.899577 0.736653 0.511917 0.244228 -0.0439546 -0.328449 -0.585383 -0.793199 -0.934459 -0.99731 -0.976478 -0.873711 -0.697633 -0.463017 -0.18955 0.0998217 0.380817 0.629859 0.826051 0.95293 0.99985 -0.951858 -0.999782 -0.963817 -0.846979 -0.659072 -0.415864 -0.137761 0.151902 0.428818 0.669753 0.85449 0.967528 0.999382 0.94738 0.815884 0.615929 0.364292 0.0820882 -0.207004 -0.478726 -0.71028 -0.882234 -0.980162 -0.995846
16.855 0.848896 0.964774 0.9997 0.950743 0.82201 0.624304 0.374213 0.0927228 -0.196548 -0.469326 -0.702725 -0.877158 -0.977991 -0.996762 -0.931896 -0.788836 -0.579586 -0.321704 -0.0368284 0.251138 0.518031 0.741457 0.902669 0.988139 -0.90115 -0.987593 -0.991168 -0.911576 -0.755495 -0.536021 -0.271571 0.0156663 0.301589 0.562206 0.775649 0.924009 0.994836 0.982188 0.887127 0.717628 0.487913 0.217259 -0.071625 -0.354499 -0.607628 -0.809771 -0.943968 -0.998958
16.905 0.768867 0.919874 0.993696 0.984138 0.892003 0.725021 0.497204 0.227667 -0.0609731 -0.344497 -0.599115 -0.803462 -0.940391 -0.998414 -0.972662 -0.865295 -0.685322 -0.447845 -0.17279 0.116763 0.396519 0.643004 0.835535 0.957958 -0.833598 -0.956943 -0.999993 -0.959134 -0.837796 -0.64616 -0.400305 -0.120862 0.168723 0.444151 0.68231 0.863218 0.971695 0.998638 0.941787 0.805912 0.602414 0.348369 0.0650925 -0.223646 -0.493618 -0.722172 -0.89013 -0.983398
16.955 0.674467 0.85778 0.969118 0.999138 0.945322 0.812186 0.610901 0.358356 0.0757414 -0.213228 -0.484306 -0.714747 -0.885214 -0.981404 -0.995247 -0.925579 -0.778248 -0.565615 -0.305522 -0.0197933 0.267596 0.532532 0.752784 0.909871 -0.750465 -0.908407 -0.990126 -0.988764 -0.904437 -0.74422 -0.521557 -0.255131 0.0327033 0.317793 0.576218 0.786292 0.930391 0.996421 0.978844 0.879133 0.705655 0.472967 0.200593 -0.0886122 -0.370382 -0.621074 -0.819653 -0.949455
17.005 0.56746 0.779652 0.926424 0.995462 0.980972 0.88417 0.713179 0.482346 0.21104 -0.0779739 -0.360445 -0.612672 -0.813491 -0.94605 -0.999229 -0.968563 -0.856627 -0.672812 -0.432543 -0.15598 0.133671 0.412106 0.655962 0.844777 -0.653304 -0.842891 -0.961751 -0.999913 -0.954173 -0.82837 -0.63306 -0.384631 -0.103928 0.185496 0.459354 0.694669 0.871696 0.97558 0.997604 0.935921 0.795706 0.588725 0.332345 0.0480778 -0.240223 -0.508367 -0.733855 -0.897766
17.055 0.449846 0.686951 0.866415 0.973179 0.998286 0.939627 0.802127 0.59732 0.342394 0.058738 -0.229847 -0.499145 -0.726561 -0.893013 -0.984533 -0.993442 -0.918994 -0.767433 -0.551479 -0.289251 -0.00275238 0.283977 0.546879 0.763893 -0.543932 -0.761619 -0.9154 -0.992371 -0.986073 -0.897036 -0.73273 -0.506941 -0.238616 0.0497308 0.333905 0.590062 0.796707 0.936502 0.997717 0.975215 0.870884 0.693478 0.457884 0.183869 -0.105574 -0.386158 -0.63434 -0.829296
17.105 0.323823 0.581409 0.79021 0.932706 0.996939 0.977521 0.876081 0.70113 0.467348 0.194352 -0.094952 -0.376289 -0.626052 -0.823283 -0.951435 -0.999753 -0.964183 -0.84771 -0.660107 -0.417116 -0.139125 0.15054 0.427573 0.66873 -0.424393 -0.666111 -0.851938 -0.96628 -0.999542 -0.948935 -0.818704 -0.619776 -0.368845 -0.0869636 0.202214 0.474425 0.706827 0.87992 0.979181 0.99628 0.929783 0.785269 0.574864 0.316224 0.0310492 -0.256731 -0.522968 -0.745325
17.155 0.191748 0.465 0.699235 0.874798 0.976958 0.997143 0.933659 0.791834 0.583566 0.326333 0.0417175 -0.246398 -0.51384 -0.738165 -0.900552 -0.987376 -0.99135 -0.912141 -0.756396 -0.537183 -0.272896 0.0142893 0.300276 0.561067 -0.29692 -0.558153 -0.772552 -0.922127 -0.994328 -0.983096 -0.889374 -0.721026 -0.492178 -0.222033 0.0667438 0.34992 0.603735 0.806891 0.942342 0.998723 0.971303 0.862382 0.681099 0.442667 0.167092 -0.122504 -0.401821 -0.647422
17.205 0.0560886 0.3399 0.59519 0.800539 0.938716 0.998127 0.973786 0.867737 0.688877 0.452214 0.177607 -0.111903 -0.392023 -0.639249 -0.832837 -0.956543 -0.999986 -0.959523 -0.838547 -0.64721 -0.401567 -0.122229 0.167366 0.442916 -0.163898 -0.439762 -0.678725 -0.860738 -0.970527 -0.998881 -0.943421 -0.808799 -0.606313 -0.352951 -0.0699742 0.218874 0.489357 0.718779 0.887889 0.982498 0.994667 0.923375 0.774604 0.560837 0.300011 0.0140116 -0.273163 -0.537418
17.255 -0.0806193 0.208445 0.48002 0.711316 0.882927 0.980453 0.995711 0.92742 0.781311 0.569643 0.310177 0.0246849 -0.262879 -0.528384 -0.749554 -0.90783 -0.989932 -0.988969 -0.905024 -0.74514 -0.522732 -0.256462 0.0313268 0.316487 -0.0278126 -0.31315 -0.572212 -0.78326 -0.928586 -0.995996 -0.979833 -0.881454 -0.709114 -0.477273 -0.205384 0.0837375 0.365833 0.617232 0.81684 0.947908 0.999439 0.967108 0.853629 0.668523 0.427322 0.150266 -0.1394 -0.417368
17.305 -0.21582 0.073095 0.355877 0.608798 0.810635 0.944454 0.999024 0.969769 0.859141 0.676424 0.436949 0.160811 -0.128821 -0.407643 -0.652261 -0.842149 -0.961373 -0.99993 -0.954584 -0.829141 -0.634125 -0.385902 -0.105297 0.184142 0.108793 -0.180685 -0.455003 -0.691142 -0.869288 -0.974493 -0.99793 -0.937633 -0.79866 -0.592673 -0.336955 -0.0529645 0.235471 0.504148 0.730522 0.8956 0.98553 0.992765 0.916698 0.763713 0.546646 0.283711 -0.00303013 -0.289517
17.355 -0.346987 -0.0636217 0.225082 0.4949 0.723191 0.8908 0.983664 0.99399 0.920912 0.770561 0.555554 0.293931 0.00764521 -0.279282 -0.542776 -0.760726 -0.914845 -0.9922 -0.986301 -0.897644 -0.733666 -0.508128 -0.239953 0.0483553 0.243365 -0.0448434 -0.329289 -0.586104 -0.793741 -0.934775 -0.997375 -0.976286 -0.873278 -0.696995 -0.462228 -0.188676 0.100707 0.38164 0.63055 0.826552 0.953199 0.999865 0.962633 0.844628 0.655752 0.411853 0.133396 -0.156254
17.405 -0.471668 -0.199149 0.0900801 0.371751 0.622229 0.820496 0.949917 0.999632 0.965469 0.850295 0.663775 0.421557 0.143968 -0.145701 -0.423145 -0.665084 -0.851216 -0.965924 -0.999583 -0.949368 -0.819494 -0.620856 -0.370124 -0.0883355 0.373388 0.0918369 -0.19742 -0.470112 -0.703357 -0.877585 -0.978176 -0.99669 -0.931573 -0.788289 -0.578861 -0.320862 -0.0359394 0.251999 0.518792 0.742054 0.903051 0.988275 0.990574 0.909756 0.752601 0.532297 0.267329 -0.020071
17.455 -0.587533 -0.330954 -0.0466056 0.241653 0.509636 0.734855 0.898414 0.986589 0.99198 0.914136 0.759588 0.541304 0.2776 -0.00939675 -0.295605 -0.55701 -0.771677 -0.921593 -0.99418 -0.983347 -0.890003 -0.72198 -0.493377 -0.223375 0.496432 0.226801 -0.061861 -0.345332 -0.599827 -0.803991 -0.940693 -0.998464 -0.972455 -0.864848 -0.684674 -0.447049 -0.171914 0.117647 0.397336 0.643685 0.836024 0.958213 1 0.957878 0.835383 0.642791 0.396264 0.116488
17.505 -0.692415 -0.456573 -0.18242 0.107039 0.387517 0.635479 0.830119 0.955105 0.999949 0.960889 0.841203 0.650932 0.406043 0.127083 -0.16254 -0.438524 -0.677713 -0.860036 -0.970194 -0.998946 -0.943877 -0.809608 -0.607407 -0.354239 0.610196 0.357525 0.0748543 -0.214097 -0.485084 -0.715369 -0.885628 -0.981575 -0.99516 -0.925242 -0.777689 -0.564881 -0.304675 -0.0189038 0.268453 0.533285 0.753369 0.91024 0.990734 0.988096 0.902549 0.741271 0.517793 0.250869
17.555 -0.784355 -0.573658 -0.314825 -0.029576 0.258155 0.524224 0.746307 0.905768 0.989227 0.989682 0.907094 0.748394 0.526897 0.261188 -0.026436 -0.311842 -0.571082 -0.782403 -0.928074 -0.995872 -0.980107 -0.882104 -0.710084 -0.478482 0.712555 0.481567 0.21017 -0.0788608 -0.361275 -0.613375 -0.814008 -0.946338 -0.999263 -0.968341 -0.856167 -0.672154 -0.431741 -0.155101 0.134553 0.412917 0.656633 0.845253 0.962949 0.999845 0.952845 0.825894 0.629644 0.380561
17.605 -0.861634 -0.68002 -0.441345 -0.165638 0.123967 0.40317 0.648545 0.8395 0.960015 0.999976 0.956031 0.831866 0.637901 0.390411 0.110162 -0.179331 -0.453776 -0.690146 -0.868606 -0.974183 -0.998018 -0.938111 -0.799488 -0.593782 0.801595 0.596607 0.341558 0.0578499 -0.230712 -0.499916 -0.727172 -0.893413 -0.984688 -0.99334 -0.918643 -0.766863 -0.550737 -0.288399 -0.00186277 0.28483 0.547623 0.764466 0.917164 0.992904 0.985331 0.89508 0.729725 0.503139
17.655 -0.922808 -0.773671 -0.559616 -0.298605 -0.0125379 0.274581 0.53866 0.757541 0.912858 0.991578 0.987097 0.899789 0.736982 0.512336 0.2447 -0.0434675 -0.327988 -0.584988 -0.792902 -0.934285 -0.997274 -0.976583 -0.873948 -0.697982 0.875651 0.700495 0.466561 0.193479 -0.0958376 -0.377113 -0.626745 -0.823788 -0.951708 -0.999772 -0.963947 -0.847238 -0.659439 -0.416307 -0.138244 0.15142 0.428377 0.669391 0.854236 0.967404 0.999399 0.947536 0.816166 0.616313
17.705 -0.966732 -0.85286 -0.667426 -0.425989 -0.148808 0.140859 0.418707 0.661422 0.848638 0.964646 0.999712 0.950894 0.822288 0.624685 0.374665 0.0932082 -0.19607 -0.468896 -0.702378 -0.876924 -0.977889 -0.996801 -0.932073 -0.789136 0.93334 0.79129 0.582844 0.325492 0.0408287 -0.247261 -0.514603 -0.738765 -0.900939 -0.987516 -0.991233 -0.911776 -0.755814 -0.536433 -0.27204 0.0151788 0.301124 0.561803 0.775341 0.923822 0.994787 0.98228 0.887352 0.717967
17.755 -0.992587 -0.916108 -0.762761 -0.545412 -0.282297 0.00450397 0.290927 0.55294 0.768555 0.919683 0.993641 0.984225 0.892223 0.725357 0.497627 0.228142 -0.0604865 -0.344039 -0.598724 -0.803171 -0.940225 -0.998387 -0.972775 -0.865539 0.973583 0.867294 0.688232 0.451421 0.176732 -0.112787 -0.392841 -0.639933 -0.833329 -0.956802 -0.999991 -0.959272 -0.838062 -0.646532 -0.400752 -0.121346 0.168243 0.443714 0.681954 0.862972 0.971579 0.998663 0.941951 0.806201
17.805 -0.999888 -0.962233 -0.843839 -0.654639 -0.41051 -0.131935 0.15771 0.434122 0.674107 0.857529 0.968997 0.999158 0.945481 0.812471 0.611287 0.358811 0.0762275 -0.212752 -0.48388 -0.714406 -0.884987 -0.981311 -0.995294 -0.925764 0.995628 0.927087 0.780755 0.568912 0.309331 0.0237956 -0.263737 -0.52914 -0.750143 -0.908203 -0.990057 -0.988837 -0.904645 -0.744546 -0.521973 -0.255602 0.032216 0.317331 0.575819 0.785991 0.930212 0.99638 0.978943 0.879365
17.855 -0.988499 -0.990371 -0.909143 -0.75163 -0.531049 -0.265908 0.0215445 0.307189 0.567058 0.779346 0.926241 0.995416 0.981067 0.884398 0.713521 0.482773 0.211517 -0.0774878 -0.35999 -0.612287 -0.813207 -0.945892 -0.999209 -0.968684 0.999063 0.969551 0.858685 0.675768 0.436149 0.159933 -0.129703 -0.408455 -0.652935 -0.842628 -0.961617 -0.999919 -0.954319 -0.828643 -0.633437 -0.385081 -0.104413 0.185017 0.458921 0.694319 0.871457 0.975472 0.997637 0.936092
17.905 -0.958633 -0.999998 -0.957454 -0.834572 -0.641662 -0.394911 -0.115024 0.174515 0.44941 0.686596 0.866171 0.973067 0.998314 0.939794 0.802418 0.597711 0.342852 0.0592247 -0.229372 -0.498723 -0.726226 -0.892793 -0.984447 -0.993498 0.983824 0.993892 0.920565 0.769994 0.554814 0.293081 0.00675562 -0.280137 -0.543523 -0.761303 -0.915203 -0.99231 -0.986154 -0.897251 -0.733062 -0.507362 -0.23909 0.0492438 0.333445 0.589668 0.796413 0.936331 0.997684 0.975322
17.955 -0.910849 -0.990933 -0.987868 -0.901914 -0.740281 -0.516532 -0.249442 0.0385788 0.323362 0.581013 0.789911 0.93253 0.996901 0.977624 0.876316 0.701477 0.467779 0.19483 -0.0944667 -0.375837 -0.625671 -0.823007 -0.951285 -0.999742 0.950195 0.999656 0.965237 0.849827 0.663109 0.420751 0.143088 -0.146581 -0.423951 -0.665748 -0.851682 -0.966154 -0.999557 -0.949088 -0.818983 -0.620159 -0.369298 -0.0874493 0.201737 0.473995 0.706482 0.879689 0.979082 0.996322
18.005 -0.84604 -0.963345 -0.999818 -0.952397 -0.825062 -0.628498 -0.379197 -0.0980787 0.19127 0.464569 0.698886 0.874562 0.976854 0.99718 0.933834 0.792131 0.583962 0.326794 0.0422046 -0.245926 -0.513421 -0.737836 -0.90034 -0.987298 0.898805 0.986734 0.991867 0.913775 0.759009 0.540556 0.276745 -0.0102863 -0.296455 -0.557748 -0.772242 -0.921938 -0.994276 -0.983185 -0.889597 -0.721364 -0.492603 -0.222508 0.0662573 0.349463 0.603346 0.806603 0.942179 0.998698
18.055 -0.765416 -0.917751 -0.993078 -0.985079 -0.894422 -0.728716 -0.501865 -0.232903 0.0556018 0.339441 0.594798 0.800247 0.938548 0.998097 0.973897 0.867979 0.68923 0.452649 0.178087 -0.111418 -0.391574 -0.638874 -0.832567 -0.9564 0.830614 0.955368 0.999958 0.960643 0.840722 0.650257 0.40523 0.126201 -0.163417 -0.439324 -0.678367 -0.860489 -0.97041 -0.998904 -0.943582 -0.809086 -0.6067 -0.353407 -0.0704606 0.218398 0.488932 0.71844 0.887665 0.982407
18.105 -0.670485 -0.855002 -0.967777 -0.999347 -0.947064 -0.815314 -0.615152 -0.363374 -0.0811052 0.207968 0.479592 0.710974 0.882698 0.980357 0.995756 0.927603 0.781615 0.570044 0.310641 0.0251723 -0.262408 -0.52797 -0.749232 -0.907626 0.746898 0.906144 0.989357 0.989554 0.90672 0.747803 0.52614 0.260329 -0.0273253 -0.312687 -0.571812 -0.782957 -0.928405 -0.995952 -0.97993 -0.881684 -0.709457 -0.477701 -0.205861 0.0832516 0.365379 0.616848 0.816559 0.947753
18.155 -0.563021 -0.776271 -0.924385 -0.994936 -0.982003 -0.886671 -0.71694 -0.487052 -0.216296 0.0726087 0.355421 0.608411 0.81035 0.944293 0.999003 0.969887 0.85939 0.676783 0.437388 0.161292 -0.128337 -0.407198 -0.651891 -0.841886 0.649221 0.839983 0.960263 0.999969 0.955769 0.831372 0.637216 0.389592 0.109278 -0.180206 -0.454569 -0.690789 -0.869047 -0.974384 -0.997962 -0.937802 -0.798953 -0.593065 -0.337414 -0.0534514 0.234997 0.503727 0.730189 0.895383
18.205 -0.445034 -0.683031 -0.863716 -0.971927 -0.998586 -0.941455 -0.805328 -0.601627 -0.347444 -0.0641083 0.224607 0.494476 0.722854 0.890579 0.983576 0.994043 0.921102 0.770872 0.555959 0.294397 0.00813275 -0.278814 -0.542366 -0.760409 0.539409 0.758121 0.913221 0.991693 0.986954 0.899401 0.736381 0.511572 0.243838 -0.0443563 -0.328829 -0.585709 -0.793444 -0.934602 -0.997339 -0.976391 -0.873515 -0.697344 -0.46266 -0.189155 0.100222 0.381189 0.630172 0.826277
18.255 -0.318728 -0.577023 -0.786901 -0.930752 -0.996504 -0.978641 -0.878662 -0.704956 -0.472098 -0.199627 0.0895945 0.371298 0.621847 0.820217 0.949765 0.999619 0.965596 0.850552 0.664139 0.422 0.144451 -0.145219 -0.422703 -0.664719 0.419515 0.662089 0.849108 0.96488 0.99969 0.950618 0.821781 0.62399 0.37384 0.0923224 -0.196942 -0.469681 -0.703011 -0.877351 -0.978075 -0.996729 -0.93175 -0.788589 -0.579258 -0.321323 -0.0364266 0.251527 0.518375 0.741727
18.305 -0.186465 -0.46023 -0.695379 -0.872179 -0.975796 -0.997535 -0.935573 -0.795108 -0.587927 -0.331414 -0.0470927 0.24118 0.509216 0.734525 0.8982 0.986509 0.992042 0.914333 0.759905 0.541714 0.278068 -0.00890922 -0.295139 -0.556605 0.291778 0.553681 0.769124 0.920032 0.993741 0.984067 0.891821 0.724744 0.496855 0.227275 -0.0613744 -0.344874 -0.599437 -0.803701 -0.940528 -0.998437 -0.972568 -0.865093 -0.685029 -0.447485 -0.172394 0.117163 0.396889 0.643312
18.355 -0.0507158 -0.334835 -0.590858 -0.797303 -0.936848 -0.997783 -0.974996 -0.870398 -0.692767 -0.457007 -0.1829 0.106554 0.387067 0.635102 0.829847 0.95496 0.999944 0.961024 0.841466 0.651302 0.406489 0.127567 -0.162059 -0.438086 0.158588 0.434923 0.674764 0.857986 0.969217 0.999121 0.945191 0.811952 0.610583 0.35798 0.0753405 -0.213621 -0.484658 -0.715028 -0.885401 -0.981482 -0.995207 -0.925427 -0.777995 -0.565283 -0.305139 -0.0193913 0.267984 0.532872
18.405 0.085981 -0.20318 -0.475293 -0.707524 -0.880388 -0.979381 -0.996195 -0.929419 -0.784658 -0.574057 -0.315288 -0.0300634 0.257684 0.523809 0.745982 0.905561 0.989156 0.989752 0.907299 0.748717 0.527311 0.261659 -0.0259486 -0.311379 0.0224339 0.308036 0.567791 0.779904 0.926576 0.9955 0.980894 0.883982 0.712897 0.481994 0.210647 -0.0783747 -0.36082 -0.61299 -0.813724 -0.946181 -0.999244 -0.968463 -0.856419 -0.672515 -0.432181 -0.155583 0.13407 0.412473
18.455 0.221071 -0.0677279 -0.350844 -0.60452 -0.807473 -0.942672 -0.998772 -0.971067 -0.861882 -0.680377 -0.441783 -0.166119 0.123483 0.402724 0.648173 0.839235 0.959878 0.999979 0.956173 0.832137 0.638277 0.39086 0.110646 -0.178851 -0.11414 0.175391 0.450205 0.687243 0.866615 0.973272 0.998262 0.93949 0.801886 0.596998 0.342016 0.0583366 -0.230238 -0.499494 -0.726838 -0.893194 -0.984603 -0.993396 -0.918835 -0.767176 -0.551144 -0.288866 -0.00235032 0.284363
18.505 0.352028 0.0689903 -0.219836 -0.490217 -0.719464 -0.888343 -0.982681 -0.994565 -0.922996 -0.773979 -0.56002 -0.29907 -0.0130254 0.274112 0.538249 0.757223 0.912659 0.991515 0.987175 0.900002 0.737312 0.512755 0.245173 -0.0429804 -0.24858 0.0394677 0.324204 0.581736 0.790457 0.932851 0.996971 0.977436 0.875887 0.700843 0.466993 0.193957 -0.0953523 -0.376661 -0.626365 -0.823512 -0.951558 -0.999762 -0.964076 -0.847497 -0.659805 -0.41675 -0.138726 0.150938
18.555 0.476406 0.204419 -0.0847203 -0.366751 -0.618008 -0.817409 -0.948222 -0.999471 -0.966857 -0.853115 -0.667789 -0.42643 -0.14929 0.140376 0.418264 0.661056 0.84838 0.964517 0.999724 0.951045 0.822565 0.625065 0.375117 0.0936936 -0.378374 -0.0971933 0.192143 0.465356 0.699522 0.874993 0.977044 0.997113 0.933515 0.791588 0.58324 0.325953 0.0413158 -0.246788 -0.514184 -0.738436 -0.900727 -0.987439 -0.991297 -0.911976 -0.756133 -0.536844 -0.272509 0.0146913
18.605 0.591878 0.336027 0.0519795 -0.236429 -0.504999 -0.731196 -0.896039 -0.985696 -0.992646 -0.916304 -0.763076 -0.54582 -0.282765 0.00401642 0.290461 0.552533 0.768243 0.919491 0.993586 0.984311 0.892443 0.725692 0.49805 0.228616 -0.501095 -0.232038 0.05649 0.340278 0.595513 0.80078 0.938854 0.998151 0.973695 0.867537 0.688585 0.451856 0.177212 -0.112302 -0.392393 -0.639558 -0.833059 -0.95666 -0.999988 -0.95941 -0.838328 -0.646904 -0.401199 -0.12183
18.655 0.696287 0.461353 0.187708 -0.101688 -0.382551 -0.631315 -0.827107 -0.953497 -0.99988 -0.962365 -0.8441 -0.655007 -0.410954 -0.132418 0.157228 0.433682 0.673747 0.857278 0.968877 0.999178 0.94564 0.812755 0.611673 0.359266 -0.61445 -0.362545 -0.0802185 0.208839 0.480372 0.711599 0.883116 0.980532 0.995674 0.92727 0.78106 0.569313 0.309795 0.024283 -0.263267 -0.528726 -0.74982 -0.907999 -0.989988 -0.98891 -0.904853 -0.744871 -0.522389 -0.256073
18.705 0.787682 0.578056 0.319927 0.0349537 -0.252953 -0.519635 -0.742715 -0.903474 -0.988425 -0.990439 -0.909346 -0.751951 -0.531462 -0.266378 0.021057 0.306725 0.566657 0.779041 0.926057 0.995369 0.981161 0.884625 0.713862 0.4832 -0.71632 -0.486275 -0.215428 0.0734959 0.356253 0.609117 0.810871 0.944586 0.999042 0.96967 0.858935 0.676128 0.436588 0.160414 -0.129219 -0.40801 -0.652566 -0.842365 -0.961484 -0.999925 -0.954464 -0.828916 -0.633815 -0.385531
18.755 0.864353 0.683955 0.446167 0.170942 -0.118626 -0.398241 -0.64444 -0.836565 -0.958495 -0.999999 -0.957595 -0.83484 -0.642036 -0.395359 -0.115508 0.174035 0.448975 0.686242 0.865927 0.972954 0.998342 0.939961 0.802708 0.598102 -0.8048 -0.600916 -0.34661 -0.0632205 0.225474 0.495249 0.723468 0.890983 0.983736 0.993946 0.920755 0.770305 0.55522 0.293547 0.00724317 -0.279668 -0.543114 -0.760987 -0.915007 -0.99225 -0.986235 -0.897467 -0.733393 -0.507782
18.805 0.924867 0.777068 0.564067 0.303735 0.0179177 -0.269403 -0.534119 -0.754018 -0.910648 -0.990867 -0.987944 -0.902124 -0.740608 -0.516949 -0.249914 0.0380916 0.322901 0.580616 0.789612 0.932354 0.996863 0.977726 0.87655 0.701825 -0.878237 -0.704325 -0.471314 -0.198755 0.0904805 0.372124 0.622543 0.820726 0.950043 0.999643 0.965364 0.850084 0.663474 0.421193 0.14357 -0.146099 -0.423509 -0.665384 -0.851427 -0.966028 -0.999571 -0.949242 -0.819263 -0.620541
18.855 0.968095 0.855657 0.671423 0.430851 0.154127 -0.13553 -0.413815 -0.657377 -0.845779 -0.963214 -0.999827 -0.952546 -0.825338 -0.628877 -0.379648 -0.0985639 0.190791 0.464137 0.698538 0.874325 0.97675 0.997216 0.934008 0.792429 -0.935258 -0.794568 -0.587207 -0.330575 -0.046204 0.242044 0.509982 0.735128 0.898591 0.986654 0.991929 0.913973 0.759326 0.540966 0.277214 -0.00979878 -0.295989 -0.557344 -0.771932 -0.921749 -0.994223 -0.983274 -0.88982 -0.721702
18.905 0.993226 0.918252 0.766229 0.549913 0.287455 0.00087647 -0.285775 -0.548448 -0.765102 -0.917557 -0.993021 -0.985162 -0.89464 -0.72905 -0.502287 -0.233377 0.055115 0.338982 0.594406 0.799954 0.938379 0.998067 0.974008 0.868221 -0.974798 -0.86996 -0.692125 -0.456215 -0.182025 0.107439 0.387888 0.635789 0.830343 0.955224 0.999953 0.960778 0.840985 0.650627 0.405676 0.126685 -0.162936 -0.438886 -0.678009 -0.860241 -0.970292 -0.998927 -0.943744 -0.809372
18.955 0.999793 0.963684 0.846713 0.658697 0.41541 0.137267 -0.152394 -0.429268 -0.670123 -0.854749 -0.967654 -0.999364 -0.94722 -0.815596 -0.615536 -0.363828 -0.0815912 0.207492 0.479164 0.710631 0.882469 0.980261 0.995801 0.927785 -0.996117 -0.929091 -0.784106 -0.573328 -0.314443 -0.0291742 0.258543 0.524566 0.746574 0.905938 0.989286 0.989624 0.906925 0.748127 0.526555 0.2608 -0.0268379 -0.312224 -0.571412 -0.782653 -0.928224 -0.995908 -0.980027 -0.881914
19.005 0.987671 0.991102 0.911371 0.755168 0.5356 0.271091 -0.016165 -0.302065 -0.562618 -0.775964 -0.924199 -0.994887 -0.982095 -0.886896 -0.71728 -0.487478 -0.216772 0.0721224 0.354965 0.608024 0.810064 0.944133 0.998981 0.970006 -0.998816 -0.970855 -0.86143 -0.679725 -0.440984 -0.165242 0.124366 0.403538 0.648851 0.839719 0.960127 0.999973 0.955913 0.831643 0.637592 0.390041 0.109762 -0.179726 -0.454134 -0.690436 -0.868805 -0.974274 -0.997993 -0.937971
19.055 0.957088 0.999994 0.958993 0.837524 0.645779 0.399848 0.120367 -0.169215 -0.444597 -0.682675 -0.86347 -0.971812 -0.998612 -0.941619 -0.805617 -0.602016 -0.347901 -0.0645948 0.224132 0.494052 0.722517 0.890357 0.983488 0.994096 -0.982846 -0.994472 -0.922653 -0.773416 -0.559283 -0.298221 -0.0121358 0.274967 0.538999 0.757803 0.913022 0.99163 0.987032 0.899614 0.73671 0.511991 0.244311 -0.0438692 -0.328368 -0.585314 -0.793147 -0.934429 -0.997304 -0.976496
19.105 0.908615 0.990195 0.98869 0.904224 0.743887 0.521131 0.254648 -0.0332018 -0.318266 -0.576625 -0.7866 -0.930573 -0.996463 -0.978741 -0.878895 -0.705302 -0.472528 -0.200105 0.0891089 0.370846 0.621465 0.819938 0.949612 0.999605 -0.948504 -0.9995 -0.966629 -0.85265 -0.667127 -0.425626 -0.148411 0.141257 0.419072 0.661723 0.84885 0.964752 0.999702 0.95077 0.822059 0.624371 0.374292 0.0928079 -0.196464 -0.469251 -0.702664 -0.877117 -0.977973 -0.996769
19.155 0.843159 0.961888 0.999906 0.954024 0.828091 0.632674 0.38417 0.103432 -0.185986 -0.459797 -0.695028 -0.87194 -0.975689 -0.997569 -0.935745 -0.795404 -0.588322 -0.331874 -0.0475797 0.240707 0.508797 0.734194 0.897986 0.986429 -0.896433 -0.985846 -0.992538 -0.915947 -0.762501 -0.545074 -0.281912 0.00490602 0.291312 0.553274 0.768812 0.919841 0.993686 0.984153 0.892042 0.72508 0.497278 0.22775 -0.0608878 -0.344417 -0.599046 -0.803411 -0.940362 -0.998409
19.205 0.761942 0.9156 0.992432 0.98599 0.896815 0.73239 0.506511 0.238132 -0.0502289 -0.334375 -0.590464 -0.797009 -0.936677 -0.997751 -0.975104 -0.870638 -0.693119 -0.45744 -0.183379 0.10607 0.386618 0.634726 0.829575 0.954815 -0.827606 -0.953764 -0.999894 -0.962123 -0.843623 -0.654335 -0.410143 -0.131537 0.158107 0.434484 0.674404 0.857736 0.969096 0.999142 0.94535 0.812236 0.610969 0.358435 0.0758266 -0.213145 -0.484231 -0.714687 -0.885174 -0.981388
19.255 0.666483 0.852199 0.966408 0.999527 0.948777 0.818417 0.619385 0.368381 0.0864668 -0.202703 -0.474864 -0.70718 -0.880157 -0.979282 -0.996237 -0.929599 -0.78496 -0.574456 -0.31575 -0.0305507 0.257213 0.523393 0.745657 0.905354 -0.74331 -0.903855 -0.98856 -0.990316 -0.908976 -0.751365 -0.530708 -0.265521 0.0219464 0.307572 0.56739 0.779598 0.926392 0.995454 0.980989 0.88421 0.713239 0.482421 0.211124 -0.0778887 -0.360365 -0.612605 -0.813441 -0.946023
19.305 0.558567 0.772868 0.92232 0.994381 0.983005 0.889146 0.720681 0.491744 0.221546 -0.0672414 -0.350387 -0.604132 -0.807185 -0.942509 -0.998748 -0.971184 -0.862129 -0.680734 -0.44222 -0.1666 0.122999 0.402278 0.647802 0.83897 -0.64512 -0.837052 -0.958748 -0.999997 -0.957338 -0.83435 -0.641353 -0.394541 -0.114624 0.174911 0.44977 0.686889 0.866372 0.973159 0.998291 0.939657 0.802178 0.597389 0.342474 0.0588233 -0.229764 -0.499071 -0.726503 -0.892974
19.355 0.440209 0.679091 0.860992 0.970647 0.998858 0.943255 0.808506 0.605916 0.352485 0.0694767 -0.219361 -0.489792 -0.719126 -0.888119 -0.982591 -0.994615 -0.923183 -0.774288 -0.560424 -0.299535 -0.0135129 0.273643 0.537838 0.756904 -0.534871 -0.754602 -0.911015 -0.990987 -0.987806 -0.90174 -0.74001 -0.516188 -0.249052 0.0389805 0.323743 0.58134 0.790158 0.932675 0.996933 0.977539 0.876122 0.701191 0.467424 0.194436 -0.0948669 -0.376209 -0.625985 -0.823235
19.405 0.313624 0.572621 0.78357 0.928771 0.99604 0.979733 0.881218 0.708762 0.476834 0.204896 -0.0842344 -0.366297 -0.617624 -0.817128 -0.948067 -0.999455 -0.966981 -0.853369 -0.668152 -0.426871 -0.149773 0.139893 0.417821 0.66069 -0.414624 -0.658047 -0.846254 -0.963453 -0.99981 -0.952274 -0.824835 -0.628185 -0.378825 -0.0976785 0.191664 0.464925 0.699174 0.874757 0.97694 0.99715 0.93369 0.791886 0.583636 0.326414 0.0418029 -0.246316 -0.513766 -0.738107
19.455 0.181176 0.455447 0.691502 0.869534 0.974605 0.997898 0.937459 0.79836 0.592271 0.336486 0.0524664 -0.235955 -0.504578 -0.730863 -0.895822 -0.985614 -0.992705 -0.916499 -0.763391 -0.546229 -0.283233 0.00352887 0.289994 0.552127 -0.286628 -0.549192 -0.765674 -0.91791 -0.993126 -0.985009 -0.894242 -0.728441 -0.501517 -0.232512 0.0560032 0.339819 0.595121 0.800488 0.938687 0.998122 0.973806 0.867779 0.688939 0.452291 0.177691 -0.111818 -0.391944 -0.639183
19.505 0.0453416 0.32976 0.586508 0.794044 0.934953 0.997411 0.976178 0.873035 0.696637 0.461786 0.188187 -0.101203 -0.382101 -0.630937 -0.826833 -0.95335 -0.999873 -0.962498 -0.844361 -0.655376 -0.411399 -0.132902 0.156747 0.433243 -0.153274 -0.430072 -0.670783 -0.85521 -0.967878 -0.999332 -0.946934 -0.815081 -0.614835 -0.362999 -0.0807045 0.208362 0.479945 0.711256 0.882887 0.980437 0.995719 0.927452 0.781364 0.569713 0.310259 0.0247704 -0.262796 -0.528312
19.555 -0.0913403 0.197909 0.470552 0.703712 0.877824 0.97828 0.996649 0.931391 0.787982 0.578454 0.320389 0.0354409 -0.252481 -0.519218 -0.742388 -0.903265 -0.988351 -0.990506 -0.909549 -0.752273 -0.531875 -0.266848 0.0205696 0.306261 -0.0170545 -0.302913 -0.563354 -0.776525 -0.924539 -0.994976 -0.981927 -0.886485 -0.71666 -0.486701 -0.215904 0.0730097 0.355797 0.60873 0.810585 0.944426 0.999021 0.969789 0.859185 0.676487 0.437026 0.160895 -0.128736 -0.407565
19.605 -0.226315 0.0623588 0.3458 0.600226 0.804287 0.940863 0.998491 0.972338 0.864598 0.68431 0.446603 0.171422 -0.118142 -0.397794 -0.644067 -0.836297 -0.958355 -0.999999 -0.957735 -0.835108 -0.642409 -0.395806 -0.115992 0.173555 0.119483 -0.170091 -0.445394 -0.683325 -0.863918 -0.972022 -0.998565 -0.941319 -0.805089 -0.601306 -0.347067 -0.063707 0.224999 0.494825 0.723132 0.890761 0.983649 0.993999 0.920945 0.770616 0.555625 0.294013 0.00773071 -0.2792
19.655 -0.357059 -0.0743569 0.214584 0.48552 0.715717 0.885859 0.98167 0.99511 0.925053 0.777375 0.564469 0.3042 0.0184052 -0.268934 -0.533707 -0.753697 -0.910446 -0.990801 -0.988019 -0.902334 -0.740936 -0.517367 -0.250386 0.0376043 0.253788 -0.0340909 -0.319109 -0.577352 -0.787149 -0.930899 -0.996538 -0.978559 -0.87847 -0.704671 -0.471744 -0.199233 0.089995 0.371672 0.622162 0.820447 0.94989 0.99963 0.965491 0.85034 0.663839 0.421635 0.144053 -0.145617
19.705 -0.481129 -0.209683 0.0793579 0.36174 0.613769 0.814297 0.946499 0.999282 0.968217 0.85591 0.671784 0.431291 0.154608 -0.135047 -0.413371 -0.657009 -0.845519 -0.963083 -0.999836 -0.952694 -0.825613 -0.629256 -0.380099 -0.099049 0.383349 0.102547 -0.18686 -0.460587 -0.695667 -0.872375 -0.975884 -0.997507 -0.935431 -0.794864 -0.587602 -0.331035 -0.046691 0.241571 0.509562 0.734797 0.898377 0.986575 0.991991 0.91417 0.759643 0.541376 0.277682 -0.00931125
19.755 -0.596206 -0.341089 -0.057352 0.231198 0.500348 0.727515 0.893637 0.984775 0.993283 0.918445 0.766543 0.55032 0.287922 0.00136403 -0.285308 -0.548041 -0.764788 -0.917363 -0.992963 -0.985246 -0.894858 -0.729384 -0.502708 -0.233851 0.505744 0.237268 -0.0511174 -0.335213 -0.591182 -0.797546 -0.936988 -0.99781 -0.974907 -0.8702 -0.692477 -0.456649 -0.182504 0.106954 0.387438 0.635413 0.830071 0.955079 0.999948 0.960913 0.841249 0.650997 0.406121 0.127168
19.805 -0.700139 -0.46612 -0.19299 0.096334 0.377575 0.627134 0.824071 0.951861 0.999783 0.963814 0.846973 0.659064 0.415853 0.13775 -0.151913 -0.428828 -0.669761 -0.854496 -0.967531 -0.999382 -0.947376 -0.815878 -0.61592 -0.364282 0.618686 0.367554 0.0855805 -0.203574 -0.475646 -0.707808 -0.880579 -0.979462 -0.996159 -0.929271 -0.784408 -0.573728 -0.314906 -0.0296615 0.258072 0.524151 0.74625 0.905731 0.989215 0.989694 0.90713 0.74845 0.526969 0.261271
19.855 -0.790985 -0.582438 -0.32502 -0.0403303 0.247744 0.51503 0.739101 0.901155 0.987595 0.991167 0.911571 0.755487 0.536012 0.27156 -0.0156775 -0.3016 -0.562215 -0.775656 -0.924013 -0.994837 -0.982186 -0.887121 -0.71762 -0.487904 0.720064 0.490969 0.220679 -0.068129 -0.35122 -0.604841 -0.80771 -0.942806 -0.998792 -0.970971 -0.861678 -0.680082 -0.441422 -0.165723 0.123882 0.403092 0.648479 0.839454 0.959991 0.999976 0.956056 0.831914 0.637967 0.39049
19.905 -0.867046 -0.68787 -0.450976 -0.176241 0.113282 0.3933 0.640316 0.833605 0.956947 0.999993 0.959131 0.83779 0.646151 0.400295 0.120851 -0.168734 -0.444161 -0.682318 -0.863224 -0.971697 -0.998637 -0.941783 -0.805906 -0.602405 0.807982 0.605208 0.351652 0.0685892 -0.220229 -0.490568 -0.719744 -0.888527 -0.982756 -0.994523 -0.922841 -0.773725 -0.559687 -0.298686 -0.0126234 0.274499 0.538588 0.757485 0.912823 0.991567 0.98711 0.899827 0.73704 0.512409
19.955 -0.9269 -0.780444 -0.568501 -0.308857 -0.023297 0.264218 0.529563 0.750473 0.908412 0.990127 0.988763 0.904433 0.744213 0.521548 0.25512 -0.0327145 -0.317804 -0.576227 -0.786299 -0.930395 -0.996422 -0.978841 -0.879127 -0.705647 0.880798 0.708134 0.476052 0.204025 -0.0851209 -0.367125 -0.618324 -0.81764 -0.94835 -0.999484 -0.966754 -0.852905 -0.66749 -0.426067 -0.148893 0.140774 0.418629 0.661358 0.848593 0.964623 0.999714 0.950921 0.822336 0.624751
