10.005 -0.0522207 -0.851306 -2.11081 -3.37849 -4.25328 -4.55234 -4.33705 -3.85955 -3.41386 -3.07302 -2.58387 -1.81137 -1.50632 -3.25966 -2.32792 -2.83949 -6.2817 -4.21583 -2.84742 -0.670147 2.10896 2.42803 1.66207
10.055 0.0641858 -0.59901 -1.75394 -3.01418 -3.98181 -4.43967 -4.40602 -4.05659 -3.58216 -3.08096 -2.62796 -2.45895 -2.76286 -2.77036 0.0957524 -0.465878 -6.34365 -6.42374 -4.40408 -2.30147 0.695108 2.01501 1.31158
10.105 0.105568 -0.49545 -1.57613 -2.79622 -3.7884 -4.33124 -4.40488 -4.12713 -3.66012 -3.1611 -2.79002 -2.67952 -2.75663 -2.58065 -1.50533 0.179192 -2.53781 -6.19174 -4.38427 -4.43303 -2.33438 0.365277 0.0114419
10.155 0.104838 -0.475373 -1.50823 -2.68307 -3.66589 -4.24267 -4.3715 -4.14023 -3.70433 -3.2454 -2.92798 -2.80497 -2.69548 -2.22543 -1.26231 -0.70162 -3.3056 -4.70851 -2.51386 -3.51903 -4.57137 -2.57247 -2.3619
10.205 0.0572164 -0.54333 -1.55615 -2.6852 -3.62733 -4.18699 -4.32182 -4.11415 -3.71998 -3.31367 -3.01228 -2.79158 -2.48062 -1.95244 -1.48157 -1.8343 -3.42083 -3.84838 -0.615697 -1.11765 -6.43371 -5.94055 -4.8785
10.255 -0.0447298 -0.412682 -1.10615 -2.7051 -3.95001 -4.13082 -4.23178 -4.08154 -3.74779 -3.37449 -3.04638 -2.73366 -2.35267 -1.94025 -1.78895 -2.23263 -3.01636 -2.91335 -1.35393 -1.23553 -5.12074 -7.16465 -6.14745
10.305 0.742012 0.785461 0.573536 -2.02588 -5.14936 -4.72942 -4.23242 -3.9907 -3.73111 -3.40747 -3.05889 -2.69202 -2.30892 -2.00686 -1.98566 -2.32676 -2.69394 -2.45398 -1.64043 -1.88843 -5.03656 -6.58779 -6.05146
10.355 2.19616 2.66825 2.65967 -0.139355 -5.4272 -6.43331 -4.87522 -4.02399 -3.6526 -3.38311 -3.06755 -2.69903 -2.33574 -2.09292 -2.09077 -2.30255 -2.45395 -2.24466 -1.91785 -2.4871 -4.51181 -6.04992 -6.0843
10.405 3.05157 3.73779 3.81415 1.88076 -3.96495 -6.76002 -5.88989 -5.02746 -3.77863 -3.29128 -3.01927 -2.71792 -2.39996 -2.17957 -2.14522 -2.25142 -2.30872 -2.18032 -2.1 -2.67514 -4.14747 -5.59195 -5.98823
10.455 3.36959 3.18316 3.19714 3.06553 -1.66756 -4.55859 -4.73479 -6.6953 -5.22967 -3.77862 -3.02516 -2.66762 -2.42457 -2.25001 -2.18786 -2.21654 -2.22568 -2.15567 -2.18599 -2.70216 -3.8635 -5.17056 -5.78031
10.505 2.79648 1.63365 1.40561 2.3405 1.02863 -0.812958 -2.15531 -6.55159 -7.51822 -5.45288 -3.50511 -2.59562 -2.31053 -2.22772 -2.20318 -2.20037 -2.17847 -2.14248 -2.24394 -2.74163 -3.73585 -4.89803 -5.53614
10.555 2.00204 0.83099 0.54829 1.47969 1.91595 1.93051 0.160363 -5.01413 -8.07277 -6.89517 -4.86482 -3.01241 -2.25875 -2.11344 -2.1463 -2.17466 -2.15832 -2.1442 -2.27533 -2.74393 -3.61978 -4.662 -5.29153
10.605 1.23856 0.413803 0.114071 0.532257 1.62013 2.39245 1.88687 -3.15247 -6.32368 -5.91844 -6.70227 -4.74963 -2.93129 -2.13103 -2.00679 -2.07933 -2.12569 -2.14689 -2.27545 -2.68127 -3.43766 -4.37796 -5.02643
10.655 0.747193 0.162324 -0.133154 -0.0337727 0.640367 0.963589 1.42131 -0.936965 -3.02097 -3.30088 -6.72384 -6.87767 -4.67503 -2.77702 -1.99625 -1.91221 -2.01766 -2.11746 -2.26913 -2.6259 -3.27911 -4.12169 -4.75801
10.705 0.311674 -0.171812 -0.477441 -0.542377 -0.272635 -0.257144 0.721972 0.750824 0.299436 -0.954215 -5.50868 -8.15871 -6.56472 -4.01107 -2.28386 -1.75977 -1.83143 -2.03599 -2.2705 -2.63863 -3.23879 -3.99493 -4.54631
10.755 0.0958483 -0.2857 -0.56772 -0.718321 -0.687073 -0.800328 -0.262864 0.732999 1.48581 0.734689 -4.14109 -6.96821 -6.3951 -6.01423 -3.6535 -2.11541 -1.68701 -1.83551 -2.15528 -2.5623 -3.11624 -3.79243 -4.31229
10.805 -0.0203913 -0.324785 -0.578527 -0.766585 -0.8628 -1.0488 -0.868197 0.0442234 0.668686 0.920048 -2.32249 -4.32684 -4.2183 -6.67769 -5.83156 -3.57411 -2.08153 -1.6911 -1.9244 -2.38868 -2.95829 -3.5906 -4.08458
10.855 -0.135827 -0.423962 -0.691 -0.92936 -1.12265 -1.37902 -1.4026 -0.960428 -0.786033 0.23679 -0.304804 -1.06923 -1.90015 -5.83722 -7.58008 -5.53971 -3.04684 -1.78892 -1.71338 -2.20128 -2.85028 -3.49199 -3.92363
10.905 -0.211759 -0.481877 -0.741576 -0.988227 -1.21349 -1.47693 -1.60908 -1.46973 -1.4562 -0.667351 0.0975059 0.792927 -0.224778 -4.79875 -7.14386 -6.25893 -4.92979 -2.57228 -1.67663 -1.90238 -2.58723 -3.30374 -3.76128
10.955 -0.248326 -0.499579 -0.747327 -0.992022 -1.22967 -1.49367 -1.68502 -1.71816 -1.81283 -1.4293 -0.300414 0.635709 0.651184 -3.17762 -5.11179 -4.93213 -6.44881 -4.57372 -2.53751 -1.83415 -2.20725 -2.96547 -3.54372
11.005 -0.271421 -0.505445 -0.741553 -0.980583 -1.22195 -1.4861 -1.71489 -1.85791 -2.0463 -1.93551 -1.28794 -0.848634 0.05621 -1.25342 -2.27188 -2.78668 -6.11602 -6.64526 -4.25554 -2.377 -2.005 -2.58744 -3.25343
11.055 -0.575079 -0.541831 -0.783002 -1.02915 -1.28087 -1.54921 -1.7983 -1.9977 -2.21941 -2.25529 -1.95576 -1.75737 -0.739929 -0.319053 0.155176 -0.944009 -5.37453 -7.50137 -5.22357 -3.67751 -2.62512 -2.13942 -2.77003
11.105 -1.24199 -0.561639 -0.795596 -1.03243 -1.27412 -1.52689 -1.76948 -1.98395 -2.20835 -2.3228 -2.23154 -2.17748 -1.60659 -0.449984 0.611519 0.213606 -4.22004 -6.84209 -4.36091 -4.60963 -4.82675 -2.49776 -2.17078
11.155 -2.19912 -0.771792 -1.0381 -1.07897 -1.12274 -1.37916 -1.62161 -1.84269 -2.06497 -2.22539 -2.26714 -2.32171 -2.09184 -1.29217 -0.591819 -0.071421 -2.89054 -5.27517 -2.85438 -3.46612 -6.14386 -4.83336 -2.48129
11.205 -3.30315 -2.10284 -2.5573 -1.65318 -0.665337 -1.05321 -1.39996 -1.70767 -1.99766 -2.2396 -2.40329 -2.57236 -2.56265 -2.18789 -1.90416 -1.02186 -1.9008 -3.07323 -1.12643 -1.99558 -6.25906 -7.00663 -3.80239
11.255 -4.68757 -3.98499 -4.74861 -3.23452 -0.313179 -0.304059 -0.839701 -1.30379 -1.71749 -2.07204 -2.35632 -2.61952 -2.76996 -2.6843 -2.61913 -2.13882 -1.81888 -1.671 -0.3627 -1.01825 -5.37406 -7.17452 -4.47019
11.305 -5.96525 -5.43436 -5.52002 -4.34131 -1.26663 0.113283 -0.399186 -0.840743 -1.34285 -1.77942 -2.14808 -2.47702 -2.72127 -2.80325 -2.8587 -2.6797 -2.17287 -1.77192 -0.940256 -0.457359 -3.7646 -6.03155 -3.75099
11.355 -5.07348 -5.37604 -5.19913 -6.08323 -3.7341 -0.924768 -0.368125 0.0416527 -0.606116 -1.17827 -1.67328 -2.10707 -2.4545 -2.67529 -2.85256 -2.8753 -2.67867 -2.52046 -2.12208 -1.13273 -2.53909 -4.05356 -2.06557
11.405 -4.76405 -5.59009 -3.66213 -4.26091 -5.36726 -4.02012 -2.2885 0.472355 0.190788 -0.497773 -1.11316 -1.65909 -2.11661 -2.46508 -2.7538 -2.9229 -2.93803 -2.94827 -2.81291 -2.12639 -2.0748 -2.09952 -0.500911
11.455 -5.52997 -6.76635 -1.17141 -0.284961 -7.11577 -7.06797 -4.41043 -0.245802 0.907126 0.250735 -0.401846 -1.05761 -1.62889 -2.09953 -2.49212 -2.76874 -2.91374 -3.00882 -2.98272 -2.62205 -1.95809 -1.27169 0.011258
11.505 -5.25199 -6.34386 -3.56 0.055997 -2.34454 -7.15068 -6.77845 -3.71272 -0.18703 0.276478 0.397823 -0.34462 -1.01242 -1.58613 -2.06824 -2.42716 -2.65553 -2.7951 -2.8124 -2.60361 -2.11146 -1.43974 -0.404734
11.555 -4.76831 -6.38841 -4.49684 -0.288933 -1.69381 -4.86254 -6.31396 -5.50543 -3.13908 -1.5557 0.720558 0.338238 -0.374857 -1.01338 -1.5638 -1.9976 -2.30501 -2.50083 -2.56964 -2.45983 -2.1207 -1.57731 -0.773819
11.605 -4.12576 -5.66179 -4.76127 -3.43603 -3.53486 -0.0874212 -0.752544 -7.82526 -7.48686 -4.48229 0.263121 1.17082 0.470044 -0.223971 -0.872125 -1.40919 -1.82103 -2.10562 -2.24797 -2.223 -1.99711 -1.57637 -0.955372
11.655 -3.4795 -5.10592 -5.15872 -4.48451 -3.40162 -0.855462 0.0940411 -4.20732 -7.84328 -6.73692 -3.2352 0.187681 0.521679 0.512768 -0.178544 -0.779854 -1.27022 -1.63528 -1.85767 -1.92205 -1.80426 -1.50398 -1.03776
11.705 -2.88458 -4.55785 -5.15944 -5.00463 -4.21321 -2.17738 1.05562 -1.61326 -6.16277 -7.455 -5.71721 -2.42112 -0.89988 0.985634 0.570056 -0.0759966 -0.635132 -1.08109 -1.39033 -1.54822 -1.53603 -1.35121 -1.01223
11.755 -2.17259 -3.9191 -5.01797 -5.1689 -4.25549 -2.64873 -1.87077 -3.11003 -0.949384 -1.76129 -8.05447 -7.25748 -4.07096 0.719374 1.41547 0.75854 0.136437 -0.40478 -0.819553 -1.0885 -1.19357 -1.12934 -0.908272
11.805 -1.69148 -3.3908 -4.68322 -5.03829 -4.46817 -3.56739 -3.03678 -2.46644 -0.0189998 -0.573629 -6.29889 -8.26104 -6.00044 -1.93197 0.6269 0.84002 0.821001 0.249278 -0.225736 -0.577801 -0.784854 -0.834919 -0.729434
11.855 -1.28225 -2.86847 -4.26139 -4.85624 -4.62162 -4.01947 -3.53454 -3.04778 -1.72432 0.854991 -2.00834 -6.92432 -7.74039 -5.31866 -1.52203 -0.0613748 1.46959 1.06849 0.514751 0.058066 -0.270315 -0.449976 -0.472029
11.905 -0.841874 -2.25136 -3.70292 -4.57125 -4.72952 -4.43354 -3.87764 -2.96027 -1.76958 -1.39098 -3.27138 -2.20811 -2.95272 -7.60588 -6.13044 -2.95557 1.28748 1.83844 1.24211 0.728736 0.308881 0.00511279 -0.14996
11.955 -0.534334 -1.74964 -3.18127 -4.2465 -4.69676 -4.57706 -4.01264 -3.20664 -2.60745 -2.61627 -2.56476 -0.17963 -1.12054 -7.07127 -7.89258 -4.88085 -0.614083 1.40198 0.967605 1.10838 1.0906 0.647577 0.32588
12.005 -0.296293 -1.32258 -2.69352 -3.88086 -4.54585 -4.60909 -4.17578 -3.51159 -3.00269 -2.87821 -2.82185 -1.94766 0.248649 -2.35278 -6.93532 -6.92132 -3.86207 -0.249451 -0.225243 0.899798 1.93796 1.50075 0.951208
12.055 -0.0775165 -0.903014 -2.17758 -3.43876 -4.29045 -4.56086 -4.31882 -3.82385 -3.3852 -3.08631 -2.63701 -1.79039 -1.23295 -3.16697 -2.98785 -3.65583 -5.90889 -3.68882 -2.60949 -0.545674 2.11091 2.33497 1.59894
12.105 0.0498709 -0.631131 -1.8001 -3.06145 -4.01615 -4.45262 -4.39769 -4.03765 -3.57028 -3.08333 -2.62399 -2.42653 -2.75391 -2.8988 0.0539374 -0.567135 -6.6407 -6.36248 -4.33509 -2.1111 0.944838 2.1362 1.40959
12.155 0.100285 -0.508726 -1.59842 -2.82253 -3.81035 -4.34228 -4.40428 -4.12046 -3.65492 -3.16025 -2.79236 -2.69045 -2.78505 -2.60439 -1.45519 0.0542184 -2.77036 -6.32483 -4.47804 -4.28039 -2.02713 0.602818 0.199838
12.205 0.103062 -0.481353 -1.52042 -2.6993 -3.68083 -4.25175 -4.37389 -4.13856 -3.70158 -3.24258 -2.92797 -2.82145 -2.75171 -2.32431 -1.32373 -0.542558 -3.22026 -4.86631 -2.85158 -3.88325 -4.26151 -2.13043 -2.04572
12.255 0.0589697 -0.54278 -1.55944 -2.69231 -3.63561 -4.19351 -4.32516 -4.1144 -3.71821 -3.31314 -3.02137 -2.82243 -2.53589 -2.00557 -1.48208 -1.78079 -3.47215 -4.01608 -0.703431 -1.18681 -6.45956 -5.67607 -4.6398
12.305 -0.0596533 -0.485779 -1.2372 -2.71577 -3.86648 -4.12867 -4.24372 -4.08567 -3.74598 -3.37533 -3.05966 -2.7651 -2.39548 -1.97323 -1.79753 -2.2449 -3.09282 -3.00707 -1.27378 -1.22889 -5.25069 -7.13255 -6.08673
12.355 0.58035 0.585693 0.332215 -2.20095 -5.01093 -4.56745 -4.21312 -4.00471 -3.73995 -3.4136 -3.07351 -2.71971 -2.34293 -2.03476 -2.00546 -2.35826 -2.75898 -2.52663 -1.64511 -1.79433 -5.04719 -6.70136 -6.08998
12.405 2.05807 2.44552 2.42346 -0.362497 -5.49277 -6.27279 -4.77499 -3.99694 -3.65784 -3.39482 -3.08237 -2.71978 -2.36096 -2.11887 -2.11977 -2.34389 -2.50808 -2.2848 -1.91004 -2.46299 -4.57892 -6.113 -6.08903
12.455 2.97402 3.70042 3.77211 1.63619 -4.21135 -6.88566 -5.80882 -4.7969 -3.71836 -3.30724 -3.0469 -2.74189 -2.42264 -2.20478 -2.17702 -2.29291 -2.35444 -2.21257 -2.1065 -2.67995 -4.19447 -5.6501 -6.01178
12.505 3.36777 3.32371 3.36398 3.07789 -1.95187 -4.94192 -5.02928 -6.55806 -5.00818 -3.67466 -3.01819 -2.69506 -2.45481 -2.27861 -2.22006 -2.25538 -2.26607 -2.18645 -2.203 -2.72163 -3.90762 -5.22681 -5.81439
12.555 2.89175 1.78977 1.57524 2.40957 0.73449 -1.28611 -2.47208 -6.68178 -7.26307 -5.1889 -3.41255 -2.61732 -2.36034 -2.27129 -2.24047 -2.23807 -2.21622 -2.17258 -2.26078 -2.75191 -3.75419 -4.92844 -5.56942
12.605 2.09024 0.883442 0.609098 1.61972 1.93916 1.73962 -0.0855984 -5.18361 -8.16502 -6.84495 -4.65467 -2.93662 -2.27604 -2.16041 -2.19294 -2.21548 -2.19393 -2.17367 -2.29915 -2.7685 -3.65344 -4.70383 -5.3277
12.655 1.31034 0.447841 0.144936 0.609329 1.67568 2.43503 1.78902 -3.37146 -6.6258 -6.21078 -6.57451 -4.4967 -2.80303 -2.12908 -2.05608 -2.13194 -2.16739 -2.17872 -2.30297 -2.712 -3.47761 -4.42488 -5.06631
12.705 0.803405 0.200796 -0.0917869 0.0366163 0.775336 1.16711 1.51371 -1.23138 -3.44402 -3.60776 -6.81716 -6.65573 -4.45312 -2.69958 -2.02204 -1.96936 -2.06902 -2.15457 -2.29564 -2.64881 -3.30494 -4.1534 -4.79345
12.755 0.348353 -0.14827 -0.455868 -0.50659 -0.198025 -0.164231 0.822084 0.674159 0.00362694 -1.20816 -5.66259 -8.15309 -6.44524 -3.85062 -2.25187 -1.80247 -1.89033 -2.08307 -2.30264 -2.66352 -3.26477 -4.02595 -4.58053
12.805 0.116884 -0.273351 -0.556662 -0.698938 -0.646206 -0.746834 -0.158466 0.7648 1.45459 0.541104 -4.36425 -7.19598 -6.55382 -5.82344 -3.44762 -2.05172 -1.72203 -1.89538 -2.20485 -2.59954 -3.15075 -3.83012 -4.34916
12.855 -0.0122487 -0.325957 -0.584028 -0.769538 -0.853622 -1.03081 -0.812388 0.170018 0.862279 1.00312 -2.57759 -4.69377 -4.49121 -6.74115 -5.63701 -3.40398 -2.03427 -1.72702 -1.9822 -2.43843 -2.99808 -3.62748 -4.12048
12.905 -0.122308 -0.410732 -0.675809 -0.909447 -1.09429 -1.34657 -1.35195 -0.864383 -0.661338 0.30592 -0.475198 -1.43629 -2.15856 -5.9838 -7.47216 -5.37903 -2.95294 -1.79215 -1.76399 -2.25247 -2.88668 -3.51942 -3.95258
12.955 -0.206064 -0.479056 -0.740668 -0.987718 -1.211 -1.47434 -1.59658 -1.42998 -1.39902 -0.555226 0.0926106 0.677759 -0.404735 -4.96867 -7.3274 -6.31208 -4.71799 -2.44964 -1.68129 -1.96478 -2.6512 -3.35178 -3.79529
13.005 -0.245936 -0.500166 -0.750591 -0.997335 -1.23587 -1.5019 -1.68927 -1.70739 -1.79265 -1.36897 -0.218866 0.744582 0.635372 -3.40326 -5.42279 -5.17512 -6.42045 -4.34985 -2.4235 -1.84487 -2.27352 -3.03158 -3.58911
13.055 -0.265334 -0.501363 -0.736436 -0.973546 -1.2119 -1.47335 -1.69649 -1.82838 -2.0064 -1.87495 -1.18058 -0.687022 0.130502 -1.51043 -2.6733 -3.08257 -6.22941 -6.44492 -4.06624 -2.32552 -2.04327 -2.64503 -3.30074
13.105 -0.517849 -0.538315 -0.780506 -1.02824 -1.2819 -1.55335 -1.8043 -2.00232 -2.22494 -2.24951 -1.918 -1.70094 -0.632257 -0.354555 -0.0458476 -1.12511 -5.48378 -7.5469 -5.28814 -3.5254 -2.47462 -2.21439 -2.86888
13.155 -1.14852 -0.561202 -0.796379 -1.03495 -1.27872 -1.53433 -1.7791 -1.99398 -2.21997 -2.32928 -2.22068 -2.15454 -1.53915 -0.416099 0.632576 0.114827 -4.38733 -7.00607 -4.56922 -4.641 -4.58945 -2.39651 -2.22643
13.205 -2.06961 -0.687839 -0.94503 -1.05397 -1.16201 -1.41132 -1.64915 -1.86651 -2.08649 -2.24135 -2.26992 -2.31022 -2.04901 -1.1899 -0.426949 0.00067342 -3.07266 -5.53387 -3.08143 -3.66633 -6.10279 -4.57479 -2.40918
13.255 -3.17146 -1.90227 -2.32278 -1.55005 -0.732546 -1.10728 -1.43955 -1.73597 -2.01771 -2.2511 -2.40309 -2.56261 -2.53147 -2.11521 -1.79982 -0.911672 -1.9853 -3.37334 -1.34446 -2.13558 -6.29808 -6.91116 -3.68413
13.305 -4.5001 -3.77482 -4.5405 -3.04837 -0.311863 -0.405512 -0.920006 -1.36631 -1.7657 -2.10777 -2.37959 -2.63301 -2.76921 -2.65833 -2.57384 -2.04782 -1.83394 -1.78163 -0.403493 -1.16117 -5.57023 -7.26744 -4.49911
13.355 -5.86168 -5.3046 -5.51093 -4.23057 -1.06605 0.135036 -0.429744 -0.915279 -1.40839 -1.83747 -2.19929 -2.52374 -2.76156 -2.83019 -2.87645 -2.66873 -2.12305 -1.71655 -0.83593 -0.467146 -3.97548 -6.26557 -3.93857
13.405 -5.25141 -5.42775 -5.2528 -5.95307 -3.51694 -0.711255 -0.313585 -0.0664871 -0.700675 -1.25935 -1.74124 -2.16354 -2.49953 -2.70563 -2.86934 -2.8717 -2.64536 -2.46013 -2.01636 -1.04282 -2.68709 -4.35849 -2.32888
13.455 -4.73955 -5.22373 -3.87861 -5.2036 -5.04484 -3.42917 -1.91443 0.418797 0.0564409 -0.613078 -1.20929 -1.73777 -2.18024 -2.51394 -2.79069 -2.9474 -2.94618 -2.94359 -2.78712 -2.04496 -2.13195 -2.31512 -0.667658
13.505 -5.47069 -6.80894 -1.28996 -0.399947 -7.16294 -6.90814 -4.24382 -0.0257176 0.91227 0.199453 -0.486422 -1.13749 -1.70215 -2.16426 -2.54939 -2.81694 -2.95151 -3.04189 -3.00699 -2.61846 -1.97778 -1.33218 -0.0149384
13.555 -5.31735 -6.31384 -3.15306 -0.118298 -3.07675 -7.1799 -6.47339 -3.32142 0.0208496 0.302889 0.278562 -0.453994 -1.11002 -1.67127 -2.14247 -2.4923 -2.71273 -2.84806 -2.86226 -2.64359 -2.13468 -1.44782 -0.37734
13.605 -4.84683 -6.4388 -4.50294 0.0177256 -1.44532 -5.38899 -6.72493 -5.33172 -2.66396 -1.21465 0.727183 0.248745 -0.462446 -1.09679 -1.64203 -2.06956 -2.36993 -2.55989 -2.62257 -2.50287 -2.15022 -1.59133 -0.759463
13.655 -4.19156 -5.74036 -4.70012 -3.18607 -3.5383 -0.440055 -1.00444 -7.77798 -7.23036 -4.25772 0.451486 1.13971 0.390883 -0.324048 -0.969393 -1.50028 -1.90379 -2.17978 -2.31286 -2.27671 -2.03752 -1.601 -0.956016
13.705 -3.55901 -5.16763 -5.14279 -4.43415 -3.32474 -0.408226 -0.0920062 -5.17916 -7.92185 -6.3155 -2.64699 0.352678 0.501684 0.379201 -0.301385 -0.889976 -1.36689 -1.71903 -1.92974 -1.98294 -1.85325 -1.53858 -1.0538
13.755 -2.97536 -4.63331 -5.15925 -4.9428 -4.1683 -2.18796 1.1633 -1.52877 -6.5603 -7.66182 -5.56978 -2.01963 -0.606912 0.994796 0.487617 -0.161406 -0.719714 -1.16164 -1.46385 -1.61211 -1.58784 -1.38821 -1.03213
13.805 -2.24122 -3.98511 -5.0456 -5.17689 -4.24781 -2.52812 -1.587 -3.13304 -1.47058 -2.19067 -7.90125 -6.87435 -3.79037 0.830644 1.33501 0.650654 0.0219432 -0.51087 -0.913738 -1.16856 -1.25793 -1.17666 -0.938134
13.855 -1.75455 -3.46231 -4.73225 -5.05202 -4.43234 -3.4862 -2.99164 -2.51606 0.20539 -0.665743 -6.92495 -8.33614 -5.71412 -1.44848 0.787751 0.847481 0.718376 0.151329 -0.315568 -0.656913 -0.851096 -0.886379 -0.765156
13.905 -1.34131 -2.94362 -4.32206 -4.88178 -4.60208 -3.96057 -3.46756 -3.01882 -1.74911 0.81615 -2.05808 -7.21925 -7.79574 -5.12229 -1.18329 0.16531 1.45035 0.977404 0.4245 -0.0262345 -0.344357 -0.510208 -0.516188
13.955 -0.894901 -2.32855 -3.77487 -4.60831 -4.7193 -4.39683 -3.86202 -2.97329 -1.69131 -1.07786 -3.20312 -2.83187 -3.66775 -7.30874 -5.59529 -2.63912 1.32299 1.72594 1.14163 0.623968 0.2097 -0.073642 -0.206354
14.005 -0.574687 -1.81521 -3.24916 -4.28968 -4.7055 -4.56418 -3.99289 -3.16969 -2.53959 -2.57638 -2.65081 -0.128335 -1.19782 -7.44658 -7.9087 -4.683 -0.292907 1.53808 1.06803 1.08981 0.987956 0.56098 0.260137
14.055 -0.329521 -1.38081 -2.7593 -3.93048 -4.56736 -4.60626 -4.15751 -3.48258 -2.9664 -2.84042 -2.78317 -1.9066 0.121964 -2.55633 -7.1612 -6.89749 -3.63957 0.00782446 -0.0223349 1.00277 1.86745 1.39082 0.865558
14.105 -0.106721 -0.958394 -2.24584 -3.49803 -4.32576 -4.56885 -4.30199 -3.78886 -3.35222 -3.09105 -2.6889 -1.7777 -0.899085 -2.95758 -3.68034 -4.61975 -5.43414 -3.05104 -2.34407 -0.422963 2.08655 2.22695 1.52668
14.155 0.03306 -0.665085 -1.84632 -3.1072 -4.04889 -4.4654 -4.39079 -4.02045 -3.55894 -3.08361 -2.61046 -2.36725 -2.70213 -3.0126 -0.0293445 -0.666075 -6.85915 -6.24988 -4.2255 -1.91651 1.18012 2.24852 1.50013
14.205 0.0933417 -0.52261 -1.6197 -2.84684 -3.8307 -4.35337 -4.40559 -4.11659 -3.65128 -3.1565 -2.78447 -2.68446 -2.79319 -2.59559 -1.32702 -0.0722203 -3.0892 -6.42198 -4.53409 -4.08038 -1.69007 0.834051 0.380905
14.255 0.0994487 -0.488754 -1.53292 -2.715 -3.69534 -4.26141 -4.37808 -4.13917 -3.69978 -3.23659 -2.91755 -2.81862 -2.78277 -2.40244 -1.37828 -0.360345 -3.08384 -5.06077 -3.15512 -4.13745 -3.98968 -1.72414 -1.73147
14.305 0.0602144 -0.541272 -1.56025 -2.69647 -3.64196 -4.20016 -4.33073 -4.11776 -3.71793 -3.30935 -3.02019 -2.83638 -2.57083 -2.03802 -1.45963 -1.69618 -3.49902 -4.15795 -0.827906 -1.30565 -6.41093 -5.36508 -4.37322
14.355 -0.0607473 -0.541161 -1.34869 -2.71809 -3.79505 -4.13313 -4.25792 -4.09149 -3.74448 -3.37233 -3.06298 -2.78066 -2.41822 -1.98343 -1.78105 -2.23271 -3.15465 -3.08986 -1.14869 -1.2233 -5.4306 -7.05765 -5.99244
14.405 0.433569 0.396223 0.088752 -2.34521 -4.85291 -4.44154 -4.20078 -4.01871 -3.74744 -3.4155 -3.07884 -2.73254 -2.35745 -2.03995 -2.00095 -2.36637 -2.80442 -2.58321 -1.63733 -1.69551 -5.03994 -6.81084 -6.12819
14.455 1.9104 2.21407 2.17762 -0.582514 -5.53047 -6.09927 -4.68163 -3.97827 -3.66563 -3.40271 -3.08767 -2.72581 -2.36693 -2.12232 -2.12505 -2.36275 -2.54276 -2.30781 -1.88534 -2.42439 -4.64532 -6.17279 -6.08708
14.505 2.8867 3.63765 3.70679 1.3989 -4.42809 -6.98495 -5.70422 -4.5855 -3.68209 -3.32636 -3.06456 -2.74988 -2.42579 -2.20796 -2.1858 -2.31211 -2.37969 -2.22621 -2.09662 -2.67327 -4.23798 -5.70598 -6.03031
14.555 3.35005 3.44008 3.50234 3.04528 -2.22153 -5.29876 -5.29529 -6.40673 -4.79382 -3.57917 -3.00913 -2.70988 -2.46593 -2.28504 -2.22928 -2.27177 -2.2853 -2.19789 -2.20371 -2.73004 -3.9469 -5.28057 -5.84431
14.605 2.98736 1.96416 1.76968 2.48667 0.386241 -1.77928 -2.80208 -6.77198 -6.96135 -4.92033 -3.33157 -2.63661 -2.39388 -2.29252 -2.2542 -2.25298 -2.23279 -2.18352 -2.26097 -2.74898 -3.76362 -4.95345 -5.59939
14.655 2.17896 0.944066 0.677481 1.74864 1.93235 1.50775 -0.336838 -5.34616 -8.2259 -6.75623 -4.44628 -2.86879 -2.28583 -2.18817 -2.21602 -2.23268 -2.20756 -2.18333 -2.30581 -2.77928 -3.67716 -4.73913 -5.36005
14.705 1.38785 0.486784 0.181809 0.69523 1.72106 2.44704 1.64725 -3.59431 -6.90156 -6.45675 -6.41127 -4.24094 -2.67953 -2.11983 -2.08629 -2.16072 -2.18563 -2.18956 -2.31264 -2.72832 -3.50678 -4.46436 -5.10154
14.755 0.857158 0.233344 -0.0569267 0.103391 0.911103 1.37371 1.60892 -1.51774 -3.85561 -3.90355 -6.8908 -6.42952 -4.23205 -2.61221 -2.02821 -2.00309 -2.09706 -2.17056 -2.30475 -2.65915 -3.3233 -4.18141 -4.82589
14.805 0.388781 -0.120335 -0.428785 -0.463933 -0.114085 -0.0605209 0.913796 0.568452 -0.325207 -1.4722 -5.84103 -8.0775 -6.28061 -3.71097 -2.20719 -1.82301 -1.92568 -2.1077 -2.31487 -2.67179 -3.2776 -4.04737 -4.60929
14.855 0.138208 -0.261704 -0.546628 -0.680116 -0.604189 -0.691506 -0.0481661 0.788549 1.39583 0.34601 -4.56902 -7.40278 -6.66863 -5.60181 -3.23971 -1.98392 -1.74194 -1.93417 -2.23363 -2.61975 -3.17286 -3.85943 -4.38051
14.905 -0.0038808 -0.327552 -0.590285 -0.77328 -0.84469 -1.01389 -0.75508 0.289794 1.04042 1.06705 -2.82334 -5.04982 -4.75625 -6.77371 -5.40863 -3.21482 -1.97256 -1.74623 -2.02157 -2.47133 -3.02503 -3.65586 -4.15054
14.955 -0.108034 -0.396389 -0.658764 -0.88663 -1.06168 -1.3087 -1.29437 -0.759064 -0.522591 0.373215 -0.673299 -1.82252 -2.41857 -6.11626 -7.31959 -5.17423 -2.83728 -1.78129 -1.79791 -2.28531 -2.90691 -3.53487 -3.97409
15.005 -0.200178 -0.476296 -0.740012 -0.987596 -1.20886 -1.47237 -1.58383 -1.38778 -1.3396 -0.438135 0.0850494 0.537092 -0.581205 -5.11545 -7.46715 -6.32063 -4.48902 -2.32136 -1.67495 -2.01086 -2.69877 -3.38686 -3.82057
15.055 -0.243417 -0.500475 -0.753153 -1.00129 -1.23984 -1.50715 -1.68941 -1.69108 -1.76672 -1.30093 -0.147081 0.829811 0.600513 -3.60887 -5.7086 -5.41095 -6.33704 -4.09855 -2.29342 -1.84231 -2.32554 -3.08409 -3.62387
15.105 -0.262359 -0.498829 -0.733657 -0.969575 -1.20552 -1.46479 -1.68226 -1.80228 -1.96909 -1.81392 -1.06707 -0.515126 0.210405 -1.7526 -3.04305 -3.3647 -6.3213 -6.22422 -3.85511 -2.25218 -2.06433 -2.6911 -3.33966
15.155 -0.465938 -0.53479 -0.777537 -1.0261 -1.28069 -1.55412 -1.80555 -2.00061 -2.22299 -2.23437 -1.86742 -1.63094 -0.526651 -0.404212 -0.263733 -1.30626 -5.57166 -7.5533 -5.29973 -3.33758 -2.32398 -2.28485 -2.95439
15.205 -1.05871 -0.560349 -0.796527 -1.03635 -1.28144 -1.53895 -1.78468 -1.99856 -2.22474 -2.32721 -2.19874 -2.11859 -1.45662 -0.382261 0.642794 -0.00928467 -4.55584 -7.13503 -4.73211 -4.61437 -4.31816 -2.29626 -2.28211
15.255 -1.94176 -0.624493 -0.873903 -1.03617 -1.19614 -1.44046 -1.6751 -1.88967 -2.10807 -2.25732 -2.27152 -2.29745 -2.00125 -1.07855 -0.250146 0.0779336 -3.24135 -5.76459 -3.28548 -3.84748 -6.02819 -4.28739 -2.32691
15.305 -3.04064 -1.71048 -2.10011 -1.46051 -0.798561 -1.15436 -1.47245 -1.75752 -2.0307 -2.25469 -2.39352 -2.54212 -2.48739 -2.02669 -1.67415 -0.795229 -2.07027 -3.66775 -1.56062 -2.27389 -6.30773 -6.75356 -3.52765
15.355 -4.31236 -3.55693 -4.28906 -2.82443 -0.338256 -0.514362 -1.0038 -1.42908 -1.81155 -2.13884 -2.39595 -2.63795 -2.75753 -2.61849 -2.51162 -1.93688 -1.84169 -1.89928 -0.448757 -1.28816 -5.73286 -7.31839 -4.48485
15.405 -5.74108 -5.16116 -5.4805 -4.11864 -0.887186 0.133829 -0.46516 -0.980001 -1.4644 -1.88568 -2.23972 -2.55856 -2.78827 -2.84156 -2.87689 -2.63924 -2.0706 -1.66703 -0.735442 -0.4862 -4.16809 -6.45955 -4.08825
15.455 -5.44403 -5.4781 -5.28603 -5.77192 -3.26877 -0.523055 -0.281819 -0.178507 -0.796414 -1.33905 -1.80546 -2.21425 -2.53705 -2.72678 -2.87512 -2.85609 -2.59786 -2.38332 -1.89222 -0.946187 -2.82944 -4.62887 -2.56427
15.505 -4.62725 -5.1007 -4.18539 -5.68791 -4.83483 -2.95787 -1.59418 0.390874 -0.0504806 -0.705164 -1.28626 -1.80081 -2.23057 -2.55077 -2.81597 -2.95956 -2.9397 -2.92288 -2.74232 -1.93735 -2.16758 -2.5239 -0.83017
15.555 -5.39177 -6.81882 -1.47752 -0.571153 -7.14199 -6.70205 -4.05796 0.160777 0.883952 0.136294 -0.565366 -1.21007 -1.76634 -2.21809 -2.594 -2.85098 -2.97317 -3.05736 -3.01251 -2.59335 -1.98759 -1.3913 -0.0405273
15.605 -5.38797 -6.30266 -2.68322 -0.258146 -3.94249 -7.19917 -6.09687 -2.86164 0.202372 0.305744 0.159559 -0.559453 -1.20075 -1.74715 -2.20544 -2.54512 -2.75665 -2.887 -2.89812 -2.66901 -2.14047 -1.43733 -0.332427
15.655 -4.91741 -6.46701 -4.49596 0.239705 -1.26231 -5.82753 -6.99318 -5.18092 -2.24239 -0.905978 0.735221 0.170756 -0.538727 -1.16893 -1.70885 -2.12958 -2.42208 -2.60575 -2.66169 -2.53076 -2.1624 -1.58792 -0.728835
15.705 -4.25292 -5.82189 -4.64375 -2.9011 -3.50454 -0.8693 -1.33463 -7.65462 -6.91085 -4.00223 0.592344 1.07242 0.302532 -0.417393 -1.05743 -1.58015 -1.97377 -2.24034 -2.36405 -2.3169 -2.06424 -1.61253 -0.945152
15.755 -3.64989 -5.2287 -5.11216 -4.38319 -3.30899 0.0616453 -0.159718 -6.19442 -8.037 -5.85856 -1.95381 0.496128 0.472767 0.256517 -0.411553 -0.986582 -1.44964 -1.78884 -1.98798 -2.03002 -1.88819 -1.55945 -1.05703
15.805 -3.05833 -4.70313 -5.15688 -4.877 -4.10735 -2.17962 1.19459 -1.51749 -6.89111 -7.76483 -5.3987 -1.6463 -0.340238 0.989973 0.40767 -0.242087 -0.797408 -1.23353 -1.52745 -1.66531 -1.62853 -1.41445 -1.04235
15.855 -2.31121 -4.0507 -5.06876 -5.18132 -4.24869 -2.41777 -1.25303 -3.07279 -2.05642 -2.79342 -7.66209 -6.40151 -3.4689 0.898176 1.2249 0.538598 -0.0843451 -0.606403 -0.996082 -1.23644 -1.31052 -1.21338 -0.959281
15.905 -1.81028 -3.52515 -4.77537 -5.0671 -4.40193 -3.39874 -2.92394 -2.57639 0.327331 -0.738264 -7.37999 -8.37058 -5.48444 -1.04151 0.952239 0.873894 0.638088 0.0729439 -0.388613 -0.721795 -0.905323 -0.927876 -0.793018
15.955 -1.39023 -3.00646 -4.37362 -4.90552 -4.58834 -3.91036 -3.39983 -2.95967 -1.71448 0.718456 -2.20601 -7.46544 -7.79054 -4.89257 -0.859151 0.372244 1.4192 0.889309 0.339196 -0.104043 -0.410975 -0.562912 -0.553652
16.005 -0.946008 -2.40205 -3.8428 -4.64401 -4.71033 -4.35967 -3.8422 -2.98676 -1.61928 -0.714194 -3.04999 -3.52388 -4.57053 -6.91867 -4.94178 -2.28079 1.32695 1.59813 1.02413 0.519321 0.121764 -0.1414 -0.253482
16.055 -0.609684 -1.87291 -3.30963 -4.32914 -4.71494 -4.55441 -3.97508 -3.12783 -2.45354 -2.51365 -2.75469 -0.14735 -1.26985 -7.73372 -7.87206 -4.49274 0.00488255 1.66517 1.16409 1.07523 0.895125 0.482419 0.200229
16.105 -0.355341 -1.4277 -2.8137 -3.97311 -4.58798 -4.60653 -4.14176 -3.45183 -2.92496 -2.79599 -2.72526 -1.81516 -0.053333 -2.86379 -7.33949 -6.80574 -3.37896 0.251974 0.164826 1.08614 1.78729 1.2835 0.783979
16.155 -0.130408 -1.00467 -2.30395 -3.54992 -4.35863 -4.57841 -4.28731 -3.75237 -3.31163 -3.08499 -2.7381 -1.78274 -0.580194 -2.80026 -4.32153 -5.26332 -5.12811 -2.54033 -2.03997 -0.248458 2.06818 2.11591 1.44601
16.205 0.0203451 -0.692655 -1.88556 -3.14802 -4.08025 -4.47934 -4.38455 -4.00077 -3.54261 -3.07996 -2.59403 -2.29594 -2.62395 -3.13209 -0.199059 -0.799648 -6.97036 -6.07111 -4.08385 -1.72871 1.3913 2.34025 1.57328
16.255 0.0904784 -0.530258 -1.63438 -2.86656 -3.84968 -4.36532 -4.40767 -4.11147 -3.64401 -3.1474 -2.77028 -2.67399 -2.80315 -2.58367 -1.1365 -0.201957 -3.51572 -6.48858 -4.56062 -3.83466 -1.32383 1.05134 0.548746
16.305 0.0998723 -0.490275 -1.53944 -2.72663 -3.70854 -4.27158 -4.38269 -4.13852 -3.69467 -3.22584 -2.90138 -2.80883 -2.80626 -2.47756 -1.44262 -0.186138 -2.92102 -5.26349 -3.4296 -4.33053 -3.73915 -1.34603 -1.42544
16.355 0.0664867 -0.532154 -1.55306 -2.69462 -3.64539 -4.20637 -4.33673 -4.12074 -3.71545 -3.30132 -3.01342 -2.84534 -2.60396 -2.07181 -1.43375 -1.5904 -3.50572 -4.29212 -1.01759 -1.48049 -6.26726 -5.00737 -4.08783
16.405 -0.0455824 -0.573075 -1.43533 -2.71229 -3.73435 -4.14119 -4.27156 -4.09559 -3.74016 -3.36511 -3.06144 -2.79225 -2.43866 -1.99092 -1.75698 -2.20807 -3.21314 -3.18196 -0.996475 -1.20814 -5.65477 -6.94542 -5.87133
16.455 0.307823 0.225268 -0.143722 -2.45866 -4.68222 -4.34996 -4.19191 -4.02909 -3.75074 -3.41313 -3.08003 -2.74194 -2.3691 -2.04116 -1.98949 -2.36546 -2.84289 -2.63548 -1.62414 -1.59777 -5.02251 -6.91448 -6.16524
16.505 1.75659 1.9833 1.92411 -0.808566 -5.54279 -5.90278 -4.58692 -3.96392 -3.67382 -3.40753 -3.08912 -2.72855 -2.36975 -2.12131 -2.12373 -2.37416 -2.57162 -2.32641 -1.85271 -2.37323 -4.71176 -6.23153 -6.08251
16.555 2.79526 3.55333 3.61718 1.164 -4.62601 -7.02654 -5.57792 -4.40884 -3.6621 -3.34391 -3.07597 -2.7527 -2.42486 -2.20663 -2.18879 -2.32484 -2.39874 -2.23358 -2.07893 -2.65852 -4.27884 -5.76098 -6.04728
16.605 3.32174 3.53665 3.61449 2.97117 -2.47994 -5.60735 -5.53162 -6.24983 -4.58523 -3.49018 -3.00031 -2.72054 -2.47166 -2.28605 -2.23288 -2.28216 -2.29812 -2.20241 -2.19709 -2.73221 -3.98327 -5.3333 -5.8728
16.655 3.07468 2.14932 1.98072 2.57233 0.0470735 -2.24295 -3.12876 -6.83277 -6.66458 -4.67607 -3.25975 -2.65128 -2.41944 -2.30673 -2.26183 -2.26181 -2.24291 -2.18778 -2.25504 -2.74202 -3.77238 -4.97983 -5.62939
16.705 2.27238 1.01994 0.759885 1.87031 1.89461 1.23955 -0.61674 -5.53317 -8.22127 -6.61785 -4.26344 -2.81235 -2.2953 -2.21075 -2.23268 -2.24343 -2.21473 -2.1861 -2.30483 -2.78211 -3.69383 -4.76961 -5.39088
16.755 1.47422 0.534469 0.228428 0.793387 1.75985 2.43699 1.45576 -3.83107 -7.14865 -6.64637 -6.2096 -3.99181 -2.57288 -2.11683 -2.11303 -2.18226 -2.19624 -2.19306 -2.31501 -2.73754 -3.52978 -4.4994 -5.13473
16.805 0.910689 0.26248 -0.026481 0.168549 1.04691 1.58495 1.70594 -1.79822 -4.25941 -4.19113 -6.9476 -6.19946 -4.01632 -2.52654 -2.0309 -2.03061 -2.11793 -2.17949 -2.30779 -2.66534 -3.33996 -4.20961 -4.85809
16.855 0.43389 -0.087342 -0.396121 -0.414726 -0.0223415 0.05513 0.993915 0.430958 -0.679516 -1.72889 -6.00818 -7.97977 -6.09308 -3.56486 -2.16399 -1.8423 -1.95535 -2.1246 -2.3194 -2.6733 -3.28494 -4.06488 -4.63603
16.905 0.160904 -0.249547 -0.536537 -0.66087 -0.560734 -0.632607 0.0665219 0.804314 1.31047 0.15298 -4.75233 -7.59056 -6.74704 -5.3629 -3.04673 -1.92787 -1.76181 -1.96604 -2.25402 -2.6328 -3.18973 -3.88529 -4.40969
16.955 0.00660461 -0.326645 -0.593577 -0.773493 -0.831887 -0.99273 -0.694345 0.395294 1.19045 1.10313 -3.05554 -5.39479 -5.02086 -6.76899 -5.15813 -3.02691 -1.9157 -1.76429 -2.05491 -2.49715 -3.04644 -3.6808 -4.17841
17.005 -0.092457 -0.380238 -0.639115 -0.860072 -1.0241 -1.26375 -1.22945 -0.644392 -0.364686 0.447328 -0.900734 -2.22898 -2.69494 -6.24097 -7.12874 -4.93916 -2.71926 -1.77277 -1.82784 -2.31006 -2.91911 -3.54435 -3.9923
17.055 -0.193516 -0.472851 -0.738823 -0.987086 -1.20649 -1.47022 -1.57075 -1.34272 -1.27673 -0.31552 0.079619 0.369727 -0.756391 -5.2446 -7.58714 -6.29518 -4.2506 -2.20616 -1.67432 -2.05295 -2.7388 -3.4155 -3.84192
17.105 -0.240115 -0.499655 -0.754135 -1.00309 -1.24106 -1.50898 -1.68571 -1.66973 -1.73485 -1.22437 -0.0850898 0.888513 0.548017 -3.79353 -5.99488 -5.6399 -6.19196 -3.85664 -2.16949 -1.84071 -2.37269 -3.12934 -3.65287
17.155 -0.259662 -0.497142 -0.732426 -0.967942 -1.20232 -1.46014 -1.67253 -1.78026 -1.93508 -1.75285 -0.948683 -0.336453 0.291633 -1.98521 -3.39578 -3.63297 -6.39385 -5.99649 -3.64632 -2.17895 -2.08287 -2.73408 -3.37516
17.205 -0.419354 -0.530749 -0.773574 -1.02231 -1.27706 -1.55153 -1.80251 -1.9933 -2.21423 -2.21051 -1.80503 -1.54876 -0.425579 -0.471813 -0.508813 -1.49151 -5.64313 -7.52958 -5.27468 -3.14339 -2.19589 -2.35672 -3.02975
17.255 -0.97253 -0.558737 -0.795773 -1.03662 -1.28274 -1.54176 -1.78803 -2.00018 -2.22577 -2.32009 -2.16965 -2.07445 -1.36339 -0.352604 0.633363 -0.145902 -4.7199 -7.24441 -4.87013 -4.54766 -4.0382 -2.21562 -2.34543
17.305 -1.81766 -0.58137 -0.823964 -1.02507 -1.22422 -1.46603 -1.6994 -1.91255 -2.13058 -2.27455 -2.2737 -2.28626 -1.95144 -0.961355 -0.070012 0.156342 -3.40425 -5.98076 -3.48207 -4.0204 -5.92962 -3.98987 -2.25422
17.355 -2.91067 -1.5288 -1.89084 -1.37835 -0.859515 -1.19677 -1.50085 -1.7745 -2.03883 -2.25284 -2.37755 -2.51434 -2.43479 -1.9276 -1.53414 -0.678246 -2.1619 -3.9542 -1.78079 -2.43779 -6.30723 -6.53506 -3.36143
17.405 -4.12747 -3.32607 -4.00622 -2.58618 -0.383719 -0.624109 -1.08632 -1.48907 -1.85365 -2.16538 -2.407 -2.6373 -2.739 -2.56975 -2.43934 -1.81252 -1.84842 -2.03344 -0.509682 -1.41065 -5.86934 -7.33856 -4.44674
17.455 -5.60545 -5.00529 -5.42826 -4.00265 -0.733255 0.106553 -0.50729 -1.03622 -1.51221 -1.92566 -2.27154 -2.58438 -2.80505 -2.84173 -2.86563 -2.59657 -2.02216 -1.63132 -0.64749 -0.52435 -4.35261 -6.62636 -4.21628
17.505 -5.64223 -5.52876 -5.30753 -5.54426 -2.98694 -0.3613 -0.273036 -0.294273 -0.893703 -1.41853 -1.8681 -2.26253 -2.57164 -2.74456 -2.87741 -2.83646 -2.54519 -2.30014 -1.76022 -0.852936 -2.9665 -4.8792 -2.78518
17.555 -4.57035 -5.08229 -4.44201 -5.97399 -4.66753 -2.55656 -1.31526 0.367273 -0.144047 -0.785953 -1.35389 -1.85627 -2.27423 -2.58113 -2.83478 -2.96383 -2.92308 -2.89053 -2.68352 -1.82095 -2.20273 -2.7395 -1.00132
17.605 -5.29266 -6.79569 -1.73431 -0.805354 -7.04861 -6.44704 -3.85193 0.300647 0.818862 0.0612422 -0.641456 -1.27846 -1.82511 -2.26539 -2.63127 -2.87685 -2.9856 -3.06257 -3.00708 -2.55519 -1.99746 -1.46154 -0.0774503
17.655 -5.46413 -6.32904 -2.17508 -0.314973 -4.88703 -7.23638 -5.67819 -2.33281 0.357418 0.291162 0.0426627 -0.661097 -1.28668 -1.81763 -2.26271 -2.59211 -2.79457 -2.91979 -2.92778 -2.68704 -2.13494 -1.41665 -0.278121
17.705 -4.97931 -6.47757 -4.46759 0.38213 -1.15804 -6.19197 -7.14783 -5.02773 -1.85907 -0.630569 0.72938 0.0946875 -0.612417 -1.23772 -1.77168 -2.18484 -2.46878 -2.64589 -2.69492 -2.55212 -2.16625 -1.57671 -0.69111
17.755 -4.31562 -5.90879 -4.59164 -2.57239 -3.42003 -1.38495 -1.77881 -7.44534 -6.51275 -3.71451 0.686565 0.971277 0.201227 -0.513267 -1.14472 -1.65673 -2.03866 -2.29477 -2.40894 -2.35101 -2.08459 -1.61835 -0.929519
17.805 -3.73214 -5.28716 -5.06888 -4.30657 -3.33067 0.327669 -0.210236 -6.81311 -8.09255 -5.56954 -1.45847 0.658146 0.488244 0.168899 -0.494037 -1.06204 -1.51671 -1.84721 -2.03767 -2.07017 -1.91652 -1.57396 -1.05393
17.855 -3.13585 -4.76898 -5.15247 -4.8089 -4.03467 -2.14852 1.16208 -1.5696 -7.16425 -7.80235 -5.20072 -1.29463 -0.100016 0.96644 0.325299 -0.323458 -0.874038 -1.30286 -1.58743 -1.71425 -1.66447 -1.43604 -1.04834
17.905 -2.39016 -4.12139 -5.08849 -5.1792 -4.25537 -2.32143 -0.868735 -2.92516 -2.71102 -3.5823 -7.33469 -5.82952 -3.10926 0.929862 1.10132 0.420039 -0.192126 -0.700265 -1.07472 -1.29956 -1.35791 -1.2452 -0.976326
17.955 -1.8678 -3.58752 -4.81611 -5.08238 -4.37389 -3.30331 -2.83526 -2.65189 0.367295 -0.800299 -7.72118 -8.35439 -5.28106 -0.681197 1.10402 0.900963 0.56648 0.00186228 -0.455526 -0.781442 -0.954892 -0.965234 -0.817316
18.005 -1.43607 -3.06437 -4.42092 -4.92839 -4.5771 -3.86329 -3.33055 -2.8808 -1.63173 0.565978 -2.45101 -7.66315 -7.72007 -4.6246 -0.556894 0.548957 1.36837 0.797204 0.252348 -0.181292 -0.475463 -0.612649 -0.588042
18.055 -1.00436 -2.48227 -3.91428 -4.68056 -4.69934 -4.31526 -3.8129 -3.00621 -1.57808 -0.313818 -2.7868 -4.26548 -5.65758 -6.44662 -4.15404 -1.87655 1.29823 1.46307 0.901914 0.414783 0.0373521 -0.20493 -0.296699
18.105 -0.646363 -1.93166 -3.37028 -4.36824 -4.72334 -4.54332 -3.95725 -3.08549 -2.35659 -2.42857 -2.87381 -0.25312 -1.35883 -7.90701 -7.76842 -4.30851 0.276308 1.77106 1.24168 1.05156 0.803337 0.405076 0.141367
18.155 -0.38123 -1.47368 -2.86662 -4.01444 -4.60783 -4.60651 -4.12571 -3.42029 -2.88346 -2.75214 -2.65234 -1.65992 -0.26785 -3.30004 -7.47715 -6.63684 -3.06677 0.476471 0.328929 1.14269 1.69332 1.17487 0.703404
18.205 -0.155452 -1.05213 -2.3626 -3.60167 -4.39094 -4.58741 -4.27222 -3.71468 -3.26664 -3.07017 -2.78142 -1.80395 -0.305391 -2.66321 -4.87972 -5.74611 -4.89529 -2.10151 -1.73384 -0.0584615 2.05497 2.01189 1.36306
18.255 0.00665103 -0.721185 -1.92552 -3.1893 -4.11194 -4.49338 -4.37752 -3.97888 -3.52402 -3.07752 -2.58175 -2.21732 -2.51009 -3.22924 -0.449686 -1.00779 -6.99358 -5.83387 -3.90375 -1.53571 1.57495 2.40574 1.62572
18.305 0.0861355 -0.540286 -1.65192 -2.88905 -3.87074 -4.37812 -4.40904 -4.10447 -3.63476 -3.13668 -2.75372 -2.66148 -2.81818 -2.57401 -0.853859 -0.308985 -4.11208 -6.52159 -4.56219 -3.54154 -0.927394 1.2509 0.702012
18.355 0.0994891 -0.492926 -1.54733 -2.73974 -3.723 -4.28233 -4.38689 -4.13673 -3.68856 -3.21488 -2.88487 -2.79527 -2.81859 -2.53591 -1.49997 -0.0385219 -2.76406 -5.46528 -3.6783 -4.47589 -3.50085 -0.991591 -1.13005
18.405 0.0726231 -0.522773 -1.54543 -2.69247 -3.64875 -4.21259 -4.34268 -4.12376 -3.71322 -3.29328 -3.00516 -2.8503 -2.63134 -2.10015 -1.40126 -1.46926 -3.50259 -4.41676 -1.24475 -1.70532 -6.08039 -4.63724 -3.78811
18.455 -0.0228646 -0.588821 -1.50335 -2.70656 -3.68666 -4.15145 -4.28403 -4.09896 -3.73586 -3.35768 -3.05837 -2.80032 -2.45353 -1.99073 -1.72256 -2.17271 -3.27328 -3.29437 -0.85594 -1.1805 -5.87585 -6.80779 -5.73229
18.505 0.200139 0.0700296 -0.360435 -2.54831 -4.52141 -4.27678 -4.18953 -4.03942 -3.75282 -3.40963 -3.07934 -2.74763 -2.37465 -2.03412 -1.96922 -2.35879 -2.88232 -2.69201 -1.60938 -1.50772 -5.00222 -7.00585 -6.19626
18.555 1.58611 1.75156 1.66168 -1.04948 -5.5333 -5.68392 -4.49113 -3.95513 -3.68449 -3.41202 -3.08882 -2.72798 -2.36693 -2.11248 -2.11432 -2.38076 -2.60169 -2.34986 -1.81985 -2.31214 -4.77839 -6.28787 -6.0747
18.605 2.69664 3.44141 3.49798 0.928879 -4.80245 -7.02478 -5.43973 -4.26297 -3.65624 -3.36161 -3.0834 -2.75065 -2.41783 -2.19791 -2.18477 -2.3334 -2.41769 -2.24286 -2.06082 -2.63997 -4.31839 -5.81445 -6.06167
18.655 3.28286 3.61203 3.69985 2.85449 -2.73462 -5.88693 -5.72309 -6.07155 -4.39062 -3.41722 -2.99658 -2.7279 -2.47041 -2.27927 -2.22975 -2.28837 -2.30984 -2.20748 -2.19019 -2.73242 -4.01771 -5.38387 -5.89877
18.705 3.15153 2.33935 2.2011 2.66136 -0.282956 -2.68838 -3.43826 -6.86326 -6.37877 -4.46363 -3.20101 -2.66251 -2.43597 -2.31189 -2.2622 -2.26592 -2.25095 -2.19199 -2.25008 -2.73673 -3.78369 -5.00823 -5.65842
18.755 2.36699 1.10609 0.851291 1.97944 1.82211 0.932995 -0.903547 -5.75068 -8.14971 -6.44505 -4.12189 -2.76058 -2.29841 -2.22515 -2.24201 -2.24906 -2.21943 -2.18824 -2.3035 -2.78371 -3.70832 -4.79755 -5.41984
18.805 1.56733 0.588496 0.282993 0.902667 1.79897 2.40692 1.22051 -4.08765 -7.36634 -6.77557 -5.97333 -3.76063 -2.48662 -2.11802 -2.13402 -2.19685 -2.20258 -2.19491 -2.31671 -2.74557 -3.55053 -4.53157 -5.16565
18.855 0.962777 0.286462 -0.00266061 0.230676 1.18298 1.79576 1.80975 -2.07327 -4.66363 -4.47726 -6.99039 -5.96438 -3.80565 -2.44304 -2.03037 -2.0526 -2.13407 -2.18596 -2.31074 -2.67318 -3.35911 -4.23981 -4.88997
18.905 0.483308 -0.0497055 -0.358266 -0.359267 0.0783379 0.183117 1.06482 0.256259 -1.06379 -1.98324 -6.16381 -7.85353 -5.8818 -3.41645 -2.12495 -1.86131 -1.98111 -2.13765 -2.32167 -2.67341 -3.29061 -4.08011 -4.66094
18.955 0.184631 -0.237408 -0.527107 -0.642013 -0.515849 -0.571778 0.184458 0.810318 1.19382 -0.0404717 -4.9209 -7.74002 -6.79189 -5.12955 -2.87044 -1.87945 -1.78023 -1.99359 -2.27107 -2.64413 -3.20562 -3.90997 -4.43734
19.005 0.0187611 -0.323836 -0.594593 -0.77087 -0.81541 -0.96822 -0.630451 0.484317 1.30909 1.11321 -3.27244 -5.71862 -5.30947 -6.72713 -4.88977 -2.839 -1.86166 -1.78187 -2.08593 -2.52112 -3.06712 -3.70547 -4.20534
19.055 -0.0762338 -0.363193 -0.617936 -0.830896 -0.982409 -1.21274 -1.15805 -0.522731 -0.188627 0.533978 -1.16733 -2.64259 -3.00252 -6.36579 -6.90203 -4.67468 -2.59629 -1.76441 -1.85578 -2.33213 -2.92945 -3.55259 -4.00946
19.105 -0.185888 -0.468228 -0.736227 -0.984904 -1.20206 -1.46611 -1.55534 -1.29342 -1.21006 -0.193589 0.0666833 0.176564 -0.944663 -5.36542 -7.68932 -6.23287 -4.0005 -2.10235 -1.68004 -2.09442 -2.77596 -3.44173 -3.86191
19.155 -0.236077 -0.497766 -0.753615 -1.00285 -1.23956 -1.50758 -1.67826 -1.64358 -1.6974 -1.13919 -0.0342358 0.924286 0.456265 -3.98099 -6.26052 -5.83668 -6.01688 -3.60873 -2.05345 -1.84524 -2.42051 -3.17256 -3.67977
19.205 -0.257211 -0.496257 -0.732722 -0.968693 -1.20242 -1.4598 -1.66785 -1.76326 -1.90597 -1.69317 -0.829273 -0.152561 0.367034 -2.21615 -3.7366 -3.88836 -6.44755 -5.76075 -3.44004 -2.10869 -2.10359 -2.77875 -3.41084
19.255 -0.378641 -0.526343 -0.768861 -1.01726 -1.27148 -1.54629 -1.79601 -1.98149 -2.19995 -2.17925 -1.73362 -1.45437 -0.333744 -0.563785 -0.783914 -1.68578 -5.70374 -7.47186 -5.20648 -2.95647 -2.10023 -2.42744 -3.09596
19.305 -0.890388 -0.556638 -0.794616 -1.03658 -1.28384 -1.54451 -1.79139 -2.00172 -2.22659 -2.3117 -2.13805 -2.02592 -1.26522 -0.33313 0.599885 -0.285426 -4.87043 -7.33736 -4.98754 -4.44812 -3.759 -2.15841 -2.41809
19.355 -1.70042 -0.559487 -0.796592 -1.02123 -1.24553 -1.4877 -1.72204 -1.93547 -2.15462 -2.29374 -2.27769 -2.27754 -1.9021 -0.841684 0.106808 0.22547 -3.56457 -6.18475 -3.6723 -4.18212 -5.80526 -3.69041 -2.19784
19.405 -2.78092 -1.35858 -1.6972 -1.30545 -0.916438 -1.23579 -1.52635 -1.78886 -2.04444 -2.24833 -2.35873 -2.48261 -2.37871 -1.82334 -1.38452 -0.565997 -2.26348 -4.21458 -1.9948 -2.64025 -6.31564 -6.25652 -3.19476
19.455 -3.95126 -3.0877 -3.72591 -2.37547 -0.430786 -0.724016 -1.16098 -1.54296 -1.89116 -2.18839 -2.41521 -2.63405 -2.71782 -2.51625 -2.36062 -1.67875 -1.85475 -2.18538 -0.58682 -1.52781 -5.98655 -7.33614 -4.38453
19.505 -5.45735 -4.83778 -5.35258 -3.87954 -0.611558 0.0498207 -0.558435 -1.08592 -1.55364 -1.95922 -2.29675 -2.60318 -2.8143 -2.83292 -2.84438 -2.54215 -1.97851 -1.60947 -0.571543 -0.583433 -4.53942 -6.77335 -4.32163
19.555 -5.83114 -5.58197 -5.33189 -5.27669 -2.66977 -0.227448 -0.285894 -0.413077 -0.992367 -1.49823 -1.93022 -2.30988 -2.6054 -2.76126 -2.87853 -2.8151 -2.48931 -2.21263 -1.6222 -0.766053 -3.10508 -5.1155 -2.99234
19.605 -4.58167 -5.12214 -4.65316 -6.11686 -4.51276 -2.20553 -1.07522 0.334089 -0.234171 -0.863726 -1.41887 -1.90928 -2.31528 -2.60804 -2.84938 -2.96194 -2.89762 -2.84733 -2.6113 -1.70137 -2.24742 -2.96709 -1.18176
19.655 -5.18021 -6.7309 -2.05145 -1.12206 -6.88404 -6.14469 -3.62879 0.404622 0.727975 -0.0256601 -0.720233 -1.34721 -1.88242 -2.30964 -2.6643 -2.89756 -2.99168 -3.06004 -2.99292 -2.50517 -2.01084 -1.54755 -0.127538
19.705 -5.54815 -6.41071 -1.66498 -0.24295 -5.82751 -7.31392 -5.26926 -1.73555 0.485545 0.266782 -0.0691761 -0.757772 -1.36828 -1.88444 -2.31705 -2.63626 -2.82928 -2.94938 -2.95327 -2.69724 -2.11692 -1.38685 -0.214761
19.755 -5.03405 -6.47622 -4.41724 0.457811 -1.11878 -6.49808 -7.23904 -4.86246 -1.49938 -0.381997 0.708114 0.018561 -0.685594 -1.30524 -1.83258 -2.23759 -2.51244 -2.68281 -2.72502 -2.56983 -2.1656 -1.56148 -0.649313
19.805 -4.38066 -6.00211 -4.55222 -2.20491 -3.25318 -1.961 -2.39578 -7.15466 -6.0389 -3.39596 0.745096 0.858006 0.0919754 -0.613125 -1.23265 -1.73162 -2.10032 -2.34516 -2.44992 -2.38164 -2.10181 -1.62156 -0.911709
19.855 -3.80919 -5.34867 -5.02158 -4.20592 -3.36319 0.464539 -0.256514 -7.2373 -8.10517 -5.34915 -1.05244 0.813003 0.514653 0.0957446 -0.565228 -1.12885 -1.57722 -1.90058 -2.08332 -2.10655 -1.94091 -1.58449 -1.0465
19.905 -3.20447 -4.83306 -5.15399 -4.74457 -3.93945 -2.05764 1.06132 -1.73814 -7.38528 -7.77628 -4.96938 -0.964534 0.108634 0.921786 0.240198 -0.405703 -0.949893 -1.37021 -1.6448 -1.76037 -1.69767 -1.45528 -1.05235
19.955 -2.47663 -4.19982 -5.11056 -5.17037 -4.25759 -2.23479 -0.444355 -2.69307 -3.43331 -4.5692 -6.92607 -5.14096 -2.70398 0.924009 0.96883 0.297462 -0.300199 -0.791885 -1.1498 -1.35866 -1.40141 -1.27368 -0.990758
