10.005 -0.743939 -0.341505 -0.972133 -0.747131 -0.966753 -0.973244 -0.729094 -0.965518 -0.316257 -0.725808 0.172567 -0.31171 0.619929 0.177283
10.055 -0.633553 -0.194463 -0.925121 -0.637251 -0.994411 -0.926928 -0.824776 -0.993894 -0.456973 -0.822059 0.0206257 -0.452708 0.493269 0.0254134
10.105 -0.508403 -0.042888 -0.856549 -0.512521 -0.998894 -0.859011 -0.901236 -0.999108 -0.58704 -0.899151 -0.131797 -0.583157 0.355113 -0.127048
10.155 -0.371403 0.109686 -0.768016 -0.375846 -0.980098 -0.771074 -0.956694 -0.981037 -0.703426 -0.955288 -0.281148 -0.700014 0.208682 -0.276549
10.205 -0.225749 0.259704 -0.661583 -0.230412 -0.93846 -0.665167 -0.989855 -0.940103 -0.803419 -0.989163 -0.423946 -0.800558 0.0573866 -0.419604
10.255 -0.0748332 0.40367 -0.539733 -0.0796078 -0.874952 -0.543758 -0.999948 -0.877261 -0.884688 -0.999985 -0.556865 -0.882445 -0.0952457 -0.552881
10.305 0.0778265 0.538228 -0.405304 0.0730512 -0.791053 -0.409677 -0.986736 -0.793973 -0.945339 -0.987503 -0.676806 -0.943766 -0.245658 -0.673273
10.355 0.228672 0.660242 -0.261429 0.224008 -0.688718 -0.266049 -0.950529 -0.692182 -0.983959 -0.952006 -0.780974 -0.983093 -0.390346 -0.777974
10.405 0.374189 0.76687 -0.111462 0.369744 -0.570333 -0.11622 -0.89217 -0.57426 -0.999648 -0.894323 -0.866941 -0.999509 -0.525937 -0.864545
10.455 0.510985 0.855626 0.0411027 0.506863 -0.438656 0.0363173 -0.813019 -0.442954 -0.99204 -0.815798 -0.932705 -0.992631 -0.64927 -0.930967
10.505 0.635873 0.924441 0.19271 0.63217 -0.296756 0.188008 -0.71492 -0.301326 -0.961312 -0.718261 -0.976731 -0.96262 -0.757472 -0.975693
10.555 0.745942 0.971712 0.339825 0.742744 -0.14794 0.335318 -0.600161 -0.152675 -0.908181 -0.603984 -0.997995 -0.910175 -0.848022 -0.99768
10.605 0.838626 0.996337 0.479022 0.836008 0.00432326 0.474812 -0.471414 -0.000465699 -0.833885 -0.475632 -0.996 -0.836519 -0.918808 -0.996417
10.655 0.911766 0.997743 0.607054 0.909789 0.156486 0.603242 -0.331681 0.151754 -0.740155 -0.336195 -0.970794 -0.743367 -0.968181 -0.971932
10.705 0.963658 0.975896 0.720939 0.962368 0.305002 0.717612 -0.184218 0.300437 -0.629176 -0.188923 -0.922963 -0.632891 -0.994991 -0.924796
10.755 0.993091 0.931306 0.818023 0.992518 0.446409 0.815259 -0.032462 0.442119 -0.503534 -0.0372481 -0.853623 -0.507666 -0.998613 -0.856107
10.805 0.999381 0.865012 0.896042 0.999538 0.577414 0.893906 0.12005 0.573497 -0.366157 0.115295 -0.764388 -0.370609 -0.978962 -0.767467
10.855 0.98238 0.778559 0.95318 0.983263 0.694961 0.951721 0.269765 0.69151 -0.220247 0.265151 -0.65734 -0.224915 -0.936496 -0.660942
10.905 0.942484 0.673961 0.988103 0.944074 0.796312 0.987355 0.413193 0.793407 -0.0692034 0.408827 -0.534973 -0.0739801 -0.872205 -0.539012
10.955 0.880624 0.553657 0.999999 0.882883 0.879106 0.99998 0.546992 0.876813 0.0834526 0.542976 -0.400137 0.0786793 -0.787587 -0.404522
11.005 0.79824 0.42045 0.988589 0.801116 0.941411 0.989299 0.668042 0.939786 0.234164 0.664471 -0.255977 0.229505 -0.684615 -0.260604
11.055 0.697254 0.277444 0.954141 0.700679 0.981778 0.955563 0.773524 0.980856 0.379418 0.77048 -0.105851 0.374982 -0.565687 -0.110612
11.105 0.580018 0.127972 0.897456 0.583913 0.999263 0.899558 0.860979 0.999068 0.515829 0.858534 0.0467417 0.511721 -0.433576 0.0419574
11.155 0.449265 -0.0244823 0.819856 0.453539 0.993461 0.822589 0.928369 0.993996 0.640219 0.926579 0.198245 0.636533 -0.291361 0.193549
11.205 0.308042 -0.176366 0.723149 0.312595 0.964506 0.726449 0.974123 0.96576 0.749689 0.97303 0.345129 0.746511 -0.142356 0.34063
11.255 0.15964 -0.324139 0.609589 0.164366 0.913074 0.613379 0.997175 0.915016 0.841687 0.996804 0.483969 0.839092 0.00996751 0.479772
11.305 0.00751726 -0.464359 0.481823 0.012306 0.840362 0.486014 0.996988 0.842948 0.91407 0.997348 0.61153 0.912117 0.162058 0.607734
11.355 -0.144781 -0.593756 0.342828 -0.14004 0.748065 0.347322 0.973566 0.751235 0.96515 0.974649 0.724839 0.963886 0.310372 0.721532
11.405 -0.293704 -0.709316 0.195843 -0.289123 0.638335 0.200537 0.927456 0.642014 0.993738 0.929236 0.821256 0.993191 0.451453 0.818515
11.455 -0.435783 -0.808345 0.0442939 -0.431468 0.513728 0.0490776 0.85973 0.517831 0.999166 0.862166 0.898534 0.99935 0.582013 0.896422
11.505 -0.567706 -0.888536 -0.108287 -0.563757 0.377149 -0.103525 0.771969 0.38158 0.981309 0.775004 0.954871 0.982219 0.699009 0.953438
11.555 -0.686399 -0.948019 -0.258345 -0.682908 0.231781 -0.253716 0.666217 0.236437 0.940582 0.669781 0.988955 0.942198 0.799714 0.988234
11.605 -0.789095 -0.985409 -0.402382 -0.786144 0.0810105 -0.397993 0.544939 0.0857828 0.877935 0.548948 0.999992 0.880218 0.881782 1
11.655 -0.873401 -0.999834 -0.537041 -0.871058 -0.0716477 -0.532995 0.410961 -0.0668702 0.794828 0.415322 0.987723 0.797725 0.9433 0.98846
11.705 -0.937352 -0.990958 -0.659185 -0.935673 -0.222636 -0.655576 0.267405 -0.217965 0.693197 0.272016 0.952436 0.696641 0.982835 0.953884
11.755 -0.979459 -0.958987 -0.765966 -0.978482 -0.368436 -0.762879 0.117618 -0.36398 0.575411 0.122372 0.894952 0.579321 0.999464 0.897078
11.805 -0.998739 -0.904667 -0.854896 -0.998487 -0.505649 -0.852402 -0.034911 -0.501512 0.444215 -0.0301246 0.816611 0.448501 0.992801 0.819366
11.855 -0.994743 -0.829264 -0.923903 -0.995222 -0.631079 -0.92206 -0.186626 -0.627357 0.302667 -0.181919 0.719239 0.307228 0.963001 0.722558
11.905 -0.967565 -0.734535 -0.971379 -0.968764 -0.741801 -0.97023 -0.333992 -0.738581 0.154065 -0.329474 0.605105 0.158795 0.910757 0.608911
11.955 -0.917838 -0.622687 -0.996216 -0.919729 -0.835235 -0.995789 -0.473573 -0.832592 0.00187293 -0.46935 0.476869 0.00666185 0.837289 0.481073
12.005 -0.846721 -0.496328 -0.997837 -0.849259 -0.909204 -0.99814 -0.602119 -0.9072 -0.150363 -0.598288 0.33752 -0.145627 0.744308 0.342024
12.055 -0.75587 -0.358401 -0.976203 -0.758997 -0.961984 -0.97723 -0.716632 -0.960665 -0.299095 -0.713283 0.190305 -0.294522 0.63398 0.195004
12.105 -0.647405 -0.212123 -0.931818 -0.651047 -0.992345 -0.933545 -0.814443 -0.991742 -0.440856 -0.811655 0.0386543 -0.436553 0.508878 0.0434393
12.155 -0.523851 -0.0609002 -0.865717 -0.527924 -0.99958 -0.868105 -0.893274 -0.999707 -0.572344 -0.891111 -0.113897 -0.56841 0.371916 -0.109138
12.205 -0.388089 0.0917414 -0.779441 -0.392498 -0.983519 -0.782433 -0.951288 -0.984373 -0.690492 -0.9498 -0.263794 -0.68702 0.226286 -0.259171
12.255 -0.243282 0.242245 -0.675 -0.247925 -0.944537 -0.678526 -0.987131 -0.946099 -0.792549 -0.986354 -0.407543 -0.78962 0.0753834 -0.403165
12.305 -0.0928062 0.387103 -0.554828 -0.0975735 -0.883543 -0.558806 -0.99997 -0.885775 -0.876136 -0.999921 -0.541794 -0.873817 -0.0772764 -0.537763
12.355 0.0598328 0.52294 -0.421726 0.0550517 -0.801957 -0.426063 -0.989504 -0.804809 -0.939304 -0.990184 -0.663419 -0.93765 -0.228135 -0.659828
12.405 0.211077 0.646589 -0.278795 0.206394 -0.701682 -0.283391 -0.955977 -0.705086 -0.980581 -0.957372 -0.769582 -0.979631 -0.373677 -0.766516
12.455 0.357403 0.75517 -0.129367 0.352926 -0.585055 -0.134115 -0.900172 -0.588932 -0.999006 -0.902247 -0.857811 -0.998781 -0.510511 -0.85534
12.505 0.495399 0.846151 0.0230754 0.491233 -0.454792 0.0182875 -0.823388 -0.459052 -0.994149 -0.826096 -0.926048 -0.994655 -0.635447 -0.92423
12.555 0.62185 0.917413 0.174981 0.618092 -0.313931 0.170263 -0.727415 -0.318474 -0.966124 -0.730693 -0.972704 -0.967349 -0.745574 -0.971582
12.605 0.733808 0.967295 0.322808 0.730547 -0.165754 0.318271 -0.614489 -0.170474 -0.915583 -0.61826 -0.996691 -0.917498 -0.838326 -0.99629
12.655 0.828666 0.994633 0.463112 0.825976 -0.0137131 0.458862 -0.487243 -0.0185014 -0.843704 -0.49142 -0.99745 -0.846265 -0.91154 -0.99778
12.705 0.904211 0.998792 0.592623 0.902155 0.138647 0.588759 -0.348642 0.133903 -0.752163 -0.353126 -0.974963 -0.75531 -0.96351 -0.976017
12.755 0.958683 0.979674 0.708323 0.95731 0.287776 0.704935 -0.201915 0.283186 -0.643092 -0.206603 -0.929755 -0.646752 -0.993026 -0.931507
12.805 0.990813 0.937724 0.807516 0.990154 0.430198 0.804682 -0.0504831 0.42587 -0.519035 -0.0552654 -0.862878 -0.523122 -0.9994 -0.865289
12.855 0.999853 0.873921 0.887889 0.999924 0.562594 0.885676 0.102126 0.558629 -0.382881 0.0973605 -0.775893 -0.3873 -0.982483 -0.778905
12.905 0.985591 0.789751 0.947571 0.986389 0.681879 0.946029 0.252354 0.678369 -0.237804 0.247717 -0.670825 -0.242453 -0.942668 -0.674369
12.955 0.948359 0.687176 0.985169 0.949867 0.785273 0.984336 0.396702 0.782299 -0.0871847 0.392301 -0.550123 -0.0919545 -0.880885 -0.554116
13.005 0.889026 0.568586 0.999807 0.891209 0.870366 0.999702 0.531804 0.867998 0.0654661 0.527742 -0.416601 0.0606866 -0.798573 -0.42095
13.055 0.808974 0.436745 0.991145 0.81178 0.935176 0.99177 0.654513 0.933469 0.216591 0.650885 -0.27337 0.211913 -0.69765 -0.277974
13.105 0.710069 0.294726 0.959385 0.713433 0.97819 0.960725 0.761968 0.977185 0.362669 0.758858 -0.123768 0.358202 -0.580468 -0.128519
13.155 0.594616 0.145839 0.905266 0.59846 0.998409 0.90729 0.851665 0.998127 0.500294 0.849146 0.0287179 0.496142 -0.449758 0.0239306
13.205 0.465305 -0.00644787 0.830049 0.469539 0.995359 0.832711 0.921515 0.995808 0.62626 0.919645 0.180535 0.622519 -0.308567 0.175823
13.255 0.325151 -0.158584 0.735489 0.329676 0.969112 0.738725 0.969888 0.970282 0.737631 0.968711 0.328145 0.734389 -0.160185 0.323617
13.305 0.177418 -0.307024 0.623787 0.182129 0.92028 0.627523 0.995659 0.922143 0.831812 0.995201 0.468107 0.829144 -0.00806904 0.46387
13.355 0.0255514 -0.44831 0.497549 0.0303385 0.850001 0.501697 0.998225 0.852514 0.906607 0.998499 0.59716 0.904576 0.144235 0.593312
13.405 -0.126911 -0.579147 0.359715 -0.12216 0.759913 0.364179 0.977528 0.763017 0.960274 0.978526 0.712296 0.958926 0.293177 0.708927
13.455 -0.276416 -0.696487 0.213498 -0.271811 0.652114 0.218174 0.934049 0.655738 0.991561 0.935749 0.810832 0.990929 0.435286 0.80802
13.505 -0.419479 -0.797596 0.0623048 -0.415127 0.529119 0.0670837 0.868802 0.533176 0.99974 0.871164 0.890472 0.999838 0.567252 0.888283
13.555 -0.552766 -0.880116 -0.09034 -0.548769 0.393792 -0.0855696 0.783308 0.398189 0.98462 0.786276 0.949359 0.985446 0.685997 0.947844
13.605 -0.673171 -0.942126 -0.240879 -0.669622 0.249288 -0.236229 0.679559 0.253923 0.946554 0.683064 0.986121 0.948087 0.788756 0.985315
13.655 -0.777887 -0.982179 -0.385805 -0.774869 0.0989739 -0.381382 0.559973 0.103738 0.886428 0.563934 0.999902 0.888634 0.873132 0.999824
13.705 -0.864475 -0.999343 -0.52174 -0.862058 -0.0536465 -0.517648 0.427336 -0.0488639 0.805643 0.431661 0.99038 0.808471 0.93716 0.991031
13.755 -0.930916 -0.993216 -0.645515 -0.929157 -0.205017 -0.64185 0.28474 -0.200327 0.706084 0.289328 0.957777 0.709467 0.979347 0.959143
13.805 -0.975663 -0.963943 -0.754247 -0.974601 -0.351609 -0.751094 0.135509 -0.347122 0.590069 0.140252 0.902853 0.593928 0.998711 0.904902
13.855 -0.997671 -0.912205 -0.8454 -0.997333 -0.490007 -0.842833 -0.0168805 -0.485827 0.460302 -0.012092 0.826888 0.464548 0.9948 0.829572
13.905 -0.996428 -0.839208 -0.916852 -0.996821 -0.616985 -0.91493 -0.168877 -0.61321 0.319808 -0.164154 0.731653 0.324342 0.967705 0.734909
13.955 -0.971964 -0.746654 -0.966937 -0.973079 -0.729585 -0.965704 -0.316937 -0.726301 0.171861 -0.312391 0.619366 0.176576 0.918057 0.623119
14.005 -0.924848 -0.636698 -0.994487 -0.926659 -0.825181 -0.993973 -0.457611 -0.822467 0.0199084 -0.453348 0.492645 0.0246962 0.847014 0.496807
14.055 -0.856179 -0.511904 -0.99886 -0.858643 -0.901547 -0.999077 -0.587621 -0.899465 -0.132508 -0.583739 0.354442 -0.12776 0.756232 0.358916
14.105 -0.767556 -0.375181 -0.979955 -0.770617 -0.956902 -0.980898 -0.703936 -0.9555 -0.281836 -0.700526 0.20798 -0.277238 0.647825 0.212662
14.155 -0.661045 -0.229713 -0.938212 -0.664631 -0.989956 -0.939859 -0.803846 -0.989268 -0.424596 -0.800988 0.0566704 -0.420255 0.524321 0.061451
14.205 -0.539129 -0.0788927 -0.874604 -0.543156 -0.99994 -0.876916 -0.885022 -0.999981 -0.557461 -0.882782 -0.0959599 -0.553479 0.388597 -0.0911919
14.255 -0.404648 0.0737667 -0.790614 -0.409023 -0.98662 -0.793537 -0.945572 -0.987389 -0.677334 -0.944003 -0.246354 -0.673803 0.243818 -0.24171
14.305 -0.260737 0.224707 -0.688198 -0.265357 -0.950306 -0.691664 -0.984087 -0.951786 -0.781422 -0.983224 -0.391006 -0.778425 0.0933556 -0.386594
14.355 -0.110749 0.37041 -0.569743 -0.115507 -0.891846 -0.573672 -0.999666 -0.894002 -0.867299 -0.999531 -0.526547 -0.864905 -0.0592819 -0.522469
14.405 0.0418195 0.507481 -0.438011 0.0370343 -0.812601 -0.442311 -0.991949 -0.815383 -0.932963 -0.992544 -0.649816 -0.931228 -0.210538 -0.646168
14.455 0.193414 0.632725 -0.296071 0.188713 -0.714419 -0.300642 -0.961114 -0.717761 -0.976885 -0.962426 -0.757941 -0.97585 -0.356887 -0.754808
14.505 0.3405 0.743224 -0.147231 0.335993 -0.599587 -0.151966 -0.907881 -0.603412 -0.99804 -0.909878 -0.848402 -0.997729 -0.49492 -0.845857
14.555 0.479651 0.836402 0.00504066 0.475444 -0.470781 0.000251713 -0.833489 -0.475001 -0.995936 -0.836125 -0.919091 -0.996356 -0.621418 -0.917193
14.605 0.607624 0.910087 0.157194 0.603814 -0.331004 0.152463 -0.739673 -0.335519 -0.970621 -0.742887 -0.968361 -0.971763 -0.733433 -0.967154
14.655 0.721436 0.962562 0.305685 0.718112 -0.183513 0.301122 -0.628618 -0.188218 -0.922687 -0.632336 -0.995063 -0.924523 -0.828357 -0.994576
14.705 0.818435 0.992605 0.447051 0.815674 -0.031745 0.442762 -0.502914 -0.0365312 -0.853249 -0.507048 -0.998575 -0.855736 -0.903975 -0.998819
14.755 0.896361 0.999516 0.577999 0.894227 0.120763 0.574085 -0.365489 0.116007 -0.763926 -0.369943 -0.978815 -0.767007 -0.958526 -0.979784
14.805 0.953396 0.983132 0.695477 0.951941 0.270456 0.692028 -0.219547 0.265842 -0.656799 -0.224216 -0.936244 -0.660403 -0.990739 -0.937916
14.855 0.988213 0.943837 0.796746 0.987469 0.413846 0.793843 -0.0684877 0.409482 -0.534366 -0.0732646 -0.871854 -0.538408 -0.999862 -0.874189
14.905 1 0.882546 0.879447 0.999984 0.547592 0.877158 0.0841674 0.543579 -0.39948 0.0793945 -0.787145 -0.403866 -0.985684 -0.790089
14.955 0.988481 0.800686 0.941653 0.989194 0.668576 0.94003 0.234861 0.665007 -0.255283 0.230203 -0.684091 -0.259911 -0.948534 -0.687577
15.005 0.953926 0.700167 0.981914 0.955352 0.773979 0.980996 0.380081 0.770937 -0.105138 0.375647 -0.565095 -0.109899 -0.889279 -0.56904
15.055 0.897139 0.58333 0.999291 0.899245 0.861344 0.999099 0.516444 0.858901 0.0474583 0.512337 -0.43293 0.0426742 -0.809299 -0.437242
15.105 0.819445 0.452899 0.993379 0.82218 0.928635 0.993918 0.64077 0.926848 0.198948 0.637086 -0.290675 0.194253 -0.710458 -0.295254
15.155 0.722653 0.311913 0.964317 0.725955 0.974285 0.965573 0.750164 0.973195 0.345802 0.746988 -0.141645 0.341304 -0.59506 -0.146384
15.205 0.60902 0.163658 0.912781 0.612812 0.997229 0.914726 0.842075 0.996861 0.484596 0.839482 0.0106849 0.480402 -0.465794 0.00589608
15.255 0.481194 0.0115886 0.839973 0.485387 0.996932 0.842562 0.914361 0.997296 0.612097 0.912411 0.162766 0.608303 -0.325673 0.158039
15.305 0.342154 -0.140751 0.747589 0.34665 0.973402 0.750761 0.965338 0.974488 0.725333 0.964077 0.311054 0.722028 -0.177961 0.306499
15.355 0.195139 -0.28981 0.637783 0.199834 0.927187 0.641464 0.993818 0.92897 0.821666 0.993275 0.452093 0.818927 -0.026103 0.447816
15.405 0.0435771 -0.432115 0.513113 0.048361 0.859364 0.517217 0.999137 0.861803 0.898849 0.999324 0.582596 0.89674 0.126364 0.578697
15.455 -0.109001 -0.56435 0.376485 -0.104239 0.771513 0.380917 0.981171 0.774551 0.955084 0.982084 0.699521 0.953654 0.275886 0.696091
15.505 -0.259038 -0.683432 0.231083 -0.25441 0.665682 0.235739 0.940338 0.669248 0.989062 0.941957 0.800145 0.988344 0.418978 0.797263
15.555 -0.403039 -0.786587 0.0802954 -0.398651 0.544337 0.085068 0.877592 0.548348 0.999989 0.879877 0.88212 1 0.552306 0.879854
15.605 -0.537646 -0.871411 -0.0723632 -0.533602 0.410306 -0.067586 0.794392 0.414669 0.987611 0.797292 0.943538 0.988351 0.672763 0.941941
15.655 -0.659724 -0.935926 -0.223335 -0.656118 0.266714 -0.218665 0.69268 0.271326 0.952217 0.696126 0.982967 0.953669 0.77754 0.982075
15.705 -0.766427 -0.97863 -0.369103 -0.763342 0.116905 -0.364648 0.574824 0.12166 0.894632 0.578736 0.999487 0.896761 0.864198 0.999322
15.755 -0.855268 -0.998526 -0.506268 -0.852777 -0.035628 -0.502133 0.443573 -0.0308416 0.816197 0.44786 0.992715 0.818954 0.930715 0.99328
15.805 -0.924178 -0.995152 -0.631635 -0.922338 -0.187331 -0.627915 0.301983 -0.182624 0.71874 0.306545 0.962807 0.722062 0.975541 0.96409
15.855 -0.971549 -0.968586 -0.742282 -0.970404 -0.334668 -0.739064 0.153356 -0.330151 0.604534 0.158087 0.910461 0.608342 0.997633 0.912431
15.905 -0.996278 -0.919447 -0.835629 -0.995854 -0.474205 -0.832989 0.00115552 -0.469983 0.476239 0.00594445 0.836897 0.480444 0.996475 0.839508
15.955 -0.997789 -0.84888 -0.909503 -0.998096 -0.602691 -0.907501 -0.151072 -0.598863 0.336845 -0.146337 0.743828 0.34135 0.972094 0.747021
16.005 -0.976047 -0.75853 -0.96218 -0.977077 -0.717132 -0.960864 -0.299779 -0.713786 0.1896 -0.295207 0.633425 0.1943 0.925058 0.637124
16.055 -0.931557 -0.650502 -0.992434 -0.933288 -0.814859 -0.991834 -0.4415 -0.812074 0.0379374 -0.437198 0.50826 0.0427225 0.856464 0.512378
16.105 -0.865358 -0.527315 -0.999559 -0.867748 -0.893597 -0.999689 -0.572932 -0.891437 -0.11461 -0.569 0.37125 -0.109851 0.767909 0.375692
16.155 -0.778992 -0.391838 -0.983389 -0.781986 -0.951509 -0.984247 -0.691011 -0.950025 -0.264486 -0.687542 0.225588 -0.259864 0.661459 0.23025
16.205 -0.674471 -0.24723 -0.944301 -0.677999 -0.987246 -0.945866 -0.792986 -0.986472 -0.408198 -0.79006 0.074668 -0.403821 0.539593 0.0794427
16.255 -0.554231 -0.0968595 -0.883206 -0.558211 -0.999975 -0.885442 -0.876481 -0.99993 -0.542397 -0.874166 -0.0779917 -0.538367 0.405152 -0.0732164
16.305 -0.421075 0.055768 -0.801529 -0.425414 -0.9894 -0.804383 -0.93955 -0.990084 -0.663955 -0.937899 -0.228834 -0.660367 0.261269 -0.224169
16.355 -0.278106 0.207096 -0.701171 -0.282703 -0.955767 -0.704578 -0.980722 -0.957164 -0.77004 -0.979775 -0.374343 -0.766976 0.111298 -0.369898
16.405 -0.128656 0.353597 -0.584473 -0.133404 -0.899859 -0.588352 -0.999038 -0.901938 -0.85818 -0.998817 -0.511128 -0.855711 -0.0412682 -0.507006
16.455 0.0237927 0.491858 -0.454153 0.0190048 -0.822981 -0.458415 -0.994072 -0.825692 -0.926319 -0.994581 -0.636001 -0.924504 -0.192872 -0.632298
16.505 0.175687 0.618656 -0.31325 0.17097 -0.726922 -0.317794 -0.965939 -0.730203 -0.97287 -0.967167 -0.746052 -0.971751 -0.339981 -0.742855
16.555 0.323487 0.731036 -0.165046 0.318951 -0.613923 -0.169767 -0.915294 -0.617696 -0.996749 -0.917213 -0.838716 -0.996352 -0.479167 -0.836099
16.605 0.463748 0.82638 -0.0129958 0.459499 -0.486617 -0.0177842 -0.843319 -0.490795 -0.997398 -0.845883 -0.911835 -0.997732 -0.607186 -0.909858
16.655 0.593201 0.902464 0.139357 0.589339 -0.347969 0.134614 -0.75169 -0.352455 -0.974803 -0.75484 -0.963702 -0.97586 -0.721054 -0.962413
16.705 0.708829 0.957517 0.288463 0.705443 -0.201213 0.283874 -0.642543 -0.205901 -0.92949 -0.646205 -0.993111 -0.931246 -0.818118 -0.992538
16.755 0.807939 0.990255 0.430845 0.805108 -0.0497666 0.426519 -0.518421 -0.054549 -0.862516 -0.52251 -0.999375 -0.864929 -0.896116 -0.999533
16.805 0.888219 0.999914 0.563187 0.886009 0.102839 0.559224 -0.382218 0.0980745 -0.77544 -0.386639 -0.982349 -0.778455 -0.95323 -0.983233
16.855 0.9478 0.986271 0.682404 0.946262 0.253048 0.678896 -0.237107 0.248412 -0.670293 -0.241757 -0.942429 -0.673839 -0.988129 -0.944019
16.905 0.985291 0.949643 0.785717 0.984462 0.39736 0.782746 -0.08647 0.392961 -0.549524 -0.0912401 -0.880545 -0.553519 -0.999999 -0.882805
16.955 0.999821 0.890883 0.870719 0.999719 0.532411 0.868354 0.0661819 0.528352 -0.415949 0.0614027 -0.798141 -0.420299 -0.988564 -0.801017
17.005 0.99105 0.811361 0.935429 0.991678 0.655055 0.933726 0.217292 0.651429 -0.27268 0.212614 -0.697135 -0.277285 -0.954091 -0.700561
17.055 0.959182 0.71293 0.978339 0.960525 0.762432 0.977337 0.363337 0.759325 -0.123056 0.358871 -0.579884 -0.127808 -0.897383 -0.583778
17.105 0.904961 0.597885 0.998449 0.906988 0.852041 0.998171 0.500915 0.849525 0.0294351 0.496765 -0.449117 0.0246478 -0.819761 -0.453391
17.155 0.829649 0.468906 0.995289 0.832313 0.921793 0.995742 0.626819 0.919926 0.181241 0.623081 -0.307884 0.176529 -0.723035 -0.312437
17.205 0.735002 0.328998 0.968935 0.738241 0.970063 0.970108 0.738115 0.968889 0.328822 0.734876 -0.159476 0.324296 -0.609458 -0.164202
17.255 0.623227 0.181424 0.919999 0.626965 0.995725 0.921865 0.83221 0.995271 0.468741 0.829545 -0.00735165 0.464505 -0.481678 -0.0121404
17.305 0.496926 0.0296214 0.849623 0.501076 0.998182 0.852139 0.906909 0.998459 0.597735 0.904881 0.144944 0.593889 -0.342672 0.140204
17.355 0.359045 -0.122872 0.759446 0.363511 0.977376 0.762553 0.960474 0.978378 0.7128 0.959129 0.293863 0.709433 -0.19568 0.289282
17.405 0.212797 -0.272501 0.65157 0.217473 0.933792 0.655196 0.991654 0.935495 0.811252 0.991025 0.435932 0.808443 -0.0441284 0.431617
17.455 0.0615887 -0.41578 0.52851 0.0663679 0.868447 0.532569 0.999723 0.870811 0.890798 0.999825 0.567842 0.888612 0.108452 0.563894
17.505 -0.0910545 -0.549369 0.393132 -0.0862844 0.782862 0.397531 0.984495 0.785833 0.949584 0.985323 0.686519 0.948072 0.258505 0.683029
17.555 -0.241576 -0.670154 0.248593 -0.236926 0.679032 0.253229 0.946322 0.68254 0.98624 0.947859 0.789196 0.985437 0.402533 0.786246
17.605 -0.386467 -0.775322 0.09826 -0.382046 0.559378 0.103025 0.886095 0.563341 0.999912 0.888305 0.873481 0.999837 0.537181 0.87114
17.655 -0.522352 -0.862421 -0.0543629 -0.518262 0.426687 -0.0495804 0.805218 0.431014 0.990281 0.808049 0.93741 0.990935 0.659309 0.935731
17.705 -0.646063 -0.929422 -0.205719 -0.6424 0.284053 -0.20103 0.705575 0.288641 0.957571 0.708961 0.979492 0.95894 0.766072 0.978516
17.755 -0.754717 -0.974762 -0.352281 -0.751567 0.134798 -0.347795 0.589489 0.139542 0.902545 0.593351 0.998747 0.904596 0.854982 0.998496
17.805 -0.845783 -0.997385 -0.490632 -0.843219 -0.0175978 -0.486454 0.459665 -0.0128094 0.826485 0.463913 0.994726 0.829171 0.923967 0.995206
17.855 -0.917138 -0.996764 -0.61755 -0.915219 -0.169584 -0.613776 0.319128 -0.164862 0.731163 0.323663 0.967523 0.734422 0.971418 0.968723
17.905 -0.967119 -0.972913 -0.730075 -0.96589 -0.317617 -0.726794 0.171154 -0.313073 0.618802 0.17587 0.917772 0.622557 0.996231 0.919664
17.955 -0.994562 -0.926389 -0.825586 -0.994051 -0.458249 -0.822875 0.0191911 -0.453987 0.49202 0.023979 0.846633 0.496184 0.997826 0.849171
18.005 -0.998826 -0.858275 -0.901857 -0.999046 -0.588201 -0.899778 -0.133219 -0.584322 0.353772 -0.128471 0.755762 0.358247 0.976167 0.758889
18.055 -0.979812 -0.770159 -0.95711 -0.980758 -0.704445 -0.955712 -0.282524 -0.701038 0.207278 -0.277927 0.647278 0.211961 0.931758 0.650921
18.105 -0.937964 -0.664095 -0.990058 -0.939613 -0.804272 -0.989373 -0.425246 -0.801417 0.0559541 -0.420906 0.52371 0.0607349 0.865635 0.527783
18.155 -0.874256 -0.542553 -0.999932 -0.876571 -0.885356 -0.999976 -0.558056 -0.883119 -0.0966739 -0.554076 0.387936 -0.0919063 0.779338 0.392346
18.205 -0.790174 -0.408368 -0.986503 -0.7931 -0.945806 -0.987275 -0.677862 -0.94424 -0.247049 -0.674333 0.243122 -0.242406 0.674878 0.247764
18.255 -0.687677 -0.264665 -0.950083 -0.691146 -0.984214 -0.951566 -0.781869 -0.983355 -0.391667 -0.778875 0.0926413 -0.387256 0.55469 0.0974086
18.305 -0.569153 -0.114795 -0.891521 -0.573085 -0.999685 -0.89368 -0.867656 -0.999553 -0.527156 -0.865265 -0.0599981 -0.523081 0.421576 -0.0552171
18.355 -0.437366 0.0377512 -0.812183 -0.441667 -0.991858 -0.814967 -0.933221 -0.992456 -0.650361 -0.93149 -0.211239 -0.646715 0.278636 -0.206556
18.405 -0.295385 0.189417 -0.713916 -0.299957 -0.960916 -0.717262 -0.977038 -0.962231 -0.758408 -0.976006 -0.357557 -0.755278 0.129203 -0.353081
18.455 -0.146521 0.336669 -0.599012 -0.151257 -0.90758 -0.60284 -0.998085 -0.90958 -0.848781 -0.997777 -0.495543 -0.846239 -0.023241 -0.491377
18.505 0.00575807 0.476075 -0.470148 0.000969125 -0.833092 -0.474369 -0.995871 -0.835732 -0.919373 -0.996294 -0.621979 -0.917479 -0.175144 -0.618222
18.555 0.157903 0.604385 -0.330327 0.153172 -0.73919 -0.334843 -0.970449 -0.742407 -0.968539 -0.971593 -0.733921 -0.967337 -0.322964 -0.73066
18.605 0.306368 0.718611 -0.182808 0.301806 -0.62806 -0.187514 -0.92241 -0.63178 -0.995134 -0.924249 -0.828758 -0.99465 -0.463259 -0.826069
18.655 0.447693 0.816089 -0.0310279 0.443406 -0.502294 -0.0358142 -0.852874 -0.506429 -0.998536 -0.855365 -0.904281 -0.998784 -0.592756 -0.902226
18.705 0.578584 0.894548 0.121475 0.574672 -0.364821 0.11672 -0.763463 -0.369276 -0.978668 -0.766547 -0.95873 -0.979641 -0.70844 -0.957358
18.755 0.695992 0.95216 0.271147 0.692545 -0.218847 0.266534 -0.656258 -0.223517 -0.935992 -0.659864 -0.990836 -0.937667 -0.807614 -0.990178
18.805 0.79718 0.987582 0.414499 0.794279 -0.067772 0.410136 -0.53376 -0.0725491 -0.871502 -0.537803 -0.99985 -0.873841 -0.887966 -0.999921
18.855 0.879789 0.999988 0.548192 0.877502 0.0848823 0.544181 -0.398822 0.0801096 -0.786702 -0.403209 -0.985563 -0.789649 -0.947624 -0.986362
18.905 0.941894 0.989089 0.669109 0.940275 0.235558 0.665543 -0.25459 0.230901 -0.683568 -0.259218 -0.948307 -0.687056 -0.985197 -0.949815
18.955 0.982049 0.95514 0.774433 0.981135 0.380745 0.771394 -0.104424 0.376312 -0.564503 -0.109186 -0.88895 -0.56845 -0.999811 -0.891133
19.005 0.999317 0.89893 0.861708 0.999129 0.517058 0.859268 0.0481749 0.512953 -0.432283 0.0433909 -0.808877 -0.436596 -0.991123 -0.811683
19.055 0.993296 0.821772 0.928901 0.993838 0.641321 0.927117 0.199651 0.637639 -0.289988 0.194956 -0.709953 -0.294568 -0.959338 -0.713317
19.105 0.964126 0.725462 0.974447 0.965387 0.750638 0.97336 0.346475 0.747465 -0.140935 0.341979 -0.594483 -0.145675 -0.905195 -0.598327
19.155 0.912488 0.612245 0.997282 0.914436 0.842461 0.996918 0.485224 0.839872 0.0114023 0.481031 -0.465159 0.00661348 -0.829957 -0.469393
19.205 0.839583 0.484759 0.996876 0.842175 0.914651 0.997243 0.612665 0.912705 0.163474 0.608873 -0.324994 0.158748 -0.735376 -0.329519
19.255 0.747112 0.345977 0.973238 0.750287 0.965525 0.974327 0.725827 0.964267 0.311736 0.722525 -0.177255 0.307182 -0.623658 -0.181967
19.305 0.63723 0.199131 0.926918 0.640913 0.993897 0.928705 0.822074 0.993358 0.452733 0.819338 -0.0253858 0.448458 -0.497405 -0.0301729
19.355 0.512497 0.0476445 0.858997 0.516603 0.999107 0.861439 0.899163 0.999298 0.583179 0.897057 0.127075 0.579282 -0.35956 0.122324
19.405 0.37582 -0.104952 0.771056 0.380254 0.981032 0.774097 0.955297 0.981949 0.700034 0.95387 0.276575 0.696606 -0.213336 0.27197
19.455 0.230385 -0.255103 0.665146 0.235042 0.940094 0.668715 0.989167 0.941716 0.800575 0.988453 0.419629 0.797696 -0.0621395 0.415278
19.505 0.0795803 -0.399309 0.543735 0.0843532 0.877247 0.547748 0.999985 0.879536 0.882458 1 0.552904 0.880195 0.0905049 0.548907
19.555 -0.0730787 -0.534209 0.409652 -0.0683018 0.793956 0.414016 0.987498 0.796859 0.943775 0.988242 0.673293 0.942181 0.24104 0.669745
19.605 -0.224035 -0.656659 0.266022 -0.219365 0.692162 0.270635 0.951998 0.695611 0.983098 0.953453 0.777991 0.98221 0.385958 0.774974
19.655 -0.36977 -0.763805 0.116193 -0.365316 0.574237 0.120948 0.894311 0.578151 0.99951 0.896443 0.864558 0.999349 0.521881 0.862142
19.705 -0.506887 -0.853151 -0.0363449 -0.502753 0.44293 -0.0315587 0.815782 0.447218 0.992628 0.818542 0.930977 0.993197 0.645641 0.929218
19.755 -0.632191 -0.922615 -0.188035 -0.628473 0.301299 -0.18333 0.718241 0.305862 0.962613 0.721565 0.975699 0.963899 0.754355 0.974638
19.805 -0.742762 -0.970577 -0.335344 -0.739547 0.152647 -0.330828 0.603962 0.157379 0.910164 0.607772 0.997682 0.912137 0.845489 0.997345
19.855 -0.836023 -0.995919 -0.474837 -0.833386 0.000438103 -0.470617 0.475608 0.00522705 0.836504 0.479815 0.996414 0.839118 0.916918 0.996808
19.905 -0.909801 -0.998052 -0.603264 -0.907803 -0.151781 -0.599437 0.336169 -0.147046 0.743349 0.340675 0.971925 0.746543 0.966979 0.973041
19.955 -0.962375 -0.976924 -0.717632 -0.961063 -0.300464 -0.714288 0.188896 -0.295893 0.63287 0.193596 0.924785 0.63657 0.994504 0.926597
