50.005 0
50.055 1.1241e-06
50.105 1.12163e-06
50.155 1.11917e-06
50.205 1.11672e-06
50.255 1.11427e-06
50.305 1.11183e-06
50.355 1.10939e-06
50.405 1.10696e-06
50.455 1.10454e-06
50.505 1.10212e-06
50.555 1.09971e-06
50.605 1.09731e-06
50.655 1.09491e-06
50.705 1.09251e-06
50.755 1.09012e-06
50.805 1.08774e-06
50.855 1.08536e-06
50.905 1.08299e-06
50.955 1.08063e-06
51.005 1.07827e-06
51.055 1.07592e-06
51.105 1.07357e-06
51.155 1.07123e-06
51.205 1.06889e-06
51.255 1.06656e-06
51.305 1.06424e-06
51.355 1.06192e-06
51.405 1.0596e-06
51.455 1.0573e-06
51.505 1.05499e-06
51.555 1.0527e-06
51.605 1.05041e-06
51.655 1.04812e-06
51.705 1.04584e-06
51.755 1.04357e-06
51.805 1.0413e-06
51.855 1.03904e-06
51.905 1.03678e-06
51.955 1.03453e-06
52.005 1.03228e-06
52.055 1.03004e-06
52.105 1.02781e-06
52.155 1.02558e-06
52.205 1.02335e-06
52.255 1.02113e-06
52.305 1.01892e-06
52.355 1.01671e-06
52.405 1.01451e-06
52.455 1.01231e-06
52.505 1.01012e-06
52.555 1.00793e-06
52.605 1.00575e-06
52.655 1.00357e-06
52.705 1.0014e-06
52.755 9.99235e-07
52.805 9.97074e-07
52.855 9.94919e-07
52.905 9.92768e-07
52.955 9.90623e-07
53.005 9.88484e-07
53.055 9.86349e-07
53.105 9.8422e-07
53.155 9.82096e-07
53.205 9.79976e-07
53.255 9.77863e-07
53.305 9.75753e-07
53.355 9.73649e-07
53.405 9.71551e-07
53.455 9.69457e-07
53.505 9.67368e-07
53.555 9.65285e-07
53.605 9.63207e-07
53.655 9.61133e-07
53.705 9.59064e-07
53.755 9.57001e-07
53.805 9.54942e-07
53.855 9.52889e-07
53.905 9.50839e-07
53.955 9.48796e-07
54.005 9.46757e-07
54.055 9.44723e-07
54.105 9.42694e-07
54.155 9.4067e-07
54.205 9.3865e-07
54.255 9.36635e-07
54.305 9.34626e-07
54.355 9.32621e-07
54.405 9.30621e-07
54.455 9.28626e-07
54.505 9.26636e-07
54.555 9.2465e-07
54.605 9.22669e-07
54.655 9.20693e-07
54.705 9.18721e-07
54.755 9.16754e-07
54.805 9.14791e-07
54.855 9.12835e-07
54.905 9.10883e-07
54.955 9.08934e-07
55.005 9.07013e-07
55.055 9.05057e-07
55.105 9.03119e-07
55.155 9.01188e-07
55.205 8.99264e-07
55.255 8.97343e-07
55.305 8.95428e-07
55.355 8.93516e-07
55.405 8.9161e-07
55.455 8.89708e-07
55.505 8.8781e-07
55.555 8.85917e-07
55.605 8.84028e-07
55.655 8.82144e-07
55.705 8.80265e-07
55.755 8.7839e-07
55.805 8.76519e-07
55.855 8.74653e-07
55.905 8.72791e-07
55.955 8.70933e-07
56.005 8.69081e-07
56.055 8.67233e-07
56.105 8.65388e-07
56.155 8.63548e-07
56.205 8.61713e-07
56.255 8.59882e-07
56.305 8.58055e-07
56.355 8.56233e-07
56.405 8.54414e-07
56.455 8.52601e-07
56.505 8.50792e-07
56.555 8.48986e-07
56.605 8.47186e-07
56.655 8.45389e-07
56.705 8.43596e-07
56.755 8.41808e-07
56.805 8.40024e-07
56.855 8.38244e-07
56.905 8.36469e-07
56.955 8.34697e-07
57.005 8.3293e-07
57.055 8.31167e-07
57.105 8.29408e-07
57.155 8.27653e-07
57.205 8.25903e-07
57.255 8.24156e-07
57.305 8.22414e-07
57.355 8.20676e-07
57.405 8.18942e-07
57.455 8.17212e-07
57.505 8.15486e-07
57.555 8.13763e-07
57.605 8.12046e-07
57.655 8.10332e-07
57.705 8.08622e-07
57.755 8.06918e-07
57.805 8.05214e-07
57.855 8.03516e-07
57.905 8.01822e-07
57.955 8.00133e-07
58.005 7.98447e-07
58.055 7.96765e-07
58.105 7.95087e-07
58.155 7.93412e-07
58.205 7.91743e-07
58.255 7.90076e-07
58.305 7.88414e-07
58.355 7.86755e-07
58.405 7.851e-07
58.455 7.8345e-07
58.505 7.81803e-07
58.555 7.8016e-07
58.605 7.78521e-07
58.655 7.76885e-07
58.705 7.75254e-07
58.755 7.73626e-07
58.805 7.72002e-07
58.855 7.70382e-07
58.905 7.68765e-07
58.955 7.67153e-07
59.005 7.65544e-07
59.055 7.63938e-07
59.105 7.62337e-07
59.155 7.6074e-07
59.205 7.59146e-07
59.255 7.57555e-07
59.305 7.55969e-07
59.355 7.54386e-07
59.405 7.52807e-07
59.455 7.51231e-07
59.505 7.4966e-07
59.555 7.48092e-07
59.605 7.46527e-07
59.655 7.44966e-07
59.705 7.43409e-07
59.755 7.41855e-07
59.805 7.40305e-07
59.855 7.38759e-07
59.905 7.37216e-07
59.955 7.35676e-07
60.005 7.34141e-07
60.055 7.32608e-07
60.105 7.3108e-07
60.155 7.29555e-07
60.205 7.28033e-07
60.255 7.26515e-07
60.305 7.25001e-07
60.355 7.23489e-07
60.405 7.21982e-07
60.455 7.20478e-07
60.505 7.18977e-07
60.555 7.1748e-07
60.605 7.15986e-07
60.655 7.14496e-07
60.705 7.1301e-07
60.755 7.11526e-07
60.805 7.10046e-07
60.855 7.08569e-07
60.905 7.07096e-07
60.955 7.05626e-07
61.005 7.0416e-07
61.055 7.02698e-07
61.105 7.01238e-07
61.155 6.99781e-07
61.205 6.98329e-07
61.255 6.96879e-07
61.305 6.95433e-07
61.355 6.9399e-07
61.405 6.9255e-07
61.455 6.91114e-07
61.505 6.89681e-07
61.555 6.88251e-07
61.605 6.86825e-07
61.655 6.85402e-07
61.705 6.83982e-07
61.755 6.82565e-07
61.805 6.81152e-07
61.855 6.79742e-07
61.905 6.78335e-07
61.955 6.76931e-07
62.005 6.75531e-07
62.055 6.74134e-07
62.105 6.7274e-07
62.155 6.71348e-07
62.205 6.69961e-07
62.255 6.68576e-07
62.305 6.67195e-07
62.355 6.65817e-07
62.405 6.64442e-07
62.455 6.6307e-07
62.505 6.61701e-07
62.555 6.60335e-07
62.605 6.58973e-07
62.655 6.57613e-07
62.705 6.56257e-07
62.755 6.54904e-07
62.805 6.53554e-07
62.855 6.52206e-07
62.905 6.50862e-07
62.955 6.49522e-07
63.005 6.48184e-07
63.055 6.46849e-07
63.105 6.45517e-07
63.155 6.44188e-07
63.205 6.42863e-07
63.255 6.4154e-07
63.305 6.4022e-07
63.355 6.38903e-07
63.405 6.37589e-07
63.455 6.36279e-07
63.505 6.34971e-07
63.555 6.33666e-07
63.605 6.32364e-07
63.655 6.31066e-07
63.705 6.29769e-07
63.755 6.28477e-07
63.805 6.27186e-07
63.855 6.25899e-07
63.905 6.24615e-07
63.955 6.23334e-07
64.005 6.22055e-07
64.055 6.2078e-07
64.105 6.19507e-07
64.155 6.18237e-07
64.205 6.1697e-07
64.255 6.15706e-07
64.305 6.14445e-07
64.355 6.13187e-07
64.405 6.11931e-07
64.455 6.10678e-07
64.505 6.09429e-07
64.555 6.08182e-07
64.605 6.06938e-07
64.655 6.05697e-07
64.705 6.04458e-07
64.755 6.03222e-07
64.805 6.01989e-07
64.855 6.00759e-07
64.905 5.99532e-07
64.955 5.98307e-07
65.005 5.97085e-07
65.055 5.95865e-07
65.105 5.94649e-07
65.155 5.93436e-07
65.205 5.92225e-07
65.255 5.91016e-07
65.305 5.89811e-07
65.355 5.88608e-07
65.405 5.87408e-07
65.455 5.86211e-07
65.505 5.85016e-07
65.555 5.83824e-07
65.605 5.82634e-07
65.655 5.81448e-07
65.705 5.80263e-07
65.755 5.79082e-07
65.805 5.77904e-07
65.855 5.76727e-07
65.905 5.75554e-07
65.955 5.74383e-07
66.005 5.73215e-07
66.055 5.72049e-07
66.105 5.70886e-07
66.155 5.69726e-07
66.205 5.68568e-07
66.255 5.67413e-07
66.305 5.66261e-07
66.355 5.6511e-07
66.405 5.63963e-07
66.455 5.62818e-07
66.505 5.61676e-07
66.555 5.60536e-07
66.605 5.59399e-07
66.655 5.58264e-07
66.705 5.57132e-07
66.755 5.56003e-07
66.805 5.54875e-07
66.855 5.53751e-07
66.905 5.52628e-07
66.955 5.51509e-07
67.005 5.50392e-07
67.055 5.49277e-07
67.105 5.48165e-07
67.155 5.47056e-07
67.205 5.45948e-07
67.255 5.44843e-07
67.305 5.43741e-07
67.355 5.42641e-07
67.405 5.41544e-07
67.455 5.40449e-07
67.505 5.39357e-07
67.555 5.38267e-07
67.605 5.37179e-07
67.655 5.36094e-07
67.705 5.35011e-07
67.755 5.3393e-07
67.805 5.32853e-07
67.855 5.31777e-07
67.905 5.30704e-07
67.955 5.29633e-07
68.005 5.28564e-07
68.055 5.27498e-07
68.105 5.26435e-07
68.155 5.25373e-07
68.205 5.24314e-07
68.255 5.23257e-07
68.305 5.22203e-07
68.355 5.21151e-07
68.405 5.20101e-07
68.455 5.19054e-07
68.505 5.18009e-07
68.555 5.16966e-07
68.605 5.15925e-07
68.655 5.14887e-07
68.705 5.13852e-07
68.755 5.12818e-07
68.805 5.11787e-07
68.855 5.10757e-07
68.905 5.09731e-07
68.955 5.08706e-07
69.005 5.07684e-07
69.055 5.06664e-07
69.105 5.05646e-07
69.155 5.04631e-07
69.205 5.03618e-07
69.255 5.02606e-07
69.305 5.01598e-07
69.355 5.00591e-07
69.405 4.99587e-07
69.455 4.98585e-07
69.505 4.97585e-07
69.555 4.96587e-07
69.605 4.95592e-07
69.655 4.94598e-07
69.705 4.93607e-07
69.755 4.92618e-07
69.805 4.91631e-07
69.855 4.90647e-07
69.905 4.89664e-07
69.955 4.88684e-07
70.005 4.87706e-07
70.055 4.86729e-07
70.105 4.85756e-07
70.155 4.84784e-07
70.205 4.83814e-07
70.255 4.82847e-07
70.305 4.81881e-07
70.355 4.80918e-07
70.405 4.79957e-07
70.455 4.78998e-07
70.505 4.78041e-07
70.555 4.77086e-07
70.605 4.76133e-07
70.655 4.75182e-07
70.705 4.74234e-07
70.755 4.73287e-07
70.805 4.72343e-07
70.855 4.714e-07
70.905 4.7046e-07
70.955 4.69522e-07
71.005 4.68586e-07
71.055 4.67651e-07
71.105 4.66719e-07
71.155 4.65789e-07
71.205 4.64861e-07
71.255 4.63935e-07
71.305 4.63011e-07
71.355 4.62089e-07
71.405 4.61169e-07
71.455 4.6025e-07
71.505 4.59334e-07
71.555 4.5842e-07
71.605 4.57508e-07
71.655 4.56598e-07
71.705 4.5569e-07
71.755 4.54784e-07
71.805 4.5388e-07
71.855 4.52978e-07
71.905 4.52077e-07
71.955 4.51179e-07
72.005 4.50283e-07
72.055 4.49389e-07
72.105 4.48496e-07
72.155 4.47606e-07
72.205 4.46717e-07
72.255 4.45831e-07
72.305 4.44946e-07
72.355 4.44063e-07
72.405 4.43182e-07
72.455 4.42303e-07
72.505 4.41426e-07
72.555 4.40551e-07
72.605 4.39678e-07
72.655 4.38806e-07
72.705 4.37937e-07
72.755 4.37069e-07
72.805 4.36204e-07
72.855 4.3534e-07
72.905 4.34478e-07
72.955 4.33617e-07
73.005 4.32759e-07
73.055 4.31903e-07
73.105 4.31048e-07
73.155 4.30196e-07
73.205 4.29345e-07
73.255 4.28496e-07
73.305 4.27648e-07
73.355 4.26803e-07
73.405 4.2596e-07
73.455 4.25118e-07
73.505 4.24278e-07
73.555 4.2344e-07
73.605 4.22603e-07
73.655 4.21769e-07
73.705 4.20937e-07
73.755 4.20105e-07
73.805 4.19276e-07
73.855 4.18449e-07
73.905 4.17623e-07
73.955 4.168e-07
74.005 4.15978e-07
74.055 4.15158e-07
74.105 4.14339e-07
74.155 4.13522e-07
74.205 4.12707e-07
74.255 4.11894e-07
74.305 4.11083e-07
74.355 4.10273e-07
74.405 4.09465e-07
74.455 4.08659e-07
74.505 4.07854e-07
74.555 4.07051e-07
74.605 4.0625e-07
74.655 4.05451e-07
74.705 4.04654e-07
74.755 4.03858e-07
74.805 4.03063e-07
74.855 4.02271e-07
74.905 4.0148e-07
74.955 4.00691e-07
75.005 3.99904e-07
75.055 3.99118e-07
75.105 3.98334e-07
75.155 3.97551e-07
75.205 3.96771e-07
75.255 3.95991e-07
75.305 3.95214e-07
75.355 3.94438e-07
75.405 3.93664e-07
75.455 3.92892e-07
75.505 3.92121e-07
75.555 3.91352e-07
75.605 3.90585e-07
75.655 3.89819e-07
75.705 3.89055e-07
75.755 3.88292e-07
75.805 3.87531e-07
75.855 3.86772e-07
75.905 3.86014e-07
75.955 3.85258e-07
76.005 3.84503e-07
76.055 3.83751e-07
76.105 3.83e-07
76.155 3.8225e-07
76.205 3.81501e-07
76.255 3.80761e-07
76.305 3.80013e-07
76.355 3.79268e-07
76.405 3.78526e-07
76.455 3.77786e-07
76.505 3.77047e-07
76.555 3.7631e-07
76.605 3.75578e-07
76.655 3.74839e-07
76.705 3.74108e-07
76.755 3.73379e-07
76.805 3.72648e-07
76.855 3.71921e-07
76.905 3.71194e-07
76.955 3.7047e-07
77.005 3.69747e-07
77.055 3.69026e-07
77.105 3.68305e-07
77.155 3.67587e-07
77.205 3.6687e-07
77.255 3.66155e-07
77.305 3.65441e-07
77.355 3.64729e-07
77.405 3.64018e-07
77.455 3.63308e-07
77.505 3.626e-07
77.555 3.61894e-07
77.605 3.61189e-07
77.655 3.60486e-07
77.705 3.59784e-07
77.755 3.59084e-07
77.805 3.58385e-07
77.855 3.57687e-07
77.905 3.56991e-07
77.955 3.56297e-07
78.005 3.55604e-07
78.055 3.54912e-07
78.105 3.54222e-07
78.155 3.53534e-07
78.205 3.52846e-07
78.255 3.52161e-07
78.305 3.51476e-07
78.355 3.50794e-07
78.405 3.50112e-07
78.455 3.49432e-07
78.505 3.48753e-07
78.555 3.48076e-07
78.605 3.47401e-07
78.655 3.46726e-07
78.705 3.46054e-07
78.755 3.45382e-07
78.805 3.44712e-07
78.855 3.44044e-07
78.905 3.43376e-07
78.955 3.4271e-07
79.005 3.42046e-07
79.055 3.41383e-07
79.105 3.40721e-07
79.155 3.40061e-07
79.205 3.39402e-07
79.255 3.38745e-07
79.305 3.38089e-07
79.355 3.37434e-07
79.405 3.36781e-07
79.455 3.36129e-07
79.505 3.35478e-07
79.555 3.34829e-07
79.605 3.34181e-07
79.655 3.33535e-07
79.705 3.32889e-07
79.755 3.32246e-07
79.805 3.31603e-07
79.855 3.30962e-07
79.905 3.30322e-07
79.955 3.29684e-07
80.005 3.29047e-07
80.055 3.28411e-07
80.105 3.27777e-07
80.155 3.27144e-07
80.205 3.26512e-07
80.255 3.25881e-07
80.305 3.25252e-07
80.355 3.24624e-07
80.405 3.23998e-07
80.455 3.23373e-07
80.505 3.22749e-07
80.555 3.22126e-07
80.605 3.21505e-07
80.655 3.20885e-07
80.705 3.20266e-07
80.755 3.19649e-07
80.805 3.19033e-07
80.855 3.18418e-07
80.905 3.17804e-07
80.955 3.17192e-07
81.005 3.16581e-07
81.055 3.15971e-07
81.105 3.15363e-07
81.155 3.14756e-07
81.205 3.1415e-07
81.255 3.13545e-07
81.305 3.12941e-07
81.355 3.12339e-07
81.405 3.11738e-07
81.455 3.11139e-07
81.505 3.1054e-07
81.555 3.09943e-07
81.605 3.09347e-07
81.655 3.08753e-07
81.705 3.08159e-07
81.755 3.07567e-07
81.805 3.06976e-07
81.855 3.06386e-07
81.905 3.05798e-07
81.955 3.0521e-07
82.005 3.04624e-07
82.055 3.0404e-07
82.105 3.03456e-07
82.155 3.02873e-07
82.205 3.02292e-07
82.255 3.01712e-07
82.305 3.01133e-07
82.355 3.00555e-07
82.405 2.99979e-07
82.455 2.99404e-07
82.505 2.9883e-07
82.555 2.98257e-07
82.605 2.97685e-07
82.655 2.97115e-07
82.705 2.96545e-07
82.755 2.95977e-07
82.805 2.9541e-07
82.855 2.94844e-07
82.905 2.9428e-07
82.955 2.93716e-07
83.005 2.93154e-07
83.055 2.92593e-07
83.105 2.92033e-07
83.155 2.91474e-07
83.205 2.90916e-07
83.255 2.9036e-07
83.305 2.89804e-07
83.355 2.8925e-07
83.405 2.88697e-07
83.455 2.88145e-07
83.505 2.87594e-07
83.555 2.87045e-07
83.605 2.86496e-07
83.655 2.85949e-07
83.705 2.85402e-07
83.755 2.84857e-07
83.805 2.84313e-07
83.855 2.8377e-07
83.905 2.83229e-07
83.955 2.82688e-07
84.005 2.82148e-07
84.055 2.8161e-07
84.105 2.81072e-07
84.155 2.80536e-07
84.205 2.80001e-07
84.255 2.79467e-07
84.305 2.78934e-07
84.355 2.78402e-07
84.405 2.77871e-07
84.455 2.77342e-07
84.505 2.76813e-07
84.555 2.76286e-07
84.605 2.75759e-07
84.655 2.75234e-07
84.705 2.7471e-07
84.755 2.74187e-07
84.805 2.73664e-07
84.855 2.73143e-07
84.905 2.72623e-07
84.955 2.72105e-07
85.005 2.71587e-07
85.055 2.7107e-07
85.105 2.70554e-07
85.155 2.70039e-07
85.205 2.69526e-07
85.255 2.69013e-07
85.305 2.68502e-07
85.355 2.67991e-07
85.405 2.67482e-07
85.455 2.66973e-07
85.505 2.66466e-07
85.555 2.6596e-07
85.605 2.65454e-07
85.655 2.6495e-07
85.705 2.64447e-07
85.755 2.63945e-07
85.805 2.63444e-07
85.855 2.62943e-07
85.905 2.62444e-07
85.955 2.61946e-07
86.005 2.61449e-07
86.055 2.60953e-07
86.105 2.60458e-07
86.155 2.59964e-07
86.205 2.59471e-07
86.255 2.58979e-07
86.305 2.58488e-07
86.355 2.57998e-07
86.405 2.57509e-07
86.455 2.57021e-07
86.505 2.56534e-07
86.555 2.56048e-07
86.605 2.55563e-07
86.655 2.55079e-07
86.705 2.54595e-07
86.755 2.54113e-07
86.805 2.53632e-07
86.855 2.53153e-07
86.905 2.52673e-07
86.955 2.52195e-07
87.005 2.51717e-07
87.055 2.51241e-07
87.105 2.50766e-07
87.155 2.50292e-07
87.205 2.49818e-07
87.255 2.49346e-07
87.305 2.48874e-07
87.355 2.48404e-07
87.405 2.47934e-07
87.455 2.47466e-07
87.505 2.46998e-07
87.555 2.46531e-07
87.605 2.46065e-07
87.655 2.45601e-07
87.705 2.45137e-07
87.755 2.44674e-07
87.805 2.44212e-07
87.855 2.43751e-07
87.905 2.43291e-07
87.955 2.42832e-07
88.005 2.42373e-07
88.055 2.41916e-07
88.105 2.4146e-07
88.155 2.41004e-07
88.205 2.4055e-07
88.255 2.40096e-07
88.305 2.39643e-07
88.355 2.39192e-07
88.405 2.38741e-07
88.455 2.38291e-07
88.505 2.37842e-07
88.555 2.37393e-07
88.605 2.36946e-07
88.655 2.365e-07
88.705 2.36054e-07
88.755 2.3561e-07
88.805 2.35166e-07
88.855 2.34723e-07
88.905 2.34282e-07
88.955 2.33841e-07
89.005 2.334e-07
89.055 2.32961e-07
89.105 2.32523e-07
89.155 2.32085e-07
89.205 2.31649e-07
89.255 2.31213e-07
89.305 2.30778e-07
89.355 2.30345e-07
89.405 2.29911e-07
89.455 2.29479e-07
89.505 2.29048e-07
89.555 2.28618e-07
89.605 2.28188e-07
89.655 2.27759e-07
89.705 2.27331e-07
89.755 2.26904e-07
89.805 2.26478e-07
89.855 2.26053e-07
89.905 2.25629e-07
89.955 2.25205e-07
90.005 2.24782e-07
90.055 2.2436e-07
90.105 2.23939e-07
90.155 2.23519e-07
90.205 2.231e-07
90.255 2.22681e-07
90.305 2.22264e-07
90.355 2.21847e-07
90.405 2.21431e-07
90.455 2.21016e-07
90.505 2.20601e-07
90.555 2.20188e-07
90.605 2.19775e-07
90.655 2.19363e-07
90.705 2.18952e-07
90.755 2.18542e-07
90.805 2.18133e-07
90.855 2.17724e-07
90.905 2.17317e-07
90.955 2.1691e-07
91.005 2.16504e-07
91.055 2.16098e-07
91.105 2.15694e-07
91.155 2.1529e-07
91.205 2.14887e-07
91.255 2.14485e-07
91.305 2.14084e-07
91.355 2.13684e-07
91.405 2.13284e-07
91.455 2.12885e-07
91.505 2.12487e-07
91.555 2.1209e-07
91.605 2.11693e-07
91.655 2.11298e-07
91.705 2.10903e-07
91.755 2.10509e-07
91.805 2.10115e-07
91.855 2.09723e-07
91.905 2.09331e-07
91.955 2.0894e-07
92.005 2.0855e-07
92.055 2.0816e-07
92.105 2.07772e-07
92.155 2.07384e-07
92.205 2.06997e-07
92.255 2.06611e-07
92.305 2.06225e-07
92.355 2.0584e-07
92.405 2.05456e-07
92.455 2.05073e-07
92.505 2.0469e-07
92.555 2.04309e-07
92.605 2.03928e-07
92.655 2.03548e-07
92.705 2.03168e-07
92.755 2.02789e-07
92.805 2.02411e-07
92.855 2.02034e-07
92.905 2.01658e-07
92.955 2.01282e-07
93.005 2.00907e-07
93.055 2.00533e-07
93.105 2.0016e-07
93.155 1.99787e-07
93.205 1.99415e-07
93.255 1.99044e-07
93.305 1.98673e-07
93.355 1.98303e-07
93.405 1.97934e-07
93.455 1.97566e-07
93.505 1.97198e-07
93.555 1.96831e-07
93.605 1.96465e-07
93.655 1.961e-07
93.705 1.95735e-07
93.755 1.95371e-07
93.805 1.95008e-07
93.855 1.94645e-07
93.905 1.94284e-07
93.955 1.93922e-07
94.005 1.93562e-07
94.055 1.93202e-07
94.105 1.92844e-07
94.155 1.92485e-07
94.205 1.92128e-07
94.255 1.91771e-07
94.305 1.91415e-07
94.355 1.91059e-07
94.405 1.90705e-07
94.455 1.90351e-07
94.505 1.89997e-07
94.555 1.89645e-07
94.605 1.89293e-07
94.655 1.88942e-07
94.705 1.88591e-07
94.755 1.88241e-07
94.805 1.87892e-07
94.855 1.87544e-07
94.905 1.87196e-07
94.955 1.86849e-07
95.005 1.86502e-07
95.055 1.86157e-07
95.105 1.85812e-07
95.155 1.85467e-07
95.205 1.85124e-07
95.255 1.84781e-07
95.305 1.84438e-07
95.355 1.84097e-07
95.405 1.83756e-07
95.455 1.83415e-07
95.505 1.83076e-07
95.555 1.82737e-07
95.605 1.82398e-07
95.655 1.82061e-07
95.705 1.81724e-07
95.755 1.81387e-07
95.805 1.81052e-07
95.855 1.80717e-07
95.905 1.80382e-07
95.955 1.80049e-07
96.005 1.79716e-07
96.055 1.79383e-07
96.105 1.79051e-07
96.155 1.7872e-07
96.205 1.7839e-07
96.255 1.7806e-07
96.305 1.77731e-07
96.355 1.77403e-07
96.405 1.77075e-07
96.455 1.76748e-07
96.505 1.76421e-07
96.555 1.76095e-07
96.605 1.7577e-07
96.655 1.75445e-07
96.705 1.75121e-07
96.755 1.74798e-07
96.805 1.74475e-07
96.855 1.74153e-07
96.905 1.73832e-07
96.955 1.73511e-07
97.005 1.73191e-07
97.055 1.72871e-07
97.105 1.72552e-07
97.155 1.72234e-07
97.205 1.71916e-07
97.255 1.71599e-07
97.305 1.71282e-07
97.355 1.70967e-07
97.405 1.70651e-07
97.455 1.70337e-07
97.505 1.70023e-07
97.555 1.69709e-07
97.605 1.69397e-07
97.655 1.69084e-07
97.705 1.68773e-07
97.755 1.68462e-07
97.805 1.68152e-07
97.855 1.67842e-07
97.905 1.67533e-07
97.955 1.67224e-07
98.005 1.66916e-07
98.055 1.66609e-07
98.105 1.66302e-07
98.155 1.65996e-07
98.205 1.6569e-07
98.255 1.65385e-07
98.305 1.65081e-07
98.355 1.64777e-07
98.405 1.64474e-07
98.455 1.64172e-07
98.505 1.6387e-07
98.555 1.63568e-07
98.605 1.63268e-07
98.655 1.62967e-07
98.705 1.62668e-07
98.755 1.62369e-07
98.805 1.6207e-07
98.855 1.61772e-07
98.905 1.61475e-07
98.955 1.61178e-07
99.005 1.60882e-07
99.055 1.60587e-07
99.105 1.60292e-07
99.155 1.59997e-07
99.205 1.59703e-07
99.255 1.5941e-07
99.305 1.59117e-07
99.355 1.58825e-07
99.405 1.58533e-07
99.455 1.58243e-07
99.505 1.57952e-07
99.555 1.57662e-07
99.605 1.57373e-07
99.655 1.57084e-07
99.705 1.56796e-07
99.755 1.56508e-07
99.805 1.56221e-07
99.855 1.55935e-07
99.905 1.55649e-07
99.955 1.55363e-07
100.005 1.55078e-07
100.055 1.54794e-07
100.105 1.5451e-07
100.155 1.54227e-07
100.205 1.53944e-07
100.255 1.53662e-07
100.305 1.53381e-07
100.355 1.531e-07
100.405 1.52819e-07
100.455 1.52539e-07
100.505 1.5226e-07
100.555 1.51981e-07
100.605 1.51703e-07
100.655 1.51425e-07
100.705 1.51148e-07
100.755 1.50871e-07
100.805 1.50595e-07
100.855 1.50319e-07
100.905 1.50044e-07
100.955 1.49769e-07
101.005 1.49495e-07
101.055 1.49222e-07
101.105 1.48949e-07
101.155 1.48676e-07
101.205 1.48404e-07
101.255 1.48133e-07
101.305 1.47862e-07
101.355 1.47592e-07
101.405 1.47322e-07
101.455 1.47053e-07
101.505 1.46784e-07
101.555 1.46515e-07
101.605 1.46248e-07
101.655 1.4598e-07
101.705 1.45714e-07
101.755 1.45448e-07
101.805 1.45182e-07
101.855 1.44917e-07
101.905 1.44652e-07
101.955 1.44388e-07
102.005 1.44124e-07
102.055 1.43861e-07
102.105 1.43598e-07
102.155 1.43336e-07
102.205 1.43074e-07
102.255 1.42813e-07
102.305 1.42553e-07
102.355 1.42292e-07
102.405 1.42033e-07
102.455 1.41774e-07
102.505 1.41515e-07
102.555 1.41257e-07
102.605 1.40999e-07
102.655 1.40742e-07
102.705 1.40485e-07
102.755 1.40229e-07
102.805 1.39974e-07
102.855 1.39718e-07
102.905 1.39464e-07
102.955 1.3921e-07
103.005 1.38956e-07
103.055 1.38703e-07
103.105 1.3845e-07
103.155 1.38198e-07
103.205 1.37946e-07
103.255 1.37694e-07
103.305 1.37444e-07
103.355 1.37193e-07
103.405 1.36944e-07
103.455 1.36694e-07
103.505 1.36445e-07
103.555 1.36197e-07
103.605 1.35949e-07
103.655 1.35701e-07
103.705 1.35454e-07
103.755 1.35208e-07
103.805 1.34962e-07
103.855 1.34716e-07
103.905 1.34471e-07
103.955 1.34227e-07
104.005 1.33982e-07
104.055 1.33739e-07
104.105 1.33495e-07
104.155 1.33253e-07
104.205 1.3301e-07
104.255 1.32768e-07
104.305 1.32527e-07
104.355 1.32286e-07
104.405 1.32046e-07
104.455 1.31806e-07
104.505 1.31566e-07
104.555 1.31327e-07
104.605 1.31088e-07
104.655 1.3085e-07
104.705 1.30613e-07
104.755 1.30375e-07
104.805 1.30138e-07
104.855 1.29902e-07
104.905 1.29666e-07
104.955 1.29431e-07
105.005 1.29196e-07
105.055 1.28961e-07
105.105 1.28727e-07
105.155 1.28493e-07
105.205 1.2826e-07
105.255 1.28027e-07
105.305 1.27795e-07
105.355 1.27563e-07
105.405 1.27332e-07
105.455 1.27101e-07
105.505 1.2687e-07
105.555 1.2664e-07
105.605 1.2641e-07
105.655 1.26181e-07
105.705 1.25952e-07
105.755 1.25724e-07
105.805 1.25496e-07
105.855 1.25268e-07
105.905 1.25041e-07
105.955 1.24815e-07
106.005 1.24589e-07
106.055 1.24363e-07
106.105 1.24137e-07
106.155 1.23913e-07
106.205 1.23688e-07
106.255 1.23464e-07
106.305 1.2324e-07
106.355 1.23017e-07
106.405 1.22794e-07
106.455 1.22572e-07
106.505 1.2235e-07
106.555 1.22128e-07
106.605 1.21907e-07
106.655 1.21687e-07
106.705 1.21466e-07
106.755 1.21246e-07
106.805 1.21027e-07
106.855 1.20808e-07
106.905 1.20589e-07
106.955 1.20371e-07
107.005 1.20153e-07
107.055 1.19936e-07
107.105 1.19719e-07
107.155 1.19503e-07
107.205 1.19286e-07
107.255 1.19071e-07
107.305 1.18855e-07
107.355 1.18641e-07
107.405 1.18426e-07
107.455 1.18212e-07
107.505 1.17998e-07
107.555 1.17785e-07
107.605 1.17572e-07
107.655 1.1736e-07
107.705 1.17148e-07
107.755 1.16936e-07
107.805 1.16725e-07
107.855 1.16514e-07
107.905 1.16303e-07
107.955 1.16093e-07
108.005 1.15884e-07
108.055 1.15674e-07
108.105 1.15465e-07
108.155 1.15257e-07
108.205 1.15049e-07
108.255 1.14841e-07
108.305 1.14634e-07
108.355 1.14427e-07
108.405 1.1422e-07
108.455 1.14014e-07
108.505 1.13809e-07
108.555 1.13603e-07
108.605 1.13398e-07
108.655 1.13194e-07
108.705 1.12989e-07
108.755 1.12786e-07
108.805 1.12582e-07
108.855 1.12379e-07
108.905 1.12176e-07
108.955 1.11974e-07
109.005 1.11772e-07
109.055 1.11571e-07
109.105 1.1137e-07
109.155 1.11169e-07
109.205 1.10969e-07
109.255 1.10768e-07
109.305 1.10569e-07
109.355 1.1037e-07
109.405 1.10171e-07
109.455 1.09972e-07
109.505 1.09774e-07
109.555 1.09576e-07
109.605 1.09379e-07
109.655 1.09182e-07
109.705 1.08985e-07
109.755 1.08789e-07
109.805 1.08593e-07
109.855 1.08398e-07
109.905 1.08202e-07
109.955 1.08008e-07
