50.005 0
50.055 0.000274563
50.105 0.000256798
50.155 0.00024788
50.205 0.000236693
50.255 0.000232827
50.305 0.000227068
50.355 0.000217033
50.405 0.00020681
50.455 0.000201139
50.505 0.000197927
50.555 0.000191052
50.605 0.000189592
50.655 0.000199682
50.705 0.000213479
50.755 0.000228484
50.805 0.000229828
50.855 0.000223824
50.905 0.000216168
50.955 0.000199546
51.005 0.000178323
51.055 0.000171199
51.105 0.000170708
51.155 0.000172612
51.205 0.000170995
51.255 0.000165182
51.305 0.000153816
51.355 0.000143574
51.405 0.000143643
51.455 0.00015027
51.505 0.00016169
51.555 0.000177729
51.605 0.000196654
51.655 0.000216408
51.705 0.000237935
51.755 0.000260801
51.805 0.00027962
51.855 0.00027194
51.905 0.000257381
51.955 0.000251724
52.005 0.000254877
52.055 0.000269025
52.105 0.000293189
52.155 0.000314474
52.205 0.000317774
52.255 0.000304774
52.305 0.000284175
52.355 0.000263729
52.405 0.000250615
52.455 0.0002421
52.505 0.00023402
52.555 0.000229476
52.605 0.000222438
52.655 0.000211093
52.705 0.000202122
52.755 0.000199081
52.805 0.000196133
52.855 0.000188448
52.905 0.000193918
52.955 0.000207459
53.005 0.000222895
53.055 0.000230829
53.105 0.000226874
53.155 0.000219905
53.205 0.000209529
53.255 0.000185715
53.305 0.000173072
53.355 0.000170596
53.405 0.000172162
53.455 0.000172213
53.505 0.000168556
53.555 0.000159293
53.605 0.000147024
53.655 0.000142939
53.705 0.000146568
53.755 0.000156207
53.805 0.00016935
53.855 0.000188305
53.905 0.000207455
53.955 0.000228178
54.005 0.000250589
54.055 0.000273455
54.105 0.000277563
54.155 0.000263439
54.205 0.000252594
54.255 0.000253555
54.305 0.000260827
54.355 0.00028171
54.405 0.000307438
54.455 0.00031846
54.505 0.000312774
54.555 0.000293853
54.605 0.000272196
54.655 0.000255292
54.705 0.000247434
54.755 0.000235814
54.805 0.000232269
54.855 0.000226247
54.905 0.000215762
54.955 0.000205776
55.005 0.000200709
55.055 0.000197765
55.105 0.000190119
55.155 0.000190253
55.205 0.000201287
55.255 0.000214962
55.305 0.000229351
55.355 0.000229341
55.405 0.000222983
55.455 0.000215029
55.505 0.00019635
55.555 0.00017692
55.605 0.000170986
55.655 0.000170895
55.705 0.000172625
55.755 0.000170632
55.805 0.000164105
55.855 0.000152373
55.905 0.000143425
55.955 0.000144064
56.005 0.000151381
56.055 0.000163189
56.105 0.000179951
56.155 0.000198828
56.205 0.00021877
56.255 0.000240492
56.305 0.000263422
56.355 0.000279984
56.405 0.000270234
56.455 0.000256089
56.505 0.000251949
56.555 0.000255562
56.605 0.000271378
56.655 0.000296218
56.705 0.00031562
56.755 0.000317096
56.805 0.000302732
56.855 0.000281662
56.905 0.000261779
56.955 0.000249755
57.005 0.000240389
57.055 0.000233821
57.105 0.000228995
57.155 0.000220934
57.205 0.000209965
57.255 0.000202043
57.305 0.000198712
57.355 0.000194746
57.405 0.000188494
57.455 0.000195082
57.505 0.000209027
57.555 0.000224817
57.605 0.000230735
57.655 0.000226131
57.705 0.000219071
57.755 0.000207224
57.805 0.000183505
57.855 0.000172445
57.905 0.000170596
57.955 0.000172337
58.005 0.000171971
58.055 0.000167813
58.105 0.000157926
58.155 0.000145784
58.205 0.000142983
58.255 0.000147417
58.305 0.00015756
58.355 0.000171018
58.405 0.000190438
58.455 0.000209722
58.505 0.000230653
58.555 0.00025321
58.605 0.000275975
58.655 0.000276338
58.705 0.000261792
58.755 0.000252112
58.805 0.000254122
58.855 0.000262738
58.905 0.000284582
58.955 0.000309653
59.005 0.000318599
59.055 0.000311023
59.105 0.000291398
59.155 0.000269892
59.205 0.000253906
59.255 0.000246746
59.305 0.00023511
59.355 0.000231577
59.405 0.000225362
59.455 0.000214521
59.505 0.000204776
59.555 0.000200267
59.605 0.000197783
59.655 0.000189391
59.705 0.000191039
59.755 0.000202879
59.805 0.000216963
59.855 0.000230092
59.905 0.000228784
59.955 0.000222118
60.005 0.000213838
60.055 0.000193321
60.105 0.000175699
60.155 0.00017081
60.205 0.000171358
60.255 0.000172593
60.305 0.000170225
60.355 0.000162955
60.405 0.000150944
60.455 0.000143243
60.505 0.000144578
60.555 0.000152549
60.605 0.000164724
60.655 0.000182122
60.705 0.000201016
60.755 0.000221151
60.805 0.000243068
60.855 0.000266029
60.905 0.000279789
60.955 0.000268471
61.005 0.000254952
61.055 0.000252365
61.105 0.000256544
61.155 0.000273873
61.205 0.000299247
61.255 0.000316504
61.305 0.000316228
61.355 0.000300566
61.405 0.00027916
61.455 0.000259937
61.505 0.000249027
61.555 0.0002389
61.605 0.000233555
61.655 0.00022841
61.705 0.000219524
61.755 0.00020883
61.805 0.000201822
61.855 0.000198397
61.905 0.000193327
61.955 0.000188729
62.005 0.000196555
62.055 0.000210592
62.105 0.000226371
62.155 0.00023052
62.205 0.00022536
62.255 0.000218148
62.305 0.000204868
62.355 0.000181514
62.405 0.000171931
62.455 0.000170623
62.505 0.000172473
62.555 0.000171665
62.605 0.000166984
62.655 0.000156525
62.705 0.000144629
62.755 0.000143122
62.805 0.000148342
62.855 0.000158952
62.905 0.00017323
62.955 0.00019258
63.005 0.000212013
63.055 0.000233154
63.105 0.000255841
63.155 0.000277664
63.205 0.000274938
63.255 0.000260201
63.305 0.000251796
63.355 0.000254434
63.405 0.000264842
63.455 0.000287516
63.505 0.000311577
63.555 0.000318501
63.605 0.000308851
63.655 0.000288901
63.705 0.000267661
63.755 0.000252633
63.805 0.000245769
63.855 0.000234551
63.905 0.000230746
63.955 0.000224427
64.005 0.000213306
64.055 0.000203813
64.105 0.000199832
64.155 0.00019738
64.205 0.000188874
64.255 0.000191942
64.305 0.00020447
64.355 0.000219079
64.405 0.000230591
64.455 0.000228169
64.505 0.000221233
64.555 0.000212701
64.605 0.000190486
64.655 0.000174648
64.705 0.000170694
64.755 0.000171703
64.805 0.000172513
64.855 0.000169729
64.905 0.000161743
64.955 0.000149543
65.005 0.000143082
65.055 0.000145186
65.105 0.000153769
65.155 0.000166293
65.205 0.000184271
65.255 0.000203225
65.305 0.00022356
65.355 0.00024566
65.405 0.000268622
65.455 0.000279274
65.505 0.000266703
65.555 0.000253975
65.605 0.000252711
65.655 0.000257795
65.705 0.000276487
65.755 0.000302243
65.805 0.00031741
65.855 0.000315177
65.905 0.000298296
65.955 0.000276687
66.005 0.000258206
66.055 0.000248381
66.105 0.000237634
66.155 0.000233214
66.205 0.000227732
66.255 0.000218177
66.305 0.000207739
66.355 0.000201482
66.405 0.000198116
66.455 0.000192041
66.505 0.000189121
66.555 0.000198243
66.605 0.000212134
66.655 0.000227605
66.705 0.000230196
66.755 0.000224561
66.805 0.000217135
66.855 0.0002025
66.905 0.000179735
66.955 0.000171522
67.005 0.000170666
67.055 0.000172566
67.105 0.000171291
67.155 0.000166069
67.205 0.000155095
67.255 0.000143614
67.305 0.000143356
67.355 0.000149336
67.405 0.000160385
67.455 0.000175683
67.505 0.00019473
67.555 0.000214329
67.605 0.000235675
67.655 0.00025847
67.705 0.000278967
67.755 0.000273397
67.805 0.000258642
67.855 0.000251669
67.905 0.000254505
67.955 0.000267056
68.005 0.000290497
68.055 0.000313222
68.105 0.000318187
68.155 0.000306552
68.205 0.000286379
68.255 0.000265515
68.305 0.000251471
68.355 0.000243769
68.405 0.000234154
68.455 0.000229797
68.505 0.000223448
68.555 0.000212117
68.605 0.000202892
68.655 0.000199418
68.705 0.000196726
68.755 0.000188562
68.805 0.000192949
68.855 0.000206059
68.905 0.000221132
68.955 0.00023079
69.005 0.000227504
69.055 0.000220481
69.105 0.000211491
69.155 0.000187863
69.205 0.000173755
69.255 0.000170627
69.305 0.000171973
69.355 0.000172381
69.405 0.000169148
69.455 0.00016047
69.505 0.000148184
69.555 0.000142975
69.605 0.000145882
69.655 0.000155039
69.705 0.000167897
69.755 0.000186409
69.805 0.000205453
69.855 0.000225993
69.905 0.000248267
69.955 0.000271196
70.005 0.000278477
70.055 0.000264953
70.105 0.000253163
70.155 0.000253105
70.205 0.000259294
70.255 0.000279207
70.305 0.000305091
70.355 0.000318087
70.405 0.000313953
70.455 0.000295945
70.505 0.000274259
70.555 0.000256592
70.605 0.000247808
70.655 0.000236581
70.705 0.00023277
70.755 0.000226972
70.805 0.000216876
70.855 0.000206678
70.905 0.00020108
70.955 0.000197879
71.005 0.000190933
71.055 0.000189662
71.105 0.000199871
71.155 0.000213651
71.205 0.000228592
71.255 0.000229781
71.305 0.000223737
71.355 0.000216049
71.405 0.000199185
71.455 0.000178161
71.505 0.000171207
71.555 0.00017072
71.605 0.000172619
71.655 0.000170962
71.705 0.000165067
71.755 0.000153653
71.805 0.000143561
71.855 0.000143688
71.905 0.000150393
71.955 0.000161854
72.005 0.00017798
72.055 0.000196893
72.105 0.000216669
72.155 0.000238219
72.205 0.000261097
72.255 0.000279682
72.305 0.000271747
72.355 0.00025722
72.405 0.000251728
72.455 0.000254917
72.505 0.000269268
72.555 0.000293511
72.605 0.000314595
72.655 0.000317669
72.705 0.000304506
72.755 0.000283848
72.805 0.000263467
72.855 0.000250488
72.905 0.000241886
72.955 0.000233999
73.005 0.000229421
73.055 0.000222255
73.105 0.000210952
73.155 0.000202092
73.205 0.000199029
73.255 0.000196052
73.305 0.000188447
73.355 0.000194049
73.405 0.000207643
73.455 0.000223122
73.505 0.000230828
73.555 0.000226795
73.605 0.000219803
73.655 0.000209275
73.705 0.000185459
73.755 0.000173007
73.805 0.000170601
73.855 0.00017219
73.905 0.000172192
73.955 0.000168479
74.005 0.000159142
74.055 0.000146881
74.105 0.000142942
74.155 0.000146662
74.205 0.000156356
74.255 0.000169536
74.305 0.000188544
74.355 0.000207705
74.405 0.000228453
74.455 0.000250884
74.505 0.000273743
74.555 0.000277435
74.605 0.000263244
74.655 0.000252521
74.705 0.000253614
74.755 0.000261021
74.805 0.000282016
74.855 0.00030768
74.905 0.000318452
74.955 0.000312565
75.005 0.000293529
75.055 0.000271889
75.105 0.000255099
75.155 0.000247351
75.205 0.000235721
75.255 0.000232196
75.305 0.000226143
75.355 0.000215609
75.405 0.00020565
75.455 0.000200649
75.505 0.000197771
75.555 0.000190023
75.605 0.00019034
75.655 0.000201475
75.705 0.000215135
75.755 0.000229447
75.805 0.000229286
75.855 0.000222891
75.905 0.000214901
75.955 0.000196003
76.005 0.000176779
76.055 0.00017097
76.105 0.000170961
76.155 0.000172628
76.205 0.000170593
76.255 0.000163976
76.305 0.000152209
76.355 0.000143403
76.405 0.000144119
76.455 0.000151512
76.505 0.00016336
76.555 0.000180196
76.605 0.000199073
76.655 0.000219035
76.705 0.000240782
76.755 0.000263717
76.805 0.000279974
76.855 0.000270024
76.905 0.000255944
76.955 0.000251977
77.005 0.000255645
77.055 0.000271643
77.105 0.000296546
77.155 0.000315705
77.205 0.000316962
77.255 0.000302439
77.305 0.000281328
77.355 0.000261526
77.405 0.000249639
77.455 0.000240197
77.505 0.000233792
77.555 0.000228929
77.605 0.000220764
77.655 0.000209813
77.705 0.000202025
77.755 0.000198674
77.805 0.000194583
77.855 0.000188522
77.905 0.000195232
77.955 0.000209218
78.005 0.000225045
78.055 0.000230724
78.105 0.000226049
78.155 0.000218976
78.205 0.000206962
78.255 0.000183273
78.305 0.000172389
78.355 0.000170607
78.405 0.000172363
78.455 0.000171944
78.505 0.000167725
78.555 0.000157769
78.605 0.000145649
78.655 0.000142996
78.705 0.000147521
78.755 0.000157716
78.805 0.00017121
78.855 0.000190683
78.905 0.000209982
78.955 0.000230937
79.005 0.000253511
79.055 0.000276177
79.105 0.000276183
79.155 0.000261602
79.205 0.000252052
79.255 0.000254179
79.305 0.000262958
79.355 0.000284901
79.405 0.000309862
79.455 0.000318561
79.505 0.00031073
79.555 0.000291066
79.605 0.000269591
79.655 0.000253725
79.705 0.000246641
79.755 0.000235033
79.805 0.000231486
79.855 0.000225254
79.905 0.000214376
79.955 0.000204658
80.005 0.000200211
80.055 0.000197783
80.105 0.000189321
80.155 0.000191142
80.205 0.000203068
80.255 0.000217219
80.305 0.000230178
80.355 0.000228721
80.405 0.000222022
80.455 0.000213702
80.505 0.00019299
80.555 0.000175576
80.605 0.000170802
80.655 0.00017141
80.705 0.000172592
80.755 0.000170174
80.805 0.000162819
80.855 0.000150781
80.905 0.000143222
80.955 0.000144644
81.005 0.000152687
81.055 0.000164902
81.105 0.000182369
81.155 0.000201269
81.205 0.000221426
81.255 0.000243364
81.305 0.000266324
81.355 0.000279737
81.405 0.000268259
81.455 0.000254822
81.505 0.000252417
81.555 0.000256664
81.605 0.000274155
81.655 0.000299561
81.705 0.00031656
81.755 0.000316073
81.805 0.000300262
81.855 0.000278834
81.905 0.000259701
81.955 0.000248927
82.005 0.000238731
82.055 0.000233515
82.105 0.000228333
82.155 0.000219363
82.205 0.000208701
82.255 0.000201782
82.305 0.000198359
82.355 0.000193172
82.405 0.00018877
82.455 0.00019676
82.505 0.000210777
82.555 0.000226536
82.605 0.000230494
82.655 0.000225273
82.705 0.000218038
82.755 0.000204599
82.805 0.000181305
82.855 0.000171887
82.905 0.000170636
82.955 0.000172493
83.005 0.00017163
83.055 0.000166883
83.105 0.00015636
83.155 0.000144501
83.205 0.000143144
83.255 0.000148455
83.305 0.000159117
83.355 0.000173527
83.405 0.000192829
83.455 0.000212281
83.505 0.000233444
83.555 0.000256141
83.605 0.000277836
83.655 0.000274757
83.705 0.000260004
83.755 0.000251763
83.805 0.000254418
83.855 0.000265088
83.905 0.000287844
83.955 0.00031176
84.005 0.000318442
84.055 0.000308551
84.105 0.000288574
84.155 0.000267379
84.205 0.00025247
84.255 0.000245522
84.305 0.000234486
84.355 0.000230637
84.405 0.000224316
84.455 0.000213169
84.505 0.000203706
84.555 0.000199784
84.605 0.000197309
84.655 0.000188827
84.705 0.000192056
84.755 0.000204658
84.805 0.000219324
84.855 0.000230629
84.905 0.000228098
84.955 0.000221131
85.005 0.000212569
85.055 0.000190175
85.105 0.000174543
85.155 0.000170692
85.205 0.000171745
85.255 0.000172506
85.305 0.000169668
85.355 0.000161598
85.405 0.000149382
85.455 0.000143066
85.505 0.000145263
85.555 0.000153916
85.605 0.000166479
85.655 0.000184521
85.705 0.000203485
85.755 0.000223843
85.805 0.000245959
85.855 0.000268912
85.905 0.000279182
85.955 0.000266485
86.005 0.000253862
86.055 0.000252746
86.105 0.00025795
86.155 0.000276786
86.205 0.000302566
86.255 0.000317487
86.305 0.000315014
86.355 0.000297998
86.405 0.00027638
86.455 0.000257994
86.505 0.000248297
86.555 0.00023749
86.605 0.000233165
86.655 0.000227647
86.705 0.000218024
86.755 0.000207616
86.805 0.000201438
86.855 0.000198087
86.905 0.000191904
86.955 0.000189177
87.005 0.000198437
87.055 0.000212316
87.105 0.000227734
87.155 0.000230158
87.205 0.000224469
87.255 0.000217014
87.305 0.000202117
87.355 0.000179549
87.405 0.000171489
87.455 0.00017068
87.505 0.000172582
87.555 0.000171246
87.605 0.000165958
87.655 0.000154927
87.705 0.000143611
87.755 0.000143389
87.805 0.000149457
87.855 0.000160556
87.905 0.00017596
87.955 0.000194986
88.005 0.000214604
88.055 0.000235971
88.105 0.000258769
88.155 0.000279057
88.205 0.000273192
88.255 0.000258456
88.305 0.000251658
88.355 0.000254529
88.405 0.000267296
88.455 0.000290833
88.505 0.000313381
88.555 0.000318115
88.605 0.000306253
88.655 0.000286067
88.705 0.000265259
88.755 0.000251331
88.805 0.000243533
88.855 0.000234129
88.905 0.000229754
88.955 0.000223335
89.005 0.000211987
89.055 0.000202794
89.105 0.000199374
89.155 0.00019665
89.205 0.000188536
89.255 0.000193072
89.305 0.000206244
89.355 0.000221368
89.405 0.000230808
89.455 0.000227425
89.505 0.000220411
89.555 0.000211241
89.605 0.000187575
89.655 0.000173666
89.705 0.00017063
89.755 0.000172009
89.805 0.000172367
89.855 0.000169076
89.905 0.000160317
89.955 0.000148029
90.005 0.000142966
90.055 0.00014597
90.105 0.000155194
90.155 0.000168091
90.205 0.000186663
90.255 0.000205721
90.305 0.000226283
90.355 0.000248568
90.405 0.000271479
90.455 0.00027835
90.505 0.000264734
90.555 0.000253068
90.605 0.000253152
90.655 0.000259479
90.705 0.00027952
90.755 0.000305395
90.805 0.000318129
90.855 0.000313786
90.905 0.000295658
90.955 0.000273975
91.005 0.000256408
91.055 0.000247739
91.105 0.000236462
91.155 0.000232707
91.205 0.000226882
91.255 0.000216732
91.305 0.000206563
91.355 0.000201036
91.405 0.000197858
91.455 0.000190816
91.505 0.000189732
91.555 0.000200058
91.605 0.000213827
91.655 0.000228702
91.705 0.000229731
91.755 0.000223641
91.805 0.000215917
91.855 0.000198811
91.905 0.000177993
91.955 0.000171181
92.005 0.000170734
92.055 0.000172628
92.105 0.000170923
92.155 0.000164944
92.205 0.000153483
92.255 0.000143543
92.305 0.000143733
92.355 0.000150523
92.405 0.000162033
92.455 0.000178248
92.505 0.000197154
92.555 0.00021695
92.605 0.000238517
92.655 0.000261392
92.705 0.000279716
92.755 0.000271528
92.805 0.000257049
92.855 0.00025174
92.905 0.00025498
92.955 0.00026953
93.005 0.000293852
93.055 0.00031473
93.105 0.00031759
93.155 0.000304271
93.205 0.000283558
93.255 0.00026324
93.305 0.000250384
93.355 0.000241676
93.405 0.000233973
93.455 0.000229369
93.505 0.000222084
93.555 0.000210828
93.605 0.0002021
93.655 0.000198991
93.705 0.000195908
93.755 0.000188446
93.805 0.00019418
93.855 0.000207825
93.905 0.000223349
93.955 0.000230826
94.005 0.00022671
94.055 0.000219712
94.105 0.000209011
94.155 0.000185193
94.205 0.000172931
94.255 0.000170606
94.305 0.000172219
94.355 0.000172171
94.405 0.000168399
94.455 0.000158985
94.505 0.000146735
94.555 0.000142945
94.605 0.000146761
94.655 0.000156517
94.705 0.000169737
94.755 0.000188801
94.805 0.000207978
94.855 0.000228745
94.905 0.000251185
94.955 0.000274019
95.005 0.000277279
95.055 0.000263031
95.105 0.000252446
95.155 0.000253674
95.205 0.000261231
95.255 0.00028234
95.305 0.00030794
95.355 0.000318474
95.405 0.000312398
95.455 0.000293256
95.505 0.000271631
95.555 0.000254941
95.605 0.000247285
95.655 0.00023563
95.705 0.00023212
95.755 0.000226048
95.805 0.000215474
95.855 0.000205543
95.905 0.000200607
95.955 0.000197775
96.005 0.000189929
96.055 0.000190422
96.105 0.000201656
96.155 0.000215303
96.205 0.00022954
96.255 0.000229226
96.305 0.000222792
96.355 0.000214763
96.405 0.000195642
96.455 0.00017663
96.505 0.00017095
96.555 0.000171025
96.605 0.00017263
96.655 0.000170552
96.705 0.000163847
96.755 0.000152043
96.805 0.000143382
96.855 0.000144176
96.905 0.000151649
96.955 0.000163545
97.005 0.000180458
97.055 0.000199335
97.105 0.000219317
97.155 0.00024108
97.205 0.000264007
97.255 0.000279941
97.305 0.000269799
97.355 0.000255792
97.405 0.000252012
97.455 0.000255744
97.505 0.00027192
97.555 0.00029689
97.605 0.000315816
97.655 0.000316876
97.705 0.000302208
97.755 0.000281059
97.805 0.000261326
97.855 0.000249559
97.905 0.000240016
97.955 0.000233762
98.005 0.000228867
98.055 0.000220606
98.105 0.000209694
98.155 0.000202012
98.205 0.000198643
98.255 0.000194418
98.305 0.000188541
98.355 0.00019537
98.405 0.000209396
98.455 0.000225262
98.505 0.000230705
98.555 0.000225962
98.605 0.000218873
98.655 0.00020669
98.705 0.000183034
98.755 0.000172326
98.805 0.000170612
98.855 0.000172383
98.905 0.000171914
98.955 0.000167634
99.005 0.000157609
99.055 0.000145513
99.105 0.00014301
99.155 0.000147629
99.205 0.000157882
99.255 0.000171416
99.305 0.00019094
99.355 0.000210255
99.405 0.000231229
99.455 0.000253809
99.505 0.000276362
99.555 0.000276006
99.605 0.000261401
99.655 0.000252002
99.705 0.000254248
99.755 0.00026319
99.805 0.000285231
99.855 0.000310094
99.905 0.000318566
99.955 0.000310504
100.005 0.000290806
100.055 0.000269357
100.105 0.000253592
100.155 0.000246558
100.205 0.000234963
100.255 0.000231396
100.305 0.000225156
100.355 0.000214248
100.405 0.000204559
100.455 0.000200173
100.505 0.000197794
100.555 0.000189251
100.605 0.000191237
100.655 0.000203247
100.705 0.00021746
100.755 0.000230254
100.805 0.000228654
100.855 0.000221921
100.905 0.000213562
100.955 0.000192652
101.005 0.000175447
101.055 0.000170787
101.105 0.000171455
101.155 0.000172586
101.205 0.000170123
101.255 0.000162684
101.305 0.00015062
101.355 0.000143204
101.405 0.000144714
101.455 0.000152831
101.505 0.00016509
101.555 0.000182626
101.605 0.000201532
101.655 0.000221708
101.705 0.00024366
101.755 0.000266611
101.805 0.000279672
101.855 0.000268039
101.905 0.000254694
101.955 0.00025247
102.005 0.000256796
102.055 0.000274446
102.105 0.000299889
102.155 0.000316647
102.205 0.000315979
102.255 0.000300035
102.305 0.00027858
102.355 0.000259522
102.405 0.000248865
102.455 0.00023858
102.505 0.00023348
102.555 0.000228264
102.605 0.000219215
102.655 0.000208586
102.705 0.000201758
102.755 0.000198334
102.805 0.000193022
102.855 0.000188808
102.905 0.000196956
102.955 0.000210953
103.005 0.000226687
103.055 0.000230463
103.105 0.000225185
103.155 0.000217928
103.205 0.000204327
103.255 0.000181092
103.305 0.000171836
103.355 0.000170639
103.405 0.000172505
103.455 0.00017159
103.505 0.000166784
103.555 0.000156199
103.605 0.000144377
103.655 0.000143169
103.705 0.000148569
103.755 0.000159286
103.805 0.000173827
103.855 0.000193084
103.905 0.000212552
103.955 0.000233733
104.005 0.000256436
104.055 0.000278003
104.105 0.000274569
104.155 0.00025981
104.205 0.000251738
104.255 0.000254406
104.305 0.000265338
104.355 0.000288179
104.405 0.000311961
104.455 0.000318428
104.505 0.000308318
104.555 0.000288318
104.605 0.000267158
104.655 0.000252355
104.705 0.000245302
104.755 0.000234434
104.805 0.000230536
104.855 0.000224214
104.905 0.000213045
104.955 0.000203612
105.005 0.000199746
105.055 0.000197245
105.105 0.000188782
105.155 0.000192165
105.205 0.000204837
105.255 0.000219558
105.305 0.00023066
105.355 0.000228026
105.405 0.000221031
105.455 0.000212439
105.505 0.000189865
105.555 0.000174433
105.605 0.000170681
105.655 0.000171777
105.705 0.000172493
105.755 0.000169607
105.805 0.000161457
105.855 0.000149228
105.905 0.000143054
105.955 0.000145343
106.005 0.000154065
106.055 0.000166669
106.105 0.000184773
106.155 0.000203745
106.205 0.000224122
106.255 0.000246254
106.305 0.0002692
106.355 0.000279094
106.405 0.000266279
106.455 0.00025376
106.505 0.000252782
106.555 0.000258111
106.605 0.000277089
106.655 0.000302896
106.705 0.000317583
106.755 0.000314902
106.805 0.000297764
106.855 0.000276132
106.905 0.00025783
106.955 0.000248245
107.005 0.000237366
107.055 0.000233125
107.105 0.000227571
107.155 0.000217882
107.205 0.000207505
107.255 0.000201405
107.305 0.000198066
107.355 0.000191774
107.405 0.000189234
107.455 0.000198624
107.505 0.000212489
107.555 0.000227852
107.605 0.000230118
107.655 0.000224382
107.705 0.000216896
107.755 0.000201739
107.805 0.00017936
107.855 0.000171446
107.905 0.000170683
107.955 0.000172586
108.005 0.000171208
108.055 0.000165848
108.105 0.000154765
108.155 0.000143612
108.205 0.000143425
108.255 0.000149577
108.305 0.000160727
108.355 0.000176232
108.405 0.000195236
108.455 0.000214871
108.505 0.000236258
108.555 0.000259064
108.605 0.000279144
108.655 0.000273005
108.705 0.00025829
108.755 0.00025166
108.805 0.000254559
108.855 0.000267538
108.905 0.000291172
108.955 0.000313549
109.005 0.000318077
109.055 0.00030602
109.105 0.000285807
109.155 0.000265047
109.205 0.000251229
109.255 0.000243324
109.305 0.000234121
109.355 0.000229721
109.405 0.000223229
109.455 0.000211863
109.505 0.000202703
109.555 0.000199338
109.605 0.00019658
109.655 0.000188522
109.705 0.000193197
109.755 0.000206426
109.805 0.000221598
109.855 0.000230821
109.905 0.00022735
109.955 0.000220346
