0.01 -0.00112279 -0.000292736 -0.000123912 0.00183721 -0.00245377 -0.00054362 0.00216572 -4.05484e-06 -0.000346805 -0.000184295 -3.67557e-05 2.16668e-05 2.16806e-05 -3.66896e-05 -0.000184136 -0.000346648 -4.48197e-06 0.00216335 -0.000545627 -0.00244747 0.00187309 -4.71066e-05 -0.000656384
0.06 -0.00579231 -0.0296936 0.00891287 0.080461 -0.125228 -0.00609779 0.13418 0.0349854 -0.00757469 -0.0183737 -0.0166085 -0.0133991 -0.0134203 -0.0166758 -0.0184336 -0.0075542 0.0350576 0.134314 -0.00605023 -0.125338 0.0803133 0.00834448 -0.0301383
0.11 -0.00974483 -0.0764804 0.0335131 0.221445 -0.304509 0.0292435 0.403837 0.133662 -0.00410013 -0.0579814 -0.0709398 -0.0716383 -0.0721321 -0.0724665 -0.0593326 -0.00375677 0.135127 0.406759 0.0307592 -0.305269 0.223091 0.034093 -0.0765553
0.16 -0.0313741 -0.127633 0.0590556 0.378579 -0.435587 0.0958718 0.708903 0.277091 0.0270615 -0.0972641 -0.151898 -0.176473 -0.179535 -0.161058 -0.104742 0.0309529 0.288435 0.729037 0.107089 -0.437132 0.392149 0.0670933 -0.12458
0.21 -0.0800795 -0.187791 0.0611135 0.504368 -0.500935 0.168011 0.974276 0.434825 0.088715 -0.115295 -0.235975 -0.313612 -0.323904 -0.266324 -0.136643 0.112209 0.487047 1.05596 0.214215 -0.497082 0.559483 0.0906284 -0.17658
0.26 -0.147854 -0.257255 0.0302919 0.559566 -0.521608 0.22388 1.15184 0.574518 0.171112 -0.102181 -0.302756 -0.465964 -0.490266 -0.374426 -0.143766 0.25062 0.732564 1.38352 0.356167 -0.492923 0.705099 0.0896193 -0.245308
0.31 -0.211272 -0.320855 -0.0176839 0.544844 -0.512113 0.262627 1.23541 0.677939 0.257143 -0.0658779 -0.345331 -0.613715 -0.662755 -0.489942 -0.145383 0.418793 1.00856 1.72529 0.548596 -0.428975 0.828667 0.0609844 -0.340994
0.36 -0.256246 -0.366599 -0.0638391 0.49206 -0.473346 0.298342 1.25559 0.749178 0.335888 -0.020122 -0.365514 -0.733443 -0.822776 -0.630465 -0.189784 0.544642 1.26448 2.08306 0.808517 -0.292191 0.955962 0.0243318 -0.456276
0.41 -0.282236 -0.393674 -0.0996538 0.429754 -0.413178 0.33676 1.24434 0.798467 0.403158 0.0257058 -0.366332 -0.807113 -0.948584 -0.791025 -0.299588 0.568677 1.44072 2.42752 1.12932 -0.068249 1.1245 0.0160698 -0.564195
0.46 -0.293808 -0.406136 -0.124414 0.37179 -0.345887 0.37508 1.22083 0.833189 0.457957 0.0662943 -0.353354 -0.834774 -1.02958 -0.945048 -0.452393 0.486561 1.50823 2.71539 1.47449 0.235057 1.3566 0.0680018 -0.632073
0.51 -0.295626 -0.408506 -0.140591 0.32189 -0.283629 0.409008 1.19496 0.859805 0.503144 0.100404 -0.333382 -0.830736 -1.07126 -1.07043 -0.61289 0.330645 1.477 2.92153 1.80225 0.589053 1.64854 0.190945 -0.638962
0.56 -0.29074 -0.404216 -0.15115 0.27881 -0.233965 0.435132 1.17126 0.88486 0.544713 0.130486 -0.311196 -0.812096 -1.08723 -1.15962 -0.757162 0.137316 1.37518 3.04543 2.08654 0.961873 1.98127 0.37668 -0.581326
0.61 -0.28059 -0.39536 -0.158581 0.239211 -0.201167 0.450543 1.15084 0.914565 0.5902 0.161573 -0.288323 -0.792416 -1.09182 -1.21585 -0.875564 -0.0671079 1.23071 3.10016 2.31872 1.32972 2.33359 0.608699 -0.467364
0.66 -0.26555 -0.382961 -0.164802 0.199005 -0.187967 0.452109 1.13259 0.954506 0.647661 0.200365 -0.263376 -0.780642 -1.09711 -1.24767 -0.968013 -0.267033 1.06495 3.10232 2.50088 1.67825 2.68816 0.870147 -0.309542
0.71 -0.245412 -0.367342 -0.171325 0.15398 -0.196674 0.436194 1.11412 1.00954 0.725105 0.254649 -0.232731 -0.78184 -1.1126 -1.26575 -1.03967 -0.454433 0.892717 3.06739 2.63996 1.99995 3.03222 1.14694 -0.120167
0.76 -0.219744 -0.348453 -0.179439 0.100085 -0.229589 0.398902 1.09249 1.08348 0.829833 0.332745 -0.191082 -0.797793 -1.14528 -1.28135 -1.09839 -0.626067 0.723913 3.00827 2.74424 2.29148 3.35661 1.42818 0.0902622
0.81 -0.188135 -0.326142 -0.190323 0.0336866 -0.288853 0.336642 1.06475 1.17847 0.967451 0.442859 -0.131746 -0.82691 -1.1993 -1.30551 -1.15359 -0.781929 0.564728 2.93501 2.82168 2.55192 3.65492 1.70573 0.313318
0.86 -0.15039 -0.300345 -0.205018 -0.0480351 -0.375941 0.246677 1.0279 1.29399 1.14073 0.592517 -0.0466426 -0.863621 -1.27526 -1.34864 -1.21575 -0.924655 0.418224 2.85484 2.87914 2.78186 3.92296 1.97382 0.542513
0.91 -0.106639 -0.271151 -0.224236 -0.146524 -0.491042 0.127282 0.978483 1.42571 1.34868 0.788387 0.0740678 -0.897646 -1.36949 -1.4202 -1.2965 -1.05938 0.284569 2.77223 2.92202 2.98295 4.15849 2.22874 0.773174
0.96 -0.0573492 -0.238751 -0.248054 -0.261238 -0.632611 -0.0226123 0.911598 1.56472 1.58612 1.03658 0.24255 -0.913535 -1.47342 -1.52866 -1.40885 -1.19366 0.16132 2.68891 2.95393 3.15739 4.36089 2.46863 1.00237
1.01 -0.0032485 -0.203282 -0.275612 -0.389209 -0.797248 -0.204199 0.81996 1.69712 1.84399 1.34328 0.473722 -0.890796 -1.57344 -1.68123 -1.56747 -1.33719 0.043936 2.60415 2.97663 3.30744 4.53061 2.69316 1.22877
1.06 0.0548028 -0.164626 -0.30491 -0.525028 -0.98006 -0.419706 0.693344 1.8049 2.11066 1.7153 0.785101 -0.805045 -1.65155 -1.88492 -1.79271 -1.49507 -0.0674804 2.51174 2.98858 3.43458 4.6686 2.90304 1.45223
1.11 0.115919 -0.122268 -0.332888 -0.661494 -1.17544 -0.67273 0.519635 1.86915 2.37484 2.16003 1.19399 -0.635021 -1.6964 -2.15537 -2.07567 -1.65488 -0.189639 2.40118 2.98637 3.53966 4.77576 3.09918 1.67301
1.16 0.179489 -0.0748735 -0.355472 -0.790791 -1.37801 -0.967495 0.287304 1.87396 2.62603 2.67849 1.7064 -0.374382 -1.70821 -2.41815 -2.37782 -1.90271 -0.365567 2.28885 2.97958 3.62755 4.85304 3.28187 1.8911
1.21 0.245132 -0.0204852 -0.368293 -0.906815 -1.58443 -1.30769 -0.0120863 1.80933 2.85473 3.26438 2.32627 -0.00200551 -1.64091 -2.68589 -2.74489 -2.22467 -0.595283 2.16033 2.97802 3.70164 4.89956 3.44999 2.10593
1.26 0.312915 0.0430065 -0.368533 -1.0087 -1.79477 -1.69123 -0.373909 1.6822 3.05924 3.90057 3.03837 0.47528 -1.48937 -2.96045 -3.17416 -2.5943 -0.868576 2.00942 2.98417 3.76386 4.9138 3.60013 2.31361
1.31 0.382771 0.116302 -0.356815 -1.10195 -2.01133 -2.10569 -0.775934 1.51713 3.24332 4.55485 3.80341 1.0257 -1.27109 -3.23708 -3.64734 -2.98306 -1.15993 1.8436 3.00063 3.81459 4.89273 3.72736 2.50875
1.36 0.453751 0.197011 -0.33845 -1.19735 -2.23744 -2.53012 -1.18251 1.35137 3.41881 5.19266 4.57011 1.60041 -1.02649 -3.5477 -4.17179 -3.28478 -1.37564 1.60266 2.98431 3.87755 4.84485 3.83235 2.68807
1.41 0.525889 0.281308 -0.324257 -1.30209 -2.47008 -2.95008 -1.5633 1.21867 3.60204 5.7903 5.29098 2.14549 -0.810514 -3.94536 -4.62236 -3.43934 -1.57085 1.29052 2.92818 3.96234 4.78082 3.917 2.84863
1.46 0.600846 0.361537 -0.335301 -1.41005 -2.68365 -3.36489 -1.90401 1.13677 3.80133 6.32846 5.91979 2.59684 -0.702556 -4.23629 -4.92492 -3.59503 -1.77101 0.978913 2.79639 4.01135 4.74457 4.00265 2.99731
1.51 0.67149 0.440195 -0.34608 -1.53298 -2.90279 -3.75552 -2.20058 1.10397 4.01162 6.79906 6.44806 2.95987 -0.666402 -4.42893 -5.10601 -3.74679 -1.97685 0.67724 2.62302 4.03152 4.7347 4.08311 3.1301
1.56 0.745022 0.523048 -0.369918 -1.71428 -3.08614 -4.06196 -2.49077 1.10213 4.22696 7.20014 6.88069 3.25343 -0.674762 -4.5538 -5.18967 -3.87829 -2.18899 0.365172 2.44408 4.03376 4.71931 4.18409 3.25969
1.61 0.820065 0.611102 -0.395344 -1.93291 -3.30656 -4.27497 -2.69082 1.09146 4.42231 7.53513 7.23419 3.49574 -0.701301 -4.62984 -5.20097 -3.98456 -2.39401 0.0681796 2.23661 3.99228 4.68378 4.29985 3.4263
1.66 0.888043 0.689678 -0.408754 -2.13028 -3.56131 -4.47217 -2.82962 1.08221 4.59131 7.81385 7.52916 3.70888 -0.708316 -4.66374 -5.16317 -4.06542 -2.5963 -0.226927 1.97139 3.90747 4.68943 4.41622 3.58259
1.71 0.933957 0.744491 -0.385405 -2.23569 -3.79252 -4.7469 -3.01348 1.08419 4.73574 8.04921 7.79025 3.92869 -0.643451 -4.65699 -5.11025 -4.13291 -2.80484 -0.518976 1.7106 3.74194 4.60201 4.56104 3.80764
1.76 0.954692 0.778659 -0.317946 -2.22443 -3.97778 -5.12194 -3.26587 1.08986 4.84161 8.23116 8.02494 4.19424 -0.449145 -4.61346 -5.08003 -4.19283 -3.02163 -0.815231 1.44556 3.54233 4.45185 4.6422 4.03246
1.81 0.955315 0.794187 -0.22262 -2.09675 -4.08149 -5.57717 -3.61993 1.06808 4.90008 8.35229 8.24188 4.54434 -0.0739237 -4.53776 -5.10512 -4.24775 -3.246 -1.11991 1.16542 3.30974 4.25463 4.66357 4.22705
1.86 0.944877 0.807446 -0.117622 -1.95632 -4.11389 -5.99053 -4.04691 0.964013 4.88839 8.41047 8.45168 4.99911 0.495538 -4.44092 -5.20264 -4.29506 -3.47243 -1.43026 0.870685 3.04967 4.01866 4.62743 4.3741
1.91 0.937414 0.832757 -0.0287884 -1.87617 -4.16881 -6.28222 -4.39252 0.754365 4.79015 8.4013 8.64824 5.53988 1.21978 -4.33714 -5.36925 -4.32786 -3.68986 -1.73572 0.57195 2.77488 3.75593 4.54016 4.4634
1.96 0.933321 0.861874 0.0463262 -1.82349 -4.22076 -6.49261 -4.69877 0.476017 4.63362 8.34916 8.83052 6.11213 1.98586 -4.14563 -5.52524 -4.39811 -3.91511 -2.03991 0.271752 2.49183 3.47386 4.40857 4.49462
2.01 0.929251 0.905056 0.128017 -1.76102 -4.2687 -6.65467 -4.99493 0.134111 4.4262 8.26382 8.9816 6.63589 2.65171 -3.6385 -5.46981 -4.62995 -4.20501 -2.37435 -0.0448733 2.19616 3.17382 4.23733 4.4716
2.06 0.923102 0.972437 0.227264 -1.68932 -4.31943 -6.78104 -5.2821 -0.246704 4.18809 8.1558 9.09979 7.10781 3.2704 -3.03214 -5.29674 -4.86515 -4.49892 -2.71768 -0.371396 1.89124 2.86127 4.03513 4.39961
2.11 0.923003 1.08302 0.365351 -1.61944 -4.38524 -6.87954 -5.55641 -0.645315 3.94116 8.04443 9.19567 7.52051 3.83165 -2.43689 -5.0629 -5.04056 -4.76564 -3.04975 -0.695386 1.5846 2.54178 3.8091 4.28589
2.16 0.949723 1.25543 0.56057 -1.5542 -4.47552 -6.95746 -5.81809 -1.05065 3.69842 7.94098 9.27751 7.8732 4.32463 -1.89566 -4.79697 -5.14302 -4.99372 -3.35994 -1.00857 1.28212 2.22002 3.5653 4.13807
2.21 1.02184 1.49296 0.812363 -1.4915 -4.58393 -7.01583 -6.07003 -1.46298 3.4621 7.84611 9.34875 8.17299 4.75094 -1.41934 -4.51544 -5.17846 -5.18155 -3.64415 -1.30693 0.986998 1.89895 3.30832 3.96293
2.26 1.14217 1.77996 1.10227 -1.42236 -4.68529 -7.04366 -6.3181 -1.9001 3.2199 7.74709 9.40607 8.4338 5.12573 -0.999328 -4.22664 -5.16022 -5.33308 -3.90285 -1.58981 0.700135 1.58006 3.04141 3.76605
2.31 1.29866 2.09105 1.40687 -1.32309 -4.73199 -7.0104 -6.57874 -2.41432 2.93979 7.61286 9.43714 8.6778 5.4804 -0.610623 -3.93001 -5.10275 -5.4558 -4.14089 -1.86054 0.419405 1.26269 2.76595 3.55136
2.36 1.48008 2.40744 1.7077 -1.20809 -4.76004 -6.99048 -6.71398 -2.85604 2.49242 7.36454 9.40752 8.92532 5.85233 -0.222817 -3.62125 -5.01866 -5.5573 -4.36373 -2.12247 0.143565 0.947395 2.48423 3.32263
2.41 1.67572 2.71602 1.99325 -1.0865 -4.77294 -6.96951 -6.65075 -3.21444 1.82087 6.9656 9.28962 9.17939 6.26449 0.197964 -3.2836 -4.91027 -5.64135 -4.57886 -2.38349 -0.132729 0.631619 2.19626 3.08235
2.46 1.86948 2.99995 2.25143 -0.937517 -4.72102 -6.89217 -6.4122 -3.6138 0.935381 6.4682 9.09686 9.42844 6.71112 0.675691 -2.8875 -4.75975 -5.70106 -4.79315 -2.65651 -0.420889 0.306866 1.8965 2.82847
2.51 2.04871 3.2456 2.47273 -0.759326 -4.58498 -6.74382 -6.10607 -4.08027 0.024575 5.92442 8.84334 9.63871 7.15121 1.19416 -2.42343 -4.53836 -5.7154 -5.0047 -2.94777 -0.725282 -0.0294354 1.58359 2.56044
2.56 2.21613 3.4507 2.64542 -0.610086 -4.47166 -6.67169 -6.07816 -4.09715 -0.360158 5.24037 8.48008 9.74167 7.50728 1.66559 -1.95463 -4.23859 -5.65613 -5.19817 -3.24451 -1.02634 -0.356044 1.27811 2.29397
2.61 2.36616 3.6196 2.77941 -0.475099 -4.34945 -6.59146 -6.12162 -4.05037 -0.611335 4.59041 8.09338 9.76671 7.78727 2.08377 -1.49742 -3.85299 -5.50131 -5.37667 -3.56164 -1.33439 -0.678672 0.978797 2.03224
2.66 2.49315 3.7565 2.88915 -0.324229 -4.17907 -6.46262 -6.14047 -4.13045 -0.903334 4.04488 7.71813 9.73639 8.01676 2.49549 -1.06117 -3.41793 -5.2334 -5.532 -3.90318 -1.66099 -1.0104 0.673976 1.7676
2.71 2.59821 3.86546 2.97985 -0.159999 -3.97309 -6.30621 -6.13765 -4.29334 -1.21197 3.58433 7.34821 9.65401 8.22154 2.98143 -0.69958 -3.0534 -4.84089 -5.63489 -4.244 -1.99851 -1.35332 0.357631 1.49368
2.76 2.68427 3.95246 3.05791 0.0143692 -3.74705 -6.14265 -6.12118 -4.48179 -1.52527 3.15889 6.97551 9.52174 8.41157 3.5572 -0.356843 -2.753 -4.39691 -5.6935 -4.56529 -2.33285 -1.70022 0.0317145 1.20896
2.81 2.7547 4.02282 3.12806 0.195028 -3.51315 -5.98416 -6.09766 -4.66531 -1.82956 2.74982 6.59127 9.3425 8.58141 4.20074 0.0237427 -2.48959 -3.96659 -5.7214 -4.85609 -2.65372 -2.04398 -0.299396 0.915139
2.86 2.81281 4.08284 3.19788 0.385967 -3.27438 -5.83679 -6.07592 -4.83864 -2.11413 2.35319 6.19009 9.12061 8.704 4.81859 0.568065 -2.15198 -3.63863 -5.74635 -5.11797 -2.95697 -2.38006 -0.632378 0.613653
2.91 2.86198 4.1349 3.26689 0.578817 -3.0411 -5.70442 -6.05827 -4.99708 -2.36481 1.97886 5.77938 8.87255 8.7812 5.38796 1.1963 -1.77896 -3.37922 -5.75826 -5.34427 -3.23748 -2.70168 -0.958109 0.313229
2.96 2.90438 4.17942 3.33177 0.763346 -2.82272 -5.58808 -6.04327 -5.13466 -2.58091 1.6332 5.37898 8.62196 8.82372 5.88605 1.8239 -1.40376 -3.15582 -5.74943 -5.53072 -3.49193 -3.00442 -1.26949 0.0219164
3.01 2.94129 4.21663 3.3901 0.93296 -2.6249 -5.48808 -6.03108 -5.25177 -2.76308 1.3229 5.00384 8.38575 8.843 6.30277 2.40085 -1.04925 -2.95175 -5.71352 -5.67527 -3.72163 -3.28888 -1.56337 -0.254948
3.06 2.97344 4.24703 3.44098 1.08498 -2.44969 -5.40397 -6.02249 -5.35147 -2.91485 1.05042 4.66263 8.173 8.84906 6.64193 2.9096 -0.739395 -2.76667 -5.63631 -5.77249 -3.93197 -3.56178 -1.84129 -0.515242
3.11 3.00131 4.27096 3.48379 1.21787 -2.29797 -5.33505 -6.01791 -5.43683 -3.04016 0.816228 4.35977 7.98719 8.85008 6.91824 3.3665 -0.522941 -2.63423 -5.4809 -5.80435 -4.129 -3.83541 -2.10954 -0.760248
3.16 3.02485 4.28952 3.52052 1.33557 -2.16564 -5.27911 -6.01832 -5.51286 -3.14654 0.614528 4.0937 7.82799 8.85081 7.141 3.77801 -0.378112 -2.58649 -5.22804 -5.75526 -4.319 -4.12273 -2.37631 -0.993943
3.21 3.04394 4.30526 3.55719 1.44887 -2.0432 -5.23221 -6.02463 -5.5857 -3.24486 0.433696 3.85701 7.68904 8.84717 7.30677 4.13338 -0.234338 -2.55246 -4.91722 -5.63147 -4.51093 -4.4337 -2.65149 -1.2247
3.26 3.05893 4.32235 3.60375 1.5745 -1.91681 -5.18853 -6.03659 -5.66091 -3.34741 0.256292 3.63344 7.5533 8.821 7.3975 4.4091 0.0838401 -2.4157 -4.67158 -5.45274 -4.7038 -4.76497 -2.94222 -1.46446
3.31 3.07234 4.34076 3.65713 1.7049 -1.79297 -5.14866 -6.05033 -5.73275 -3.4479 0.0859282 3.41785 7.40873 8.76407 7.43128 4.66611 0.59984 -2.30835 -4.57782 -5.17392 -4.85226 -5.08684 -3.24264 -1.71879
3.36 3.08604 4.35759 3.70721 1.82265 -1.68441 -5.11513 -6.06257 -5.79405 -3.5363 -0.0673444 3.21332 7.25595 8.68475 7.43648 4.93587 1.27468 -2.32678 -4.69766 -4.78035 -4.91803 -5.3614 -3.53314 -1.9806
3.41 3.09729 4.37553 3.76461 1.95062 -1.5687 -5.07769 -6.07345 -5.85348 -3.63794 -0.237949 3.00346 7.09868 8.60276 7.42986 5.15454 1.83194 -2.09512 -4.63966 -4.57231 -5.00355 -5.59253 -3.79879 -2.23513
3.46 3.10588 4.39756 3.83777 2.1045 -1.43225 -5.02885 -6.077 -5.90569 -3.77173 -0.445377 2.77961 6.91131 8.49822 7.4158 5.3365 2.299 -1.60915 -4.42854 -4.55144 -5.10102 -5.7718 -4.04041 -2.48368
3.51 3.1128 4.42298 3.92276 2.2829 -1.2709 -4.96168 -6.06297 -5.93633 -3.93959 -0.683003 2.53445 6.63133 8.33649 7.42577 5.5444 2.74784 -1.00532 -4.20287 -4.65305 -5.16521 -5.87409 -4.2501 -2.72505
3.56 3.11796 4.44892 4.00999 2.48614 -1.07183 -4.86381 -6.01976 -5.93601 -4.11704 -0.954119 2.23751 6.19492 8.06966 7.49003 5.84006 3.22727 -0.305726 -4.03343 -4.8923 -5.16415 -5.87765 -4.42192 -2.96112
3.61 3.12004 4.46622 4.0736 2.71406 -0.806286 -4.70974 -5.92799 -5.90721 -4.2882 -1.30264 1.88424 5.67638 7.67876 7.58759 6.22029 3.73014 0.394046 -3.74898 -5.15594 -5.22989 -5.79545 -4.55393 -3.19
3.66 3.11477 4.45226 4.06337 2.97617 -0.426727 -4.46879 -5.77139 -5.88634 -4.50981 -1.79459 1.60052 5.27551 7.14953 7.63385 6.59722 4.19724 1.00805 -3.05481 -5.27221 -5.58324 -5.65572 -4.64107 -3.39739
3.71 3.09332 4.40085 4.02077 3.21441 -0.0258902 -4.07511 -5.5258 -5.89647 -4.79316 -2.34462 1.33071 4.92972 6.59016 7.62178 6.92823 4.62313 1.57165 -2.31854 -5.09431 -5.85169 -5.65315 -4.76082 -3.59341
3.76 3.0724 4.38398 4.13092 3.22547 0.21631 -3.43208 -5.13859 -5.89748 -5.08669 -2.84635 0.867079 4.43591 6.13126 7.59756 7.21417 5.00393 2.08376 -1.61777 -4.5416 -5.9383 -5.89945 -4.91899 -3.76428
3.81 3.04556 4.33934 4.22024 3.20977 0.477774 -2.72222 -4.66399 -5.8711 -5.37786 -3.33219 0.318095 3.89575 5.70744 7.53096 7.43577 5.33866 2.56959 -0.905387 -3.79615 -5.8627 -6.24443 -5.15478 -3.93491
3.86 2.99266 4.23694 4.24432 3.27865 0.782135 -2.07125 -4.14707 -5.80615 -5.6437 -3.79084 -0.256192 3.33664 5.29382 7.42618 7.60086 5.63361 3.02413 -0.231767 -3.09042 -5.51986 -6.37224 -5.56412 -4.26148
3.91 2.91043 4.09547 4.23611 3.44419 1.07533 -1.52642 -3.61072 -5.70152 -5.86872 -4.20948 -0.817297 2.77723 4.8831 7.2921 7.717 5.88951 3.44019 0.382533 -2.478 -5.07467 -6.18554 -5.8788 -4.75381
3.96 2.80975 3.94338 4.22171 3.66525 1.32598 -1.06149 -3.08355 -5.57021 -6.04855 -4.5794 -1.33897 2.23588 4.47588 7.1343 7.78638 6.10178 3.81244 0.942487 -1.91912 -4.60906 -5.87346 -6.00771 -5.17748
4.01 2.70249 3.79631 4.20416 3.88937 1.56807 -0.641813 -2.59298 -5.42912 -6.18853 -4.90108 -1.81195 1.71989 4.07256 6.95876 7.81527 6.27225 4.14087 1.45089 -1.40103 -4.13803 -5.49149 -5.99763 -5.48226
4.06 2.59663 3.66229 4.18638 4.09469 1.80963 -0.250085 -2.14602 -5.28905 -6.29592 -5.17813 -2.23406 1.23317 3.67507 6.77111 7.81043 6.40456 4.42742 1.91089 -0.918597 -3.67206 -5.07119 -5.8824 -5.66127
4.11 2.49736 3.54562 4.17213 4.27651 2.0442 0.121318 -1.73936 -5.15621 -6.37777 -5.41528 -2.60699 0.777892 3.28629 6.57597 7.77816 6.5032 4.67501 2.32535 -0.470185 -3.21883 -4.63202 -5.68813 -5.72478
4.16 2.40801 3.44817 4.16447 4.43676 2.26481 0.474158 -1.36665 -5.0335 -6.43985 -5.61703 -2.93514 0.354527 2.90877 6.3749 7.72306 6.57391 4.8883 2.69745 -0.0554764 -2.78406 -4.1868 -5.43535 -5.68942
4.21 2.33001 3.3699 4.16511 4.57929 2.46888 0.810738 -1.02095 -4.92114 -6.4859 -5.78593 -3.22631 -0.0384295 2.54221 6.15805 7.64377 6.62665 5.07807 3.03267 0.325939 -2.37223 -3.7448 -5.14076 -5.57337
4.26 2.2622 3.30872 4.1744 4.70864 2.65907 1.13921 -0.691234 -4.81615 -6.51722 -5.92258 -3.50089 -0.390273 2.1951 5.87385 7.51653 6.68181 5.27301 3.34422 0.676403 -1.98762 -3.3146 -4.81951 -5.39492
4.31 2.20242 3.26146 4.19133 4.82844 2.83936 1.47055 -0.364778 -4.71624 -6.53836 -6.03603 -3.80352 -0.640141 1.93891 5.41286 7.27546 6.75875 5.51877 3.65798 1.00622 -1.63044 -2.903 -4.48566 -5.17248
4.36 2.14544 3.22291 4.21367 4.94175 3.01526 1.81738 -0.0263999 -4.61148 -6.53439 -6.09408 -4.06898 -0.925885 1.6321 4.84982 6.9034 6.85394 5.83624 4.0063 1.34863 -1.27393 -2.4937 -4.13529 -4.91438
4.41 2.09571 3.19348 4.23893 5.04514 3.17437 2.16182 0.324355 -4.4925 -6.49079 -6.09116 -4.2998 -1.376 1.3541 4.40223 6.37794 6.8945 6.17222 4.38293 1.71881 -0.897501 -2.07138 -3.76266 -4.62328
4.46 2.06077 3.17618 4.2671 5.13815 3.31679 2.47471 0.654966 -4.35901 -6.42102 -6.06167 -4.52257 -1.94306 1.1972 4.14368 5.75239 6.84168 6.45922 4.74348 2.09042 -0.514557 -1.64356 -3.37567 -4.30701
4.51 2.03379 3.16616 4.29749 5.22571 3.45665 2.77107 0.965973 -4.2159 -6.33765 -6.01245 -4.68629 -2.42253 0.904432 3.77987 5.22957 6.76856 6.70017 5.07648 2.45271 -0.130408 -1.2104 -2.97332 -3.967
4.56 2.01486 3.16351 4.33049 5.30841 3.58941 3.0498 1.26172 -4.0684 -6.24236 -5.94765 -4.80029 -2.82296 0.505077 3.36568 4.79761 6.67677 6.89184 5.37567 2.79699 0.246239 -0.77941 -2.56245 -3.60893
4.61 2.00708 3.17037 4.36744 5.38673 3.71168 3.30297 1.53491 -3.92228 -6.14296 -5.88052 -4.88682 -3.16649 0.0875992 2.96183 4.42322 6.56625 7.03356 5.63401 3.11243 0.603552 -0.361841 -2.15425 -3.24297
4.66 2.01132 3.18757 4.40935 5.46178 3.82542 3.52479 1.77858 -3.77681 -6.04364 -5.82045 -4.95984 -3.46181 -0.309727 2.58753 4.09274 6.44478 7.1327 5.852 3.39482 0.934992 0.0350781 -1.75685 -2.87766
4.71 2.02584 3.21414 4.45657 5.53547 3.94384 3.69743 1.97687 -3.60151 -5.93224 -5.77643 -5.03691 -3.72086 -0.67239 2.25067 3.79966 6.31949 7.19846 6.03445 3.64489 1.23821 0.40737 -1.37572 -2.51961
4.76 2.04229 3.2466 4.51714 5.63503 4.16495 3.68965 1.98663 -3.24337 -5.73747 -5.75748 -5.15366 -3.96539 -1.00011 1.95962 3.54671 6.19556 7.23893 6.18783 3.86535 1.51167 0.751118 -1.01648 -2.17536
4.81 2.06299 3.29252 4.59107 5.72651 4.35201 3.56375 2.02931 -2.64952 -5.42044 -5.78864 -5.35936 -4.23362 -1.32379 1.69412 3.31564 6.06098 7.25763 6.33027 4.07835 1.77235 1.07816 -0.671618 -1.84215
4.86 2.09472 3.34711 4.65312 5.75919 4.41786 3.43486 2.24014 -1.89389 -4.99199 -5.85434 -5.65049 -4.54457 -1.67765 1.44055 3.08253 5.873 7.24048 6.48163 4.31339 2.0405 1.40136 -0.332825 -1.51529
4.91 2.13992 3.39583 4.68337 5.73891 4.44915 3.50733 2.34129 -1.36047 -4.39834 -5.85551 -5.94807 -4.87459 -2.08485 1.26761 2.91435 5.54831 7.13834 6.64554 4.58914 2.32046 1.71562 -0.00994477 -1.20439
4.96 2.18441 3.43107 4.69161 5.70022 4.48086 3.69469 2.37769 -0.980093 -3.77605 -5.8037 -6.20453 -5.17553 -2.51094 1.14222 2.84468 5.07395 6.91742 6.81737 4.91695 2.61891 2.02211 0.293057 -0.91655
5.01 2.21865 3.45008 4.68243 5.65199 4.50045 3.89916 2.48338 -0.627378 -3.22775 -5.72525 -6.39552 -5.39395 -2.87436 0.869485 2.68795 4.61574 6.60251 6.98504 5.29003 2.94927 2.34277 0.598577 -0.635208
5.06 2.24159 3.45452 4.66094 5.60205 4.51306 4.09892 2.64744 -0.295084 -2.75295 -5.60907 -6.49779 -5.51801 -3.1966 0.296558 2.50329 4.3579 6.18266 7.09816 5.66312 3.30123 2.6851 0.921025 -0.345244
5.11 2.26079 3.45213 4.63405 5.55418 4.51864 4.27962 2.83524 0.00984021 -2.33789 -5.46481 -6.53421 -5.59192 -3.52412 -0.446889 2.3888 4.29612 5.68745 7.13213 5.98811 3.64086 3.02901 1.2494 -0.0506421
5.16 2.27287 3.44177 4.60335 5.51275 4.52602 4.44613 3.03657 0.298914 -1.96817 -5.3121 -6.53511 -5.63871 -3.81802 -1.15381 2.18548 4.21973 5.25595 7.13708 6.26465 3.95393 3.35986 1.57239 0.242109
5.21 2.27504 3.42284 4.57023 5.48026 4.54059 4.60337 3.2441 0.579869 -1.63178 -5.16129 -6.51562 -5.66429 -4.04624 -1.71639 1.77699 3.99298 4.96895 7.14612 6.50335 4.24358 3.6789 1.89108 0.534822
5.26 2.26999 3.39897 4.53788 5.45692 4.56123 4.75008 3.4475 0.851335 -1.31926 -5.01252 -6.47863 -5.67613 -4.23193 -2.18773 1.28275 3.70263 4.75604 7.13597 6.69901 4.51251 3.98643 2.19981 0.820028
5.31 2.26222 3.37454 4.50913 5.44219 4.58582 4.88459 3.63853 1.10809 -1.02798 -4.87 -6.43334 -5.68478 -4.3912 -2.58765 0.781346 3.40927 4.57994 7.08038 6.84111 4.76553 4.28876 2.49772 1.09271
5.36 2.25407 3.35185 4.48534 5.43547 4.61366 5.00748 3.81486 1.34802 -0.757127 -4.73692 -6.38628 -5.69528 -4.5316 -2.92648 0.280393 3.16822 4.45696 6.93646 6.90809 5.01157 4.60112 2.79085 1.35239
5.41 2.24952 3.33429 4.46835 5.43595 4.64294 5.11705 3.97392 1.56077 -0.51288 -4.61402 -6.3378 -5.70739 -4.66268 -3.23615 -0.292677 3.12475 4.52574 6.60744 6.84516 5.24567 4.93742 3.09028 1.60478
5.46 2.24314 3.31594 4.45285 5.44091 4.67574 5.21635 4.12653 1.76339 -0.272551 -4.49024 -6.29363 -5.73981 -4.79435 -3.4838 -0.794025 3.03432 4.62377 6.24296 6.6928 5.47014 5.29215 3.39688 1.85566
5.51 2.21846 3.27867 4.42282 5.44233 4.71872 5.32173 4.32958 1.96189 -0.0766046 -4.28154 -6.21033 -5.78979 -4.92073 -3.63216 -1.12247 2.55454 4.49129 6.09529 6.51445 5.69497 5.66032 3.71961 2.12108
5.56 2.16944 3.20781 4.36237 5.43154 4.78235 5.44659 4.61234 2.06629 0.000375931 -3.8513 -5.99183 -5.84744 -5.0852 -3.77526 -1.46169 1.838 4.42486 6.15642 6.22353 5.85245 6.00081 4.04874 2.40443
5.61 2.09576 3.08832 4.25057 5.38935 4.86033 5.55773 4.8674 2.18524 0.13485 -3.26865 -5.62053 -5.91337 -5.32315 -3.97899 -1.87372 0.97532 4.47649 6.41449 5.82446 5.91573 6.27972 4.36964 2.70394
5.66 2.0043 2.89932 4.04303 5.26418 4.9352 5.67201 5.11985 2.49443 0.278078 -2.75613 -5.0974 -5.9536 -5.6134 -4.2273 -2.23806 0.351971 4.06679 6.30195 5.7577 6.03908 6.51078 4.66861 3.00529
5.71 1.92587 2.66494 3.73443 5.02272 4.99354 5.81565 5.39747 2.95788 0.401804 -2.40091 -4.48801 -5.91693 -5.86684 -4.47242 -2.58141 -0.19431 3.39618 6.02716 5.85925 6.15126 6.66837 4.94343 3.30807
5.76 1.8798 2.45893 3.37914 4.66761 5.0106 5.9665 5.65629 3.41869 0.651597 -2.02186 -3.93343 -5.83818 -6.06712 -4.70079 -2.91661 -0.72253 2.59752 5.72194 6.06384 6.20051 6.71958 5.18184 3.60908
5.81 1.85529 2.31746 3.0331 4.23591 4.96761 6.10013 5.88733 3.85048 0.982854 -1.62926 -3.4452 -5.72837 -6.21411 -4.90744 -3.23852 -1.22383 1.78337 5.38669 6.32904 6.23489 6.64773 5.36644 3.89801
5.86 1.83427 2.20824 2.70632 3.78282 4.87086 6.20811 6.09626 4.25345 1.3629 -1.22625 -3.01033 -5.60556 -6.32512 -5.09584 -3.52823 -1.63989 1.1214 4.72452 6.47915 6.52301 6.49744 5.48252 4.15001
5.91 1.80884 2.05403 2.38482 3.3597 4.73868 6.29031 6.28651 4.62865 1.76683 -0.810407 -2.60865 -5.47523 -6.4057 -5.26428 -3.78647 -1.98578 0.587442 3.99228 6.31113 6.80546 6.50401 5.60404 4.36176
5.96 1.75944 1.85807 2.07308 2.96711 4.58393 6.34943 6.45963 4.97599 2.1746 -0.381281 -2.22193 -5.33826 -6.45802 -5.40929 -4.01331 -2.27819 0.140626 3.31419 5.75548 6.9509 6.81183 5.75303 4.5102
6.01 1.68043 1.63322 1.77347 2.60283 4.4197 6.38899 6.61327 5.29052 2.56528 0.0486153 -1.84478 -5.1958 -6.4825 -5.52624 -4.209 -2.5341 -0.256371 2.68181 5.11451 6.89093 7.12208 6.03134 4.72552
6.06 1.57358 1.39183 1.48175 2.25727 4.25409 6.41339 6.74923 5.5739 2.93181 0.479114 -1.46655 -5.04686 -6.48482 -5.62343 -4.38558 -2.76911 -0.61455 2.12159 4.55824 6.598 7.16687 6.43228 5.12036
6.11 1.4444 1.14386 1.19371 1.92118 4.0929 6.42686 6.86888 5.82658 3.26814 0.907492 -1.07817 -4.88659 -6.46597 -5.70664 -4.54953 -2.98931 -0.943922 1.61926 4.07558 6.26189 7.01506 6.68347 5.56025
6.16 1.30248 0.900779 0.890278 1.58968 3.93711 6.43189 6.97349 6.04609 3.56133 1.3354 -0.639091 -4.68666 -6.41404 -5.79042 -4.71902 -3.20217 -1.24991 1.16268 3.63437 5.90573 6.77197 6.80373 5.93184
6.21 1.15575 0.665912 0.564001 1.2536 3.78328 6.42868 7.06749 6.24802 3.86543 1.67451 -0.260658 -4.30207 -6.25646 -5.8907 -4.93537 -3.42948 -1.54303 0.743723 3.22532 5.54529 6.4789 6.82078 6.20816
6.26 1.00821 0.43728 0.217218 0.897643 3.62677 6.42026 7.15995 6.44624 4.22241 1.841 -0.0161195 -3.64411 -5.92878 -5.99918 -5.22037 -3.69211 -1.84168 0.3458 2.83708 5.18675 6.15812 6.75825 6.38813
6.31 0.861616 0.213169 -0.142029 0.528844 3.46436 6.39919 7.23059 6.60024 4.56572 1.97744 0.251403 -2.86763 -5.46231 -6.08133 -5.54389 -3.99401 -2.16972 -0.0632943 2.4409 4.81529 5.81006 6.62815 6.4808
6.36 0.712433 -0.00834649 -0.484427 0.176059 3.28435 6.34208 7.24745 6.68392 4.8692 2.3173 0.519545 -2.24509 -4.87951 -6.08018 -5.84158 -4.30893 -2.52536 -0.495485 2.02185 4.41971 5.43052 6.43466 6.48981
6.41 0.548963 -0.242122 -0.767559 -0.109528 3.04124 6.21661 7.20517 6.73634 5.16806 2.81709 0.752022 -1.79751 -4.25184 -5.99693 -6.07526 -4.59995 -2.87878 -0.930443 1.59381 4.00961 5.02698 6.18691 6.41954
6.46 0.362133 -0.475908 -0.928799 -0.319434 2.67612 5.96683 7.08755 6.80125 5.48213 3.35656 1.05198 -1.39574 -3.67205 -5.87415 -6.24821 -4.8554 -3.2153 -1.35701 1.16433 3.58998 4.60332 5.89181 6.27825
6.51 0.173056 -0.644919 -0.96391 -0.489624 2.2168 5.53467 6.85482 6.89879 5.84118 3.90122 1.44416 -0.974782 -3.15659 -5.73248 -6.37083 -5.07666 -3.53277 -1.77361 0.733869 3.16041 4.15943 5.55287 6.07305
6.56 0.00120761 -0.768421 -1.02556 -0.533596 1.88092 4.9062 6.46874 6.98389 6.227 4.44107 1.90145 -0.522057 -2.68189 -5.57748 -6.45063 -5.26403 -3.82618 -2.17303 0.310094 2.7275 3.70124 5.17767 5.81218
6.61 -0.145506 -0.840511 -1.06196 -0.55652 1.59926 4.26568 5.98739 7.01254 6.5869 4.94946 2.38574 -0.0397969 -2.2247 -5.41051 -6.49269 -5.4171 -4.09019 -2.54698 -0.097252 2.30094 3.2383 4.77724 5.5067
6.66 -0.251793 -0.860784 -1.07197 -0.649639 1.36375 3.73602 5.46862 6.97295 6.8858 5.40177 2.85699 0.453269 -1.77605 -5.23423 -6.50212 -5.53674 -4.32046 -2.88688 -0.477117 1.8925 2.7826 4.36495 5.16993
6.71 -0.316217 -0.853366 -1.09159 -0.82499 1.20028 3.34831 4.94736 6.8778 7.11479 5.78585 3.28343 0.936044 -1.32974 -5.04686 -6.48252 -5.62981 -4.52032 -3.18918 -0.821572 1.51239 2.34554 3.95399 4.81585
6.76 -0.348563 -0.840723 -1.1363 -1.05244 1.0859 3.06054 4.45734 6.75366 7.28343 6.09872 3.63143 1.40317 -0.843631 -4.82318 -6.42701 -5.71768 -4.71319 -3.46229 -1.12989 1.16646 1.93545 3.55484 4.45682
6.81 -0.361296 -0.829821 -1.19009 -1.27179 0.927756 2.77426 4.04238 6.62761 7.40659 6.34372 3.88419 1.83991 -0.268862 -4.46786 -6.29169 -5.83576 -4.95383 -3.73678 -1.41619 0.851215 1.55458 3.17315 4.10162
6.86 -0.363123 -0.823756 -1.25097 -1.4804 0.742894 2.49413 3.68605 6.50676 7.50679 6.57036 4.17862 2.03841 0.094128 -3.80825 -5.97341 -5.96002 -5.26369 -4.03968 -1.70224 0.554541 1.2005 2.81382 3.7595
6.91 -0.35953 -0.825679 -1.3209 -1.68143 0.540357 2.22374 3.37823 6.39464 7.58496 6.76205 4.49202 2.06428 0.343591 -2.96618 -5.51219 -6.05397 -5.60576 -4.36868 -2.00417 0.255403 0.856496 2.46758 3.42933
6.96 -0.356124 -0.837827 -1.39923 -1.87303 0.335091 1.97549 3.11036 6.27836 7.61932 6.88103 4.77823 2.12542 0.603706 -2.15136 -4.98502 -6.09033 -5.92852 -4.70361 -2.32369 -0.059851 0.506337 2.12062 3.10288
7.01 -0.359309 -0.859141 -1.47584 -2.03659 0.120269 1.75572 2.88729 6.13513 7.59003 6.92243 5.03499 2.44251 0.808703 -1.59596 -4.40302 -6.04238 -6.1895 -5.01659 -2.64614 -0.387523 0.147169 1.76734 2.77424
7.06 -0.369413 -0.88604 -1.54559 -2.16982 -0.132773 1.58662 2.72804 5.91649 7.48794 6.93088 5.28903 2.90616 1.01054 -1.22003 -3.84436 -5.94787 -6.38738 -5.28967 -2.94919 -0.708527 -0.208358 1.41499 2.44603
7.11 -0.386625 -0.920287 -1.61232 -2.27528 -0.413659 1.47068 2.64499 5.56576 7.28002 6.94685 5.56876 3.41541 1.27103 -0.926369 -3.35337 -5.84034 -6.53774 -5.52515 -3.2277 -1.01487 -0.553376 1.06857 2.12127
7.16 -0.421308 -0.965591 -1.66256 -2.30892 -0.570014 1.22786 2.46579 5.20093 6.95541 6.98558 5.89428 3.93046 1.61283 -0.621524 -2.93115 -5.73396 -6.6558 -5.7343 -3.48952 -1.31148 -0.891745 0.724651 1.79733
7.21 -0.461286 -0.998165 -1.67755 -2.29318 -0.711698 0.774587 2.43527 5.04456 6.43357 6.96408 6.2181 4.42624 2.00595 -0.284476 -2.55096 -5.6277 -6.74806 -5.92129 -3.73368 -1.59313 -1.21683 0.38977 1.47883
7.26 -0.492051 -1.01248 -1.6732 -2.27285 -0.870387 0.236693 2.50339 5.03082 5.84557 6.88195 6.49636 4.86771 2.3949 0.0627563 -2.19102 -5.51232 -6.81354 -6.09009 -3.96104 -1.85341 -1.51879 0.0752171 1.17583
7.31 -0.521756 -1.02702 -1.66841 -2.24371 -0.956371 -0.135145 2.31186 4.83052 5.4495 6.82175 6.74315 5.25554 2.75081 0.423738 -1.7958 -5.35063 -6.83986 -6.25985 -4.19893 -2.10876 -1.80646 -0.223034 0.887938
7.36 -0.544488 -1.03131 -1.65251 -2.20882 -1.01101 -0.44061 1.95025 4.56726 5.18808 6.7685 6.95365 5.58352 3.03305 0.787485 -1.30218 -5.09256 -6.80322 -6.45341 -4.48034 -2.37345 -2.08245 -0.501732 0.620115
7.41 -0.554628 -1.02116 -1.62745 -2.1811 -1.06784 -0.727718 1.52175 4.29961 5.00398 6.71187 7.1261 5.86433 3.29814 1.05282 -0.837762 -4.6363 -6.64341 -6.66747 -4.82896 -2.66833 -2.35934 -0.765411 0.3736
7.46 -0.553783 -0.999847 -1.59824 -2.16506 -1.13356 -1.00178 1.0842 4.04873 4.86617 6.65275 7.26985 6.11829 3.62116 1.15013 -0.590325 -3.96702 -6.33104 -6.85621 -5.21603 -2.99312 -2.64862 -1.02694 0.139464
7.51 -0.541999 -0.970321 -1.56977 -2.1648 -1.2133 -1.26667 0.659822 3.81944 4.75948 6.58973 7.37723 6.31928 3.95762 1.20454 -0.406552 -3.24543 -5.93205 -6.99853 -5.60029 -3.33228 -2.95248 -1.29756 -0.0954379
7.56 -0.520842 -0.936107 -1.54568 -2.18088 -1.30629 -1.52144 0.258197 3.61408 4.67259 6.5116 7.43128 6.438 4.25069 1.43877 -0.178344 -2.65529 -5.50027 -7.08191 -5.9469 -3.6677 -3.2679 -1.58409 -0.342665
7.61 -0.494868 -0.901821 -1.5282 -2.20986 -1.40544 -1.75959 -0.121173 3.43803 4.60002 6.40333 7.42958 6.49558 4.52488 1.88254 0.0227245 -2.26358 -5.04357 -7.09803 -6.23324 -3.98098 -3.58242 -1.87869 -0.599721
7.66 -0.467579 -0.870051 -1.51725 -2.2476 -1.50576 -1.98054 -0.513611 3.3152 4.57454 6.23934 7.37438 6.52646 4.79057 2.41389 0.233408 -2.01842 -4.6004 -7.06535 -6.45749 -4.26275 -3.88447 -2.16876 -0.85677
7.71 -0.439225 -0.841301 -1.51285 -2.29311 -1.60578 -2.1802 -0.951051 3.23487 4.63922 5.98763 7.25047 6.56013 5.05631 2.92784 0.497261 -1.81755 -4.20887 -7.00225 -6.62808 -4.51936 -4.17578 -2.44917 -1.10657
7.76 -0.416132 -0.828588 -1.52834 -2.34647 -1.6686 -2.25352 -1.22356 2.79925 4.47254 5.82835 7.0899 6.65038 5.37203 3.41945 0.826254 -1.57447 -3.84157 -6.89153 -6.74958 -4.77857 -4.48536 -2.73849 -1.35933
7.81 -0.403742 -0.825487 -1.54194 -2.37527 -1.67533 -2.2483 -1.47316 2.06027 4.30895 5.8085 6.77675 6.74575 5.73482 3.89454 1.20055 -1.29279 -3.46794 -6.69115 -6.80535 -5.05709 -4.83402 -3.04632 -1.61779
7.86 -0.3985 -0.818543 -1.53715 -2.37346 -1.65259 -2.245 -1.79403 1.11189 4.3895 6.06898 6.24574 6.74516 6.06715 4.3286 1.63893 -1.06013 -3.17323 -6.34331 -6.75475 -5.34376 -5.22243 -3.37286 -1.87955
7.91 -0.389735 -0.808485 -1.53246 -2.37859 -1.64306 -2.24456 -2.04621 0.38933 4.18278 6.08134 5.90679 6.76344 6.37582 4.72649 2.15263 -0.880589 -3.0149 -5.84246 -6.57887 -5.61326 -5.63807 -3.72683 -2.16119
7.96 -0.377527 -0.798048 -1.52898 -2.38473 -1.63247 -2.23577 -2.23345 -0.159731 3.6495 5.88842 5.77939 6.79447 6.64321 5.05055 2.60195 -0.464454 -2.69106 -5.3893 -6.34452 -5.85682 -6.0563 -4.10651 -2.47626
8.01 -0.364354 -0.784065 -1.51836 -2.38089 -1.61549 -2.23494 -2.40901 -0.649158 3.02171 5.65062 5.7182 6.78788 6.84565 5.31285 3.02748 0.122868 -2.327 -5.02861 -6.03228 -6.02767 -6.43079 -4.48679 -2.8122
8.06 -0.352585 -0.767737 -1.50205 -2.36973 -1.59664 -2.24695 -2.58054 -1.08997 2.39852 5.40737 5.66963 6.74063 6.98852 5.53425 3.4492 0.818786 -2.0441 -4.81993 -5.62606 -6.09124 -6.72129 -4.84178 -3.15243
8.11 -0.33935 -0.746986 -1.47965 -2.35412 -1.58158 -2.27717 -2.75752 -1.49604 1.81011 5.1633 5.61832 6.6764 7.09927 5.72765 3.81543 1.41106 -1.63905 -4.51201 -5.31438 -6.11043 -6.91804 -5.15153 -3.47926
8.16 -0.321528 -0.720431 -1.4522 -2.33752 -1.57431 -2.32664 -2.94205 -1.87422 1.26485 4.91613 5.55609 6.60193 7.18122 5.89214 4.12485 1.90364 -1.11429 -4.111 -5.10779 -6.09026 -7.01157 -5.41277 -3.78945
8.21 -0.300683 -0.690957 -1.42371 -2.32359 -1.57571 -2.39074 -3.12808 -2.2218 0.770838 4.67572 5.4788 6.51431 7.23422 6.03171 4.3958 2.33859 -0.533378 -3.70649 -4.99863 -6.01401 -6.98151 -5.61798 -4.0818
8.26 -0.278423 -0.661077 -1.3971 -2.31454 -1.58566 -2.46543 -3.31182 -2.5396 0.320772 4.45335 5.39619 6.41008 7.26179 6.15374 4.63768 2.71874 0.0281037 -3.25534 -4.93656 -5.95738 -6.82946 -5.76124 -4.35313
8.31 -0.254702 -0.631122 -1.37262 -2.31029 -1.603 -2.54797 -3.49332 -2.83531 -0.123642 4.27234 5.34616 6.26322 7.25534 6.26619 4.86152 3.04586 0.525397 -2.72442 -4.83338 -5.95507 -6.62479 -5.85379 -4.59447
8.36 -0.226023 -0.597817 -1.3477 -2.31029 -1.62869 -2.63755 -3.66909 -3.09893 -0.578865 4.07477 5.32964 6.05964 7.19806 6.38653 5.09078 3.32848 0.940431 -2.14794 -4.55076 -5.9617 -6.51433 -5.92365 -4.79251
8.41 -0.186512 -0.556538 -1.32154 -2.31947 -1.67049 -2.72941 -3.8059 -3.2473 -0.903743 3.54289 5.09451 5.9287 7.09672 6.55741 5.38426 3.62227 1.32847 -1.58751 -4.06075 -5.84328 -6.51977 -6.04254 -4.99752
8.46 -0.138456 -0.500086 -1.28071 -2.31989 -1.71049 -2.79841 -3.88148 -3.30412 -1.20349 2.65454 4.81413 5.93448 6.83328 6.72323 5.74165 3.95894 1.73294 -1.02179 -3.4906 -5.5938 -6.5086 -6.18623 -5.2389
8.51 -0.0832696 -0.394939 -1.17585 -2.27118 -1.74734 -2.86651 -3.93583 -3.35446 -1.57464 1.56127 4.73694 6.18416 6.34105 6.78137 6.0852 4.31037 2.14398 -0.482095 -2.96964 -5.21965 -6.29306 -6.3301 -5.57604
8.56 -0.0147749 -0.178854 -0.926882 -2.12844 -1.8146 -3.00273 -4.02848 -3.41857 -1.89057 0.685085 4.40244 6.17509 6.0124 6.83417 6.40465 4.65733 2.55839 0.0502888 -2.45986 -4.80192 -5.97391 -6.34378 -5.84938
8.61 0.0239082 0.146239 -0.504857 -1.86193 -1.89979 -3.20413 -4.15283 -3.48824 -2.1399 0.0109127 3.74601 5.9155 5.86973 6.87933 6.69557 5.00595 2.98953 0.597015 -1.92668 -4.32868 -5.57149 -6.24144 -6.02525
8.66 -0.0287765 0.50724 0.0535635 -1.47748 -1.9572 -3.42485 -4.29511 -3.5813 -2.38146 -0.58712 3.00886 5.589 5.76376 6.87873 6.93483 5.33269 3.41228 1.13486 -1.39076 -3.82879 -5.11715 -6.0404 -6.08397
8.71 -0.201362 0.829784 0.70816 -1.01827 -1.96802 -3.63178 -4.44578 -3.70097 -2.62718 -1.12711 2.28816 5.24177 5.65197 6.83511 7.11766 5.62246 3.80839 1.64731 -0.868687 -3.3243 -4.63509 -5.76326 -6.03183
8.76 -0.497144 1.05015 1.46559 -0.537083 -1.93981 -3.81041 -4.59611 -3.84073 -2.8754 -1.61387 1.62508 4.89618 5.52274 6.75801 7.24731 5.86851 4.16716 2.1239 -0.372407 -2.83098 -4.14323 -5.43184 -5.88644
8.81 -0.738028 1.22541 2.11643 -0.0132244 -1.86714 -3.95232 -4.73959 -3.99324 -3.12224 -2.05106 1.03346 4.56623 5.37829 6.65748 7.3307 6.06976 4.48339 2.55857 0.0899775 -2.35977 -3.65467 -5.06496 -5.66832
8.86 -0.816651 1.38221 2.61275 0.530494 -1.76418 -4.05972 -4.87131 -4.1498 -3.36226 -2.44243 0.511697 4.26073 5.22639 6.54075 7.37548 6.22939 4.75688 2.94938 0.514238 -1.9173 -3.17845 -4.67778 -5.39695
8.91 -0.684151 1.5234 2.9755 1.07058 -1.64651 -4.13994 -4.9903 -4.30461 -3.59173 -2.79277 0.0457198 3.99059 5.08172 6.40546 7.38541 6.354 4.99282 3.29829 0.899381 -1.50698 -2.72057 -4.282 -5.08915
8.96 -0.477072 1.67616 3.30973 1.56476 -1.53476 -4.20412 -5.09807 -4.45381 -3.80884 -3.11006 -0.406016 3.79804 4.99449 6.21368 7.3452 6.45361 5.20584 3.61153 1.24572 -1.13209 -2.28712 -3.88844 -4.75995
9.01 -0.252715 1.84235 3.64316 2.02309 -1.42918 -4.25747 -5.19966 -4.60067 -4.01241 -3.38326 -0.853748 3.63644 4.97815 5.93791 7.22669 6.55197 5.42989 3.9024 1.55498 -0.79663 -1.88502 -3.5075 -4.42302
9.06 -0.0490036 2.00285 3.99147 2.48009 -1.3174 -4.30046 -5.30042 -4.74464 -4.17512 -3.53279 -1.15593 3.15412 4.77238 5.74237 7.0341 6.68925 5.72237 4.21629 1.86518 -0.470145 -1.4919 -3.12494 -4.07587
9.11 0.125198 2.12813 4.33606 2.95379 -1.18803 -4.312 -5.36761 -4.85498 -4.28301 -3.60273 -1.45444 2.3058 4.61344 5.76157 6.64778 6.78735 6.06082 4.56843 2.20094 -0.131677 -1.09659 -2.73813 -3.72056
9.16 0.257685 2.12354 4.61577 3.50995 -0.991151 -4.23732 -5.36944 -4.95983 -4.40108 -3.68017 -1.81194 1.29651 4.6016 5.99738 6.10383 6.78687 6.36962 4.91747 2.54296 0.211298 -0.70425 -2.35516 -3.36636
9.21 0.307854 1.95004 4.72198 4.16057 -0.556879 -3.97018 -5.27472 -5.13018 -4.62477 -3.8083 -2.13371 0.479887 4.31934 5.99323 5.74296 6.79305 6.65467 5.25813 2.89309 0.570011 -0.297607 -1.95768 -3.0011
9.26 0.408982 1.93347 4.4249 4.45215 0.348497 -3.45306 -5.03607 -5.32895 -4.93794 -3.99219 -2.42973 -0.172314 3.69859 5.7449 5.58021 6.81244 6.9196 5.59845 3.26112 0.955893 0.13553 -1.53232 -2.61195
9.31 0.562126 1.95419 3.6591 4.6531 1.63683 -2.85567 -4.70115 -5.49054 -5.26989 -4.22225 -2.75201 -0.787864 2.96826 5.40401 5.45252 6.80718 7.14896 5.92477 3.63132 1.35264 0.579661 -1.09292 -2.20774
9.36 0.676257 1.94593 3.2033 4.65762 2.43184 -2.07875 -4.2363 -5.55642 -5.56343 -4.46747 -3.08287 -1.35669 2.24806 5.03288 5.3191 6.77111 7.33083 6.21555 3.97696 1.73292 1.0102 -0.661372 -1.80503
9.41 0.768326 1.96527 3.04192 4.45612 2.83244 -1.22677 -3.71506 -5.53961 -5.79434 -4.69774 -3.39956 -1.86879 1.58359 4.66924 5.1777 6.70593 7.46364 6.46379 4.28638 2.08155 1.41179 -0.253005 -1.41784
9.46 0.852684 2.00516 3.02257 4.18618 3.02766 -0.404768 -3.20252 -5.47278 -5.96727 -4.90288 -3.6925 -2.32423 0.97873 4.341 5.04117 6.60374 7.54668 6.6755 4.56436 2.39676 1.7794 0.12519 -1.05433
9.51 0.929294 2.02488 2.99736 3.97664 3.20179 0.300935 -2.74309 -5.38577 -6.09504 -5.08106 -3.95956 -2.73276 0.393323 4.11211 4.96398 6.41196 7.55727 6.86355 4.83187 2.68763 2.11422 0.469967 -0.720072
9.56 0.992449 2.02242 2.95693 3.83412 3.37893 0.901858 -2.34153 -5.29609 -6.19423 -5.24012 -4.20492 -3.0979 -0.204285 4.01042 5.03184 6.07306 7.45122 7.03837 5.11698 2.96635 2.41779 0.776891 -0.42213
9.61 1.03047 1.99726 2.9066 3.74684 3.58063 1.44791 -1.98359 -5.21474 -6.28602 -5.39231 -4.41425 -3.35415 -0.667901 3.71314 5.00479 5.77039 7.2572 7.22632 5.4528 3.25962 2.71161 1.06328 -0.149223
9.66 1.03874 1.95191 2.85046 3.69653 3.81231 1.97333 -1.65663 -5.13508 -6.35856 -5.51165 -4.55439 -3.4853 -1.01249 2.9547 4.83425 5.72778 6.95708 7.39628 5.83034 3.58954 3.02658 1.35931 0.12281
9.71 1.03454 1.90294 2.79453 3.65539 4.03672 2.46814 -1.35887 -5.04284 -6.38944 -5.58307 -4.645 -3.58476 -1.4066 1.93514 4.8393 5.97194 6.47203 7.45993 6.17734 3.92679 3.35432 1.66353 0.394759
9.76 1.02082 1.85008 2.72943 3.59124 4.2274 2.98534 -1.01922 -4.89644 -6.37917 -5.66203 -4.75755 -3.69451 -1.78135 1.00122 4.74799 6.17176 6.05095 7.48572 6.4772 4.24059 3.6708 1.96198 0.661601
9.81 0.987789 1.80763 2.71029 3.60477 4.17736 3.33025 -0.345823 -4.56977 -6.28701 -5.8079 -4.96745 -3.84116 -2.08431 0.322349 4.33265 6.09426 5.87371 7.5359 6.7487 4.54174 3.98776 2.26955 0.939287
9.86 0.953921 1.79669 2.74217 3.65539 3.69292 3.59304 0.802238 -4.03564 -6.07367 -6.0078 -5.28394 -4.05295 -2.383 -0.250852 3.68497 5.85942 5.83015 7.57709 6.99125 4.84538 4.3175 2.59135 1.23008
9.91 0.931338 1.79185 2.77305 3.71428 3.47375 3.55012 1.46313 -3.15999 -5.63967 -6.13919 -5.62786 -4.31847 -2.70852 -0.782418 2.94513 5.5772 5.83931 7.55628 7.17905 5.14886 4.65979 2.91911 1.52274
9.96 0.921316 1.79974 2.81699 3.79276 3.43823 3.23614 1.82493 -2.13545 -5.09894 -6.17918 -5.93028 -4.58973 -3.04137 -1.28678 2.12287 5.36289 5.94809 7.39347 7.26623 5.44843 5.02145 3.2508 1.80938
10.01 0.939937 1.82722 2.85433 3.81941 3.36141 2.96518 2.17249 -1.19475 -4.5669 -6.1533 -6.17077 -4.84419 -3.37243 -1.77226 1.24359 5.2505 6.21705 7.05849 7.2146 5.73279 5.4052 3.59032 2.09243
10.06 0.965479 1.84475 2.85566 3.78408 3.26033 2.85814 2.54488 -0.356724 -4.06198 -6.10242 -6.38619 -5.09788 -3.66493 -2.09949 0.684479 4.60357 6.0881 7.00959 7.15802 6.03354 5.80902 3.94255 2.38446
10.11 0.986372 1.84185 2.82511 3.72428 3.20124 2.94533 2.82103 0.219758 -3.53638 -5.99241 -6.52949 -5.29578 -3.90025 -2.36214 0.168248 3.66574 5.95241 7.15123 6.96343 6.27229 6.19708 4.30531 2.69237
10.16 1.00358 1.8278 2.78385 3.66945 3.18521 3.13154 2.99995 0.574499 -3.02574 -5.8399 -6.59706 -5.42482 -4.08311 -2.60529 -0.373401 2.57772 5.9991 7.53522 6.57711 6.37558 6.50854 4.64965 3.00523
10.21 1.00772 1.80071 2.73681 3.62522 3.19229 3.33654 3.17202 0.884441 -2.54862 -5.68065 -6.64362 -5.55059 -4.26936 -2.82575 -0.775831 1.85745 5.58176 7.5142 6.58309 6.52649 6.74261 4.94432 3.29779
10.26 0.995342 1.76052 2.68615 3.59256 3.21522 3.54036 3.35827 1.18962 -2.10776 -5.52176 -6.67003 -5.65753 -4.43342 -3.01652 -1.10368 1.28572 4.85494 7.32338 6.83171 6.66091 6.88156 5.19862 3.57999
10.31 0.974107 1.71593 2.63956 3.57406 3.2493 3.73033 3.53137 1.4734 -1.69613 -5.35622 -6.66607 -5.7335 -4.56687 -3.18532 -1.40357 0.751543 3.97682 7.14916 7.24626 6.71561 6.88903 5.40136 3.85143
10.36 0.946307 1.6706 2.60084 3.57156 3.29353 3.89796 3.65264 1.73471 -1.25661 -5.1494 -6.62383 -5.80724 -4.7078 -3.35597 -1.68133 0.290089 3.18451 6.78606 7.66868 6.92169 6.78024 5.53891 4.10101
10.41 0.900584 1.616 2.56477 3.58297 3.34512 4.02642 3.65553 2.02604 -0.621324 -4.81338 -6.51403 -5.93709 -4.93094 -3.56488 -1.94133 -0.0727244 2.58462 6.05206 7.85272 7.41982 6.71016 5.63798 4.30837
10.46 0.837465 1.54901 2.52274 3.59225 3.38507 4.10579 3.58962 2.30778 0.16049 -4.2367 -6.26823 -6.12211 -5.26931 -3.84661 -2.22405 -0.39725 2.09249 5.3237 7.52063 7.83135 7.01158 5.79223 4.47341
10.51 0.7656 1.46043 2.45509 3.58428 3.43542 4.22025 3.72143 2.32522 0.594306 -3.35249 -5.81918 -6.25561 -5.6452 -4.17768 -2.54063 -0.724729 1.63794 4.62612 6.88075 8.02863 7.54448 6.08327 4.65607
10.56 0.683988 1.33451 2.34134 3.54234 3.48953 4.33666 3.93885 2.25526 0.908701 -2.38244 -5.27775 -6.31122 -5.9909 -4.51785 -2.88031 -1.0714 1.19065 3.96857 6.23881 7.8831 7.90488 6.61142 5.0335
10.61 0.602869 1.15805 2.15259 3.43207 3.5258 4.42227 4.13524 2.33971 1.26183 -1.50449 -4.72639 -6.29487 -6.27622 -4.84212 -3.23215 -1.44285 0.733858 3.3468 5.67234 7.57598 7.91641 7.07998 5.61863
10.66 0.550335 0.940309 1.87076 3.21916 3.53251 4.50329 4.33901 2.62559 1.57856 -0.829397 -4.15719 -6.20449 -6.48651 -5.12876 -3.57293 -1.81967 0.27608 2.74913 5.13095 7.20391 7.75878 7.37306 6.17383
10.71 0.552123 0.727735 1.51126 2.89269 3.50455 4.60135 4.565 3.0292 1.87772 -0.344933 -3.59067 -6.061 -6.6253 -5.36567 -3.88382 -2.18241 -0.168265 2.17976 4.60685 6.79346 7.49757 7.51133 6.61732
10.76 0.597368 0.605419 1.11567 2.45694 3.43455 4.71224 4.80213 3.46656 2.1806 0.041565 -3.05406 -5.89126 -6.70782 -5.55364 -4.15729 -2.52013 -0.590385 1.64086 4.09903 6.36221 7.17031 7.52283 6.92675
10.81 0.630499 0.586694 0.750034 1.93527 3.32189 4.82032 5.03173 3.88361 2.49554 0.411142 -2.56257 -5.71363 -6.74936 -5.69922 -4.39288 -2.82794 -0.98561 1.13307 3.60828 5.92182 6.79987 7.43308 7.10642
10.86 0.666539 0.572235 0.410363 1.39909 3.18308 4.91613 5.2446 4.26376 2.80755 0.775846 -2.10253 -5.52902 -6.75818 -5.81157 -4.59537 -3.10439 -1.35034 0.658391 3.13823 5.48224 6.40237 7.26381 7.1705
10.91 0.692716 0.486463 0.0836474 0.895522 3.03368 4.99766 5.43851 4.60117 3.0869 1.13599 -1.63191 -5.31497 -6.73162 -5.9092 -4.78284 -3.35438 -1.68299 0.219477 2.69368 5.05197 5.98996 7.03341 7.13659
10.96 0.687135 0.342059 -0.236604 0.405176 2.8809 5.06695 5.61459 4.88692 3.26875 1.50417 -1.03294 -4.99899 -6.64233 -6.03233 -5.00533 -3.59964 -1.98945 -0.183737 2.2777 4.63663 5.57069 6.75591 7.02203
11.01 0.651095 0.155164 -0.575363 -0.0505706 2.70879 5.11159 5.75816 5.1021 3.32102 1.88506 -0.232811 -4.48711 -6.43583 -6.20443 -5.3163 -3.88038 -2.29738 -0.569887 1.87894 4.23077 5.14412 6.43807 6.84057
11.06 0.581285 -0.059395 -0.919756 -0.459264 2.52729 5.13293 5.88166 5.31429 3.50424 1.99268 0.250207 -3.66057 -6.01825 -6.33416 -5.67117 -4.2014 -2.62901 -0.959712 1.48619 3.83226 4.71581 6.09262 6.6068
11.11 0.481983 -0.284981 -1.2571 -0.834624 2.3454 5.13456 5.97833 5.49425 3.75642 1.96251 0.575377 -2.73177 -5.48873 -6.38404 -5.99946 -4.52666 -2.97402 -1.35763 1.09032 3.43367 4.28444 5.72671 6.33349
11.16 0.357483 -0.51445 -1.56602 -1.16724 2.15304 5.10124 6.02434 5.6087 4.01185 2.00119 0.873145 -1.87214 -4.93636 -6.3581 -6.26555 -4.8275 -3.31557 -1.758 0.689375 3.02983 3.84641 5.34187 6.02778
11.21 0.201426 -0.760703 -1.79928 -1.41255 1.90489 4.99797 5.99713 5.66133 4.25137 2.26112 1.154 -1.21269 -4.38875 -6.26642 -6.45832 -5.08682 -3.63766 -2.14936 0.289474 2.62246 3.40208 4.94011 5.69431
11.26 0.00678143 -1.0181 -1.88768 -1.55538 1.54129 4.78025 5.88654 5.70558 4.52215 2.68687 1.41165 -0.769542 -3.85607 -6.12807 -6.58351 -5.29719 -3.92666 -2.51697 -0.0963908 2.22166 2.95948 4.52918 5.34051
11.31 -0.212116 -1.24283 -1.78851 -1.63247 1.03308 4.41859 5.67989 5.77567 4.84555 3.18529 1.69662 -0.442658 -3.36226 -5.97124 -6.66015 -5.46551 -4.18229 -2.85758 -0.464483 1.83088 2.52177 4.11296 4.97189
11.36 -0.411736 -1.40205 -1.70673 -1.61855 0.643053 3.86598 5.34415 5.85029 5.20476 3.69525 2.02241 -0.132269 -2.9137 -5.81051 -6.70349 -5.60239 -4.40939 -3.17116 -0.812572 1.45299 2.09204 3.69516 4.59315
11.41 -0.583081 -1.53011 -1.77053 -1.45947 0.475768 3.17967 4.89683 5.89061 5.55681 4.17848 2.36066 0.189503 -2.48188 -5.6347 -6.71701 -5.72294 -4.61916 -3.4572 -1.13343 1.09776 1.68021 3.28539 4.21272
11.46 -0.712304 -1.58452 -1.80793 -1.38787 0.299295 2.56593 4.42176 5.89454 5.87483 4.61028 2.6509 0.523508 -1.98145 -5.38299 -6.67962 -5.86006 -4.85134 -3.73174 -1.42871 0.771097 1.2946 2.89256 3.8392
11.51 -0.782947 -1.57181 -1.82355 -1.47797 0.0995348 2.07218 3.94956 5.86535 6.14418 4.96775 2.82167 0.868926 -1.30369 -4.97214 -6.54695 -6.04861 -5.16278 -4.02761 -1.71346 0.470249 0.938804 2.52323 3.4804
11.56 -0.807424 -1.52816 -1.84773 -1.67828 -0.0752157 1.68995 3.49192 5.80022 6.35688 5.2778 3.0275 1.04854 -0.77685 -4.29203 -6.23435 -6.23562 -5.54586 -4.36799 -2.01736 0.172066 0.600528 2.17453 3.13983
11.61 -0.806466 -1.47859 -1.88107 -1.91024 -0.242707 1.38121 3.0802 5.71857 6.52287 5.54573 3.30165 1.05971 -0.467392 -3.46829 -5.78336 -6.35529 -5.92589 -4.7246 -2.34034 -0.136543 0.266064 1.83784 2.81504
11.66 -0.793076 -1.43587 -1.9236 -2.14029 -0.406398 1.12245 2.72115 5.62338 6.63105 5.73912 3.59737 1.0756 -0.231179 -2.67752 -5.28972 -6.4027 -6.25755 -5.06753 -2.66854 -0.454703 -0.0710259 1.50445 2.49888
11.71 -0.776426 -1.40556 -1.97297 -2.35101 -0.567798 0.902753 2.40902 5.50947 6.67064 5.83492 3.85843 1.30436 0.0182114 -2.06113 -4.80878 -6.39017 -6.52445 -5.37892 -2.98958 -0.777623 -0.412813 1.16802 2.184
11.76 -0.762733 -1.38898 -2.02654 -2.53678 -0.719441 0.711876 2.12791 5.37141 6.65045 5.8638 4.10013 1.7367 0.250505 -1.64173 -4.34791 -6.33295 -6.72903 -5.64993 -3.2895 -1.09186 -0.749879 0.833771 1.87142
11.81 -0.755542 -1.38704 -2.08547 -2.70111 -0.851662 0.550745 1.86085 5.20212 6.58692 5.86892 4.3328 2.24613 0.501339 -1.36672 -3.92536 -6.25399 -6.88377 -5.88011 -3.55996 -1.38594 -1.07192 0.50987 1.56625
11.86 -0.756249 -1.39993 -2.15151 -2.84938 -0.9776 0.452138 1.61431 4.95875 6.47026 5.8837 4.57026 2.74418 0.798307 -1.15422 -3.5578 -6.1721 -7.00413 -6.07799 -3.803 -1.65664 -1.3743 0.201011 1.27228
11.91 -0.764093 -1.42617 -2.2265 -2.99106 -1.15757 0.46872 1.50541 4.54257 6.24594 5.92522 4.84491 3.21465 1.11334 -0.944135 -3.23672 -6.08983 -7.10037 -6.25757 -4.02876 -1.90611 -1.65507 -0.0890589 0.99327
11.96 -0.783861 -1.46753 -2.30478 -3.10445 -1.3429 0.527067 1.4632 4.01299 5.90001 5.98969 5.16984 3.66594 1.42336 -0.722579 -2.9152 -5.97698 -7.16658 -6.44055 -4.26313 -2.14701 -1.91834 -0.359757 0.731889
12.01 -0.818031 -1.50868 -2.34867 -3.13337 -1.46053 0.318844 1.41335 3.66857 5.4338 6.03132 5.51087 4.09222 1.70429 -0.482053 -2.52032 -5.76729 -7.17504 -6.65511 -4.54845 -2.40257 -2.17398 -0.613328 0.489652
12.06 -0.846279 -1.52598 -2.34919 -3.11029 -1.59286 -0.141924 1.41369 3.5469 4.90005 6.02446 5.82172 4.4725 1.95057 -0.280956 -2.05894 -5.39345 -7.08129 -6.90558 -4.91072 -2.69224 -2.43239 -0.85253 0.268681
12.11 -0.868006 -1.52865 -2.32794 -3.06185 -1.69858 -0.608568 1.27429 3.41202 4.46626 6.00887 6.09622 4.82226 2.26804 -0.21621 -1.77237 -4.80103 -6.83411 -7.14291 -5.32758 -3.02562 -2.71404 -1.09721 0.0555565
12.16 -0.88571 -1.52216 -2.29289 -2.99661 -1.75671 -0.993594 0.931911 3.18752 4.18436 5.99883 6.32912 5.12562 2.64129 -0.186747 -1.61072 -4.11538 -6.48181 -7.32977 -5.74712 -3.38417 -3.02257 -1.36239 -0.167228
12.21 -0.892901 -1.50176 -2.2468 -2.93351 -1.8055 -1.34297 0.517622 2.94973 3.98257 5.97163 6.49859 5.34403 2.99609 -0.001243 -1.41288 -3.51863 -6.09688 -7.45658 -6.12967 -3.74319 -3.34911 -1.65055 -0.408817
12.26 -0.886926 -1.46894 -2.19673 -2.8844 -1.86001 -1.66335 0.09251 2.716 3.81692 5.91339 6.5943 5.47198 3.30878 0.452156 -1.14335 -3.1069 -5.71045 -7.52472 -6.45645 -4.08531 -3.68179 -1.95522 -0.668831
12.31 -0.871468 -1.42928 -2.14857 -2.85165 -1.92051 -1.95218 -0.310087 2.49243 3.6612 5.82573 6.63539 5.55307 3.61591 1.06073 -0.908413 -2.84502 -5.31307 -7.53314 -6.71922 -4.39969 -4.008 -2.26162 -0.934864
12.36 -0.849114 -1.38673 -2.1059 -2.83589 -1.98805 -2.21266 -0.680117 2.28053 3.50807 5.72146 6.64778 5.61833 3.90663 1.68047 -0.662234 -2.68039 -4.92297 -7.48898 -6.91822 -4.68683 -4.32533 -2.56096 -1.19653
12.41 -0.819891 -1.34275 -2.07035 -2.83741 -2.06561 -2.45302 -1.02342 2.07952 3.35807 5.60644 6.64592 5.6817 4.16177 2.20636 -0.344194 -2.49791 -4.56786 -7.39499 -7.05858 -4.96483 -4.64928 -2.85656 -1.45067
12.46 -0.784444 -1.2986 -2.04265 -2.85522 -2.15461 -2.68144 -1.35666 1.91029 3.22228 5.45717 6.62182 5.75444 4.39785 2.64306 -0.0160584 -2.294 -4.22671 -7.21467 -7.12766 -5.25416 -5.00326 -3.15792 -1.69719
12.51 -0.744123 -1.25573 -2.02373 -2.88916 -2.2573 -2.90565 -1.70988 1.82454 3.15735 5.20543 6.53411 5.84236 4.64011 3.01439 0.350091 -2.13499 -3.96468 -6.90153 -7.09531 -5.55381 -5.39895 -3.47786 -1.94507
12.56 -0.704972 -1.22145 -2.01962 -2.93889 -2.36279 -3.09906 -2.06352 1.78207 3.18216 4.81906 6.33046 5.94764 4.92868 3.38698 0.863538 -2.16532 -3.97812 -6.39802 -6.9175 -5.82626 -5.81837 -3.82181 -2.20831
12.61 -0.670929 -1.20127 -2.03135 -2.9922 -2.43277 -3.1858 -2.31452 1.4342 3.08472 4.53532 6.03084 6.0732 5.25782 3.70654 1.27735 -1.86969 -3.8023 -6.01604 -6.71985 -6.08322 -6.24019 -4.18952 -2.50332
12.66 -0.647863 -1.18819 -2.03628 -3.01511 -2.44382 -3.20202 -2.59088 0.704285 3.10463 4.55756 5.54539 6.11189 5.55763 3.99194 1.6802 -1.30317 -3.51821 -5.76569 -6.48216 -6.2916 -6.63221 -4.5673 -2.82615
12.71 -0.630034 -1.17398 -2.03046 -3.01729 -2.4269 -3.19233 -2.87026 -0.0945118 3.0542 4.63993 5.05861 6.09392 5.80742 4.25334 2.10094 -0.597256 -3.27631 -5.64744 -6.17493 -6.41207 -6.95329 -4.92843 -3.15882
12.76 -0.615422 -1.16274 -2.02624 -3.01812 -2.40205 -3.15872 -3.07111 -0.715733 2.67812 4.49699 4.77323 6.08939 6.03287 4.51099 2.52136 0.0987475 -2.96781 -5.50791 -5.88628 -6.46974 -7.19211 -5.26612 -3.49986
12.81 -0.600951 -1.14942 -2.0155 -3.00776 -2.36455 -3.11818 -3.23693 -1.25248 2.11378 4.24128 4.59911 6.08291 6.23497 4.75755 2.89393 0.661427 -2.43721 -5.17868 -5.73543 -6.50543 -7.33972 -5.56651 -3.83579
12.86 -0.587244 -1.1325 -1.99668 -2.98723 -2.32211 -3.08867 -3.39363 -1.73539 1.5116 3.95019 4.45731 6.05298 6.39741 4.98178 3.23125 1.15423 -1.81123 -4.78191 -5.66816 -6.48978 -7.37256 -5.81961 -4.16086
12.91 -0.57485 -1.11281 -1.97233 -2.96164 -2.28228 -3.07665 -3.54712 -2.16604 0.937056 3.65316 4.31808 5.99893 6.52099 5.1825 3.53924 1.59478 -1.17431 -4.3476 -5.65314 -6.45446 -7.27978 -6.01417 -4.46873
12.96 -0.561239 -1.0884 -1.94232 -2.93389 -2.25048 -3.08547 -3.70215 -2.55131 0.410858 3.35935 4.17183 5.9284 6.61453 5.36219 3.81617 1.97525 -0.60058 -3.80395 -5.60472 -6.48035 -7.10209 -6.15222 -4.75173
13.01 -0.541373 -1.05264 -1.90109 -2.90256 -2.23096 -3.11796 -3.86285 -2.90109 -0.0674393 3.06578 4.01168 5.84542 6.68572 5.52649 4.06755 2.30068 -0.113906 -3.20438 -5.38359 -6.50723 -6.98324 -6.26134 -4.99597
13.06 -0.508021 -0.989011 -1.83095 -2.85812 -2.23083 -3.18158 -4.03242 -3.22265 -0.503498 2.77775 3.83848 5.74517 6.73203 5.67284 4.29438 2.58328 0.30536 -2.59937 -4.95039 -6.47294 -6.9861 -6.38298 -5.21021
13.11 -0.453355 -0.860343 -1.68657 -2.77265 -2.26414 -3.29716 -4.2192 -3.52482 -0.911841 2.53046 3.67178 5.60123 6.74077 5.80554 4.50967 2.84153 0.678751 -2.0411 -4.42487 -6.3282 -7.00524 -6.51221 -5.45037
13.16 -0.387906 -0.624192 -1.4023 -2.5991 -2.34114 -3.49217 -4.44039 -3.82302 -1.3208 2.36524 3.56034 5.34881 6.67491 5.93625 4.74057 3.09523 1.02183 -1.53604 -3.92304 -6.02312 -6.91058 -6.70666 -5.75443
13.21 -0.357474 -0.294509 -0.956903 -2.30743 -2.44305 -3.76105 -4.69599 -4.11183 -1.73609 2.22672 3.51049 4.95249 6.49282 6.08299 5.02667 3.37259 1.35637 -1.07474 -3.48009 -5.6825 -6.67162 -6.79599 -6.06611
13.26 -0.410578 0.0512394 -0.393059 -1.91399 -2.53258 -4.05423 -4.94231 -4.32467 -2.07079 1.82689 3.34462 4.61251 6.19237 6.2306 5.37118 3.69654 1.71996 -0.60918 -3.03555 -5.30518 -6.36296 -6.78495 -6.30598
13.31 -0.575762 0.313325 0.252007 -1.4537 -2.5675 -4.30161 -5.13454 -4.4696 -2.42317 1.03852 3.24688 4.54967 5.70849 6.29558 5.71505 4.0503 2.11687 -0.125175 -2.57267 -4.89194 -6.00048 -6.6841 -6.45508
13.36 -0.766977 0.457391 0.886671 -0.926325 -2.53223 -4.48802 -5.28837 -4.58991 -2.79393 0.146323 3.07588 4.56591 5.2112 6.3019 6.01732 4.39054 2.51151 0.353401 -2.10862 -4.46298 -5.60491 -6.50862 -6.50588
13.41 -0.779257 0.570944 1.33166 -0.331316 -2.43352 -4.61842 -5.41404 -4.69159 -3.11689 -0.626311 2.6665 4.41048 4.85975 6.29662 6.27656 4.70848 2.89899 0.82956 -1.63697 -4.01544 -5.17742 -6.26553 -6.46527
13.46 -0.718013 0.675671 1.731 0.251338 -2.30296 -4.69852 -5.50535 -4.77062 -3.38336 -1.27366 2.0465 4.09902 4.62895 6.27857 6.49239 5.00092 3.27352 1.29787 -1.16308 -3.55454 -4.72257 -5.96193 -6.33884
13.51 -0.629427 0.791822 2.11585 0.800706 -2.15698 -4.73808 -5.56795 -4.84047 -3.6214 -1.84492 1.3925 3.74195 4.42526 6.23029 6.65797 5.25745 3.62093 1.74237 -0.705084 -3.09902 -4.25755 -5.61588 -6.1398
13.56 -0.524485 0.921183 2.49333 1.31607 -2.00901 -4.75176 -5.61256 -4.90898 -3.83887 -2.34489 0.773164 3.37574 4.22222 6.15482 6.77597 5.47396 3.93373 2.1547 -0.272705 -2.65985 -3.79406 -5.24275 -5.88463
13.61 -0.407778 1.05888 2.86608 1.80284 -1.86805 -4.75157 -5.64752 -4.97973 -4.03974 -2.77901 0.215359 3.01977 4.01396 6.05856 6.8526 5.65116 4.20943 2.53111 0.129034 -2.24327 -3.33994 -4.85459 -5.58878
13.66 -0.283471 1.19694 3.23416 2.26935 -1.73807 -4.74483 -5.67817 -5.05489 -4.22756 -3.15532 -0.274987 2.68619 3.80303 5.94648 6.8944 5.79296 4.44944 2.8711 0.498194 -1.85251 -2.90037 -4.4606 -5.2655
13.71 -0.158925 1.31774 3.59165 2.73334 -1.61358 -4.72943 -5.70495 -5.13924 -4.41023 -3.4852 -0.704312 2.38867 3.59686 5.81445 6.90367 5.90672 4.66044 3.17733 0.834935 -1.48917 -2.4791 -4.06807 -4.92586
13.76 -0.0552762 1.36348 3.90656 3.2598 -1.46419 -4.67677 -5.71501 -5.25009 -4.6144 -3.79261 -1.10128 2.17441 3.42291 5.62079 6.86316 6.00628 4.86244 3.45926 1.14213 -1.15423 -2.0799 -3.68375 -4.57958
13.81 0.0605852 1.43696 4.04306 3.6371 -1.07793 -4.46284 -5.65703 -5.42575 -4.90202 -4.11922 -1.51091 2.09396 3.35765 5.27722 6.72059 6.11132 5.09486 3.73656 1.42691 -0.847973 -1.70726 -3.31504 -4.23626
13.86 0.254306 1.62314 3.78241 3.74558 -0.276531 -4.01479 -5.47967 -5.66388 -5.29186 -4.47321 -1.94905 2.03589 3.37241 4.78419 6.44091 6.23524 5.39631 4.04296 1.71693 -0.550594 -1.34921 -2.9564 -3.89731
13.91 0.463064 1.73763 3.15581 3.88188 0.826614 -3.4519 -5.20449 -5.89771 -5.69756 -4.77346 -2.33104 1.5889 3.2271 4.43462 6.04698 6.34868 5.75264 4.40356 2.05821 -0.212077 -0.96336 -2.57558 -3.54447
13.96 0.61902 1.80996 2.88457 3.77716 1.40857 -2.65612 -4.7571 -6.01067 -6.0265 -5.02088 -2.75838 0.748269 3.13407 4.37879 5.50888 6.37463 6.08779 4.77537 2.42553 0.154091 -0.558488 -2.17955 -3.17989
14.01 0.749015 1.88645 2.8282 3.51283 1.69328 -1.78532 -4.22908 -6.01661 -6.27059 -5.22545 -3.18556 -0.151307 2.91387 4.35622 5.01359 6.36072 6.37563 5.11947 2.78073 0.516853 -0.156946 -1.78486 -2.81445
14.06 0.84975 1.91615 2.77024 3.30559 1.95099 -0.994269 -3.70931 -5.95958 -6.44548 -5.39013 -3.55629 -0.933844 2.47454 4.17737 4.65841 6.34251 6.62026 5.4345 3.12296 0.876891 0.24412 -1.38771 -2.4458
14.11 0.915556 1.90146 2.69711 3.1776 2.21054 -0.297194 -3.22194 -5.86023 -6.55749 -5.51402 -3.86108 -1.58872 1.85455 3.85317 4.4134 6.32173 6.82657 5.72092 3.44781 1.22758 0.638496 -0.992715 -2.07623
14.16 0.953079 1.86038 2.61977 3.10689 2.45867 0.313093 -2.77706 -5.73563 -6.62035 -5.61026 -4.1234 -2.15773 1.21683 3.48606 4.19578 6.28204 6.99087 5.97344 3.74651 1.55764 1.01427 -0.611817 -1.71582
14.21 0.969457 1.80748 2.54748 3.07341 2.68858 0.852033 -2.37999 -5.60366 -6.65203 -5.68939 -4.35191 -2.64707 0.622198 3.11599 3.98374 6.22185 7.11523 6.19238 4.01683 1.86208 1.36548 -0.251659 -1.37124
14.26 0.970923 1.75241 2.48554 3.06338 2.89815 1.33783 -2.03074 -5.4761 -6.66677 -5.75968 -4.55403 -3.06494 0.0922805 2.77017 3.77357 6.13483 7.20003 6.38377 4.26398 2.1408 1.68935 0.0834841 -1.04737
14.31 0.961361 1.70198 2.4426 3.08339 3.07716 1.75498 -1.70724 -5.35175 -6.67236 -5.8294 -4.7396 -3.42384 -0.375823 2.48863 3.57681 5.9897 7.23211 6.5602 4.50516 2.39972 1.98513 0.389456 -0.749525
14.36 0.945956 1.66714 2.43499 3.1502 3.19324 2.05512 -1.36242 -5.20874 -6.66289 -5.90865 -4.92875 -3.75376 -0.842053 2.39909 3.48926 5.68938 7.15893 6.73197 4.7706 2.65375 2.2561 0.662465 -0.484503
14.41 0.929438 1.6561 2.46968 3.25856 3.17136 2.24319 -0.882184 -4.98282 -6.61495 -6.03112 -5.16266 -4.06442 -1.30157 2.41399 3.55914 5.23078 6.95236 6.90273 5.0828 2.92083 2.51439 0.909309 -0.250469
14.46 0.920452 1.67584 2.53942 3.3675 2.89215 2.38691 -0.106521 -4.59013 -6.48039 -6.22454 -5.47829 -4.34897 -1.71345 2.28406 3.59558 4.79259 6.65007 7.07165 5.44429 3.22318 2.79044 1.16127 -0.022709
14.51 0.914913 1.69801 2.60575 3.47234 2.8277 2.2854 0.317075 -3.8453 -6.13043 -6.39055 -5.8167 -4.58748 -2.07852 1.66625 3.49992 4.64726 6.27311 7.2036 5.81894 3.5599 3.10221 1.44488 0.225982
14.56 0.924303 1.73267 2.67122 3.54966 2.8244 2.07652 0.604313 -2.99955 -5.64152 -6.4659 -6.11805 -4.82103 -2.51517 0.766332 3.44214 4.73134 5.81207 7.26106 6.15632 3.89899 3.43057 1.74843 0.490653
14.61 0.951027 1.76783 2.70618 3.55683 2.77974 2.01773 0.887739 -2.27523 -5.10041 -6.45985 -6.36941 -5.04866 -2.95715 -0.12484 3.22505 4.77727 5.42193 7.2942 6.4514 4.22102 3.75629 2.05676 0.762482
14.66 0.98025 1.78694 2.70673 3.52531 2.75456 2.14093 1.0854 -1.75612 -4.52978 -6.3825 -6.56108 -5.25047 -3.33756 -0.848616 2.75236 4.61488 5.19087 7.33088 6.70864 4.52493 4.07735 2.3674 1.04025
14.71 1.00188 1.78842 2.68569 3.48262 2.75046 2.34229 1.27291 -1.36122 -3.98855 -6.26176 -6.69106 -5.41727 -3.66224 -1.45449 2.13889 4.33024 5.04151 7.3391 6.91997 4.81646 4.39676 2.67428 1.31454
14.76 1.01622 1.77812 2.65419 3.44009 2.75439 2.55251 1.47861 -1.01456 -3.50765 -6.12302 -6.77425 -5.55705 -3.94597 -1.97327 1.4921 4.01985 4.92262 7.27026 7.06408 5.10315 4.72626 2.97869 1.58
14.81 1.02491 1.76072 2.61927 3.4041 2.76429 2.75127 1.69063 -0.701207 -3.08792 -5.97949 -6.82234 -5.67308 -4.19496 -2.42478 0.802721 3.80008 4.89746 7.04812 7.09833 5.38787 5.08217 3.28959 1.83858
14.86 1.03146 1.74152 2.58667 3.37808 2.77925 2.93093 1.89158 -0.425184 -2.72412 -5.83862 -6.84552 -5.7716 -4.42094 -2.83283 0.0605886 3.7459 5.0775 6.63498 6.98099 5.65024 5.46119 3.6117 2.09654
14.91 1.02317 1.71097 2.55123 3.36342 2.80964 3.10795 2.10872 -0.140548 -2.38607 -5.7087 -6.87349 -5.87728 -4.60855 -3.09255 -0.414097 3.25997 4.9497 6.44167 6.84569 5.91358 5.85221 3.94576 2.36546
14.96 1.00166 1.67218 2.5163 3.36048 2.8528 3.27957 2.3275 0.142684 -2.06275 -5.56994 -6.877 -5.95941 -4.75437 -3.28399 -0.836804 2.50793 4.79509 6.4308 6.6109 6.12019 6.2229 4.28905 2.65274
15.01 0.97505 1.63394 2.48918 3.3707 2.90243 3.4305 2.50977 0.397248 -1.72611 -5.38076 -6.82872 -6.02545 -4.89098 -3.46614 -1.28444 1.59147 4.8159 6.66302 6.2153 6.2065 6.52308 4.61925 2.95116
15.06 0.93817 1.59287 2.46724 3.39208 2.95659 3.5555 2.66641 0.606504 -1.31657 -5.03441 -6.69595 -6.14749 -5.11416 -3.67338 -1.64872 0.926391 4.51447 6.6358 6.08445 6.31207 6.75128 4.91051 3.23939
15.11 0.889932 1.54485 2.44362 3.41763 3.01877 3.6869 2.92978 0.668349 -1.0985 -4.39874 -6.38544 -6.2908 -5.42343 -3.92052 -1.97336 0.4046 3.91265 6.41416 6.18606 6.42308 6.90122 5.17049 3.52334
15.16 0.841382 1.50179 2.42789 3.44621 3.06544 3.7657 3.17632 0.775087 -0.893816 -3.70531 -5.94039 -6.39243 -5.75598 -4.20483 -2.31985 -0.10986 3.15017 6.15383 6.41929 6.48275 6.94648 5.39922 3.81146
15.21 0.807549 1.47271 2.41773 3.46043 3.06916 3.77533 3.38598 1.09539 -0.72984 -3.19429 -5.39334 -6.40439 -6.0527 -4.50224 -2.68706 -0.620228 2.35669 5.80473 6.69461 6.56526 6.88035 5.58636 4.09889
15.26 0.78496 1.44753 2.39976 3.45307 3.04316 3.76003 3.59581 1.56345 -0.608555 -2.86894 -4.811 -6.3424 -6.29387 -4.78594 -3.03923 -1.07044 1.6801 5.15977 6.84389 6.85357 6.76388 5.72263 4.35936
15.31 0.761747 1.41383 2.36657 3.42853 3.00713 3.7417 3.78386 2.02358 -0.368078 -2.55053 -4.29844 -6.25714 -6.48966 -5.04855 -3.36884 -1.46532 1.11487 4.41808 6.63641 7.13931 6.82742 5.8711 4.58452
15.36 0.731119 1.35927 2.30626 3.38204 2.97066 3.73378 3.95049 2.43896 -0.0162493 -2.18604 -3.86155 -6.16008 -6.64317 -5.2841 -3.6738 -1.82296 0.61523 3.70364 6.06102 7.26632 7.1448 6.07862 4.78036
15.41 0.689486 1.26228 2.19199 3.29721 2.94691 3.75845 4.11309 2.81781 0.368235 -1.80816 -3.4701 -6.04802 -6.75348 -5.48586 -3.95033 -2.15312 0.155255 3.02816 5.405 7.16039 7.42937 6.40212 5.0585
15.46 0.639755 1.09239 1.97886 3.14212 2.94905 3.84106 4.28846 3.16809 0.756192 -1.42641 -3.10433 -5.92282 -6.82806 -5.65958 -4.20602 -2.46697 -0.273699 2.41612 4.82218 6.83496 7.41332 6.7914 5.52666
15.51 0.613914 0.852555 1.64035 2.88367 2.97218 3.99087 4.48745 3.49907 1.1336 -1.04869 -2.75452 -5.78654 -6.87191 -5.80688 -4.4406 -2.76553 -0.679304 1.85085 4.29101 6.45791 7.22286 7.0127 5.984
15.56 0.654887 0.606807 1.19794 2.51033 2.9889 4.18825 4.71017 3.81874 1.49541 -0.676788 -2.40717 -5.63302 -6.88616 -5.93303 -4.65732 -3.04761 -1.06169 1.32508 3.78937 6.05133 6.93829 7.09528 6.3464
15.61 0.765637 0.461776 0.687033 2.0343 2.97344 4.40094 4.94685 4.12688 1.83092 -0.316011 -2.03128 -5.42798 -6.85851 -6.05517 -4.87526 -3.31756 -1.41977 0.837763 3.31393 5.63288 6.59782 7.06586 6.59253
15.66 0.849911 0.415077 0.221092 1.46499 2.91063 4.60041 5.18475 4.42103 2.14647 -0.0258941 -1.61016 -5.06893 -6.73799 -6.20143 -5.13989 -3.59537 -1.75922 0.387559 2.86689 5.21719 6.22624 6.94905 6.72485
15.71 0.872769 0.363778 -0.179134 0.868154 2.81203 4.77143 5.41442 4.71114 2.52409 0.112798 -1.36789 -4.43785 -6.43808 -6.35067 -5.4699 -3.90453 -2.1007 -0.0411945 2.44156 4.80997 5.83858 6.76606 6.75721
15.76 0.866592 0.276809 -0.565262 0.296602 2.69687 4.90772 5.61234 4.95321 2.9104 0.239863 -1.17951 -3.71044 -5.99388 -6.45813 -5.82376 -4.24203 -2.46323 -0.476136 2.01388 4.39782 5.43308 6.52763 6.70538
15.81 0.837525 0.161708 -0.932927 -0.238447 2.5711 4.99385 5.74287 5.10156 3.24453 0.622088 -0.960568 -3.16064 -5.45424 -6.4812 -6.1431 -4.58353 -2.84607 -0.930408 1.56673 3.96578 5.00131 6.23562 6.57796
15.86 0.789291 0.0343346 -1.28037 -0.749031 2.43595 5.03039 5.81421 5.19124 3.56283 1.19687 -0.764756 -2.81337 -4.87172 -6.41779 -6.39197 -4.89382 -3.21957 -1.38195 1.11624 3.52501 4.55204 5.9008 6.38383
15.91 0.72718 -0.101028 -1.61665 -1.23473 2.291 5.03086 5.84852 5.25003 3.84748 1.79328 -0.500093 -2.5194 -4.33846 -6.31244 -6.57471 -5.1595 -3.56512 -1.8141 0.67566 3.08547 4.09329 5.53321 6.13414
15.96 0.643551 -0.268653 -1.94727 -1.64009 2.12312 4.9997 5.85592 5.28868 4.08175 2.3173 -0.121889 -2.18591 -3.89422 -6.19452 -6.70472 -5.38093 -3.87698 -2.22007 0.251078 2.65216 3.6298 5.14003 5.8389
16.01 0.536578 -0.456322 -2.25647 -1.99239 1.94115 4.94251 5.84193 5.31966 4.28269 2.77575 0.290398 -1.83489 -3.5078 -6.06703 -6.79075 -5.56089 -4.15185 -2.59262 -0.148288 2.23455 3.17109 4.73233 5.50992
16.06 0.404477 -0.657778 -2.5168 -2.28905 1.72242 4.84561 5.80471 5.3597 4.47316 3.17847 0.694455 -1.48737 -3.16046 -5.93321 -6.84114 -5.70422 -4.39052 -2.92934 -0.517906 1.83855 2.72435 4.31965 5.15872
16.11 0.233125 -0.888597 -2.64133 -2.47189 1.3719 4.64809 5.71871 5.43572 4.69428 3.54818 1.0751 -1.15527 -2.83965 -5.79248 -6.86266 -5.82023 -4.60044 -3.23361 -0.85836 1.46568 2.29319 3.90832 4.79451
16.16 0.00310121 -1.14952 -2.48662 -2.51002 0.763934 4.27857 5.54224 5.57015 4.99234 3.91773 1.43506 -0.838709 -2.51785 -5.62176 -6.85179 -5.92838 -4.80419 -3.51844 -1.17674 1.11276 1.87733 3.50084 4.42312
16.21 -0.21902 -1.30911 -2.15638 -2.55202 0.040937 3.74109 5.25329 5.73816 5.36496 4.30445 1.78209 -0.553797 -2.14526 -5.33827 -6.77336 -6.06245 -5.04946 -3.80825 -1.48345 0.777149 1.47794 3.10043 4.04958
16.26 -0.399534 -1.43632 -2.09277 -2.38664 -0.300924 2.96905 4.81231 5.86291 5.75614 4.70866 2.17794 -0.417246 -1.87329 -4.80764 -6.5419 -6.22102 -5.36897 -4.12377 -1.78639 0.461129 1.1038 2.71934 3.68584
16.31 -0.54854 -1.52127 -2.09341 -2.19642 -0.537248 2.19234 4.32318 5.92909 6.10963 5.08797 2.6215 -0.360421 -1.74915 -4.09573 -6.14889 -6.35778 -5.73466 -4.47022 -2.10476 0.145084 0.742118 2.35298 3.33467
16.36 -0.655198 -1.54338 -2.06839 -2.11242 -0.769549 1.53278 3.84483 5.93207 6.37617 5.37033 3.02706 -0.133095 -1.57664 -3.47021 -5.66788 -6.4344 -6.09021 -4.83066 -2.44735 -0.192008 0.370842 1.9836 2.98596
16.41 -0.720406 -1.52397 -2.03541 -2.12302 -0.971767 0.998658 3.38657 5.86518 6.53284 5.54296 3.39587 0.422101 -1.4022 -3.10164 -5.12855 -6.42775 -6.39064 -5.17505 -2.79731 -0.544765 -0.0116215 1.60636 2.63389
16.46 -0.752017 -1.48533 -2.01117 -2.19863 -1.13195 0.560622 2.94937 5.74844 6.60932 5.64952 3.73897 1.09551 -1.1735 -2.86965 -4.61551 -6.37283 -6.62828 -5.48023 -3.12773 -0.889925 -0.388782 1.23215 2.28402
16.51 -0.759755 -1.44331 -2.00408 -2.31481 -1.26519 0.213299 2.53518 5.60477 6.63465 5.71672 4.0368 1.74214 -0.858012 -2.64957 -4.1776 -6.30134 -6.81413 -5.74435 -3.43035 -1.21726 -0.752201 0.867296 1.9406
16.56 -0.753329 -1.40638 -2.01246 -2.44578 -1.38707 -0.0800474 2.15489 5.45233 6.62811 5.75746 4.27639 2.28948 -0.429685 -2.36702 -3.83319 -6.23325 -6.96283 -5.97378 -3.70562 -1.52389 -1.09875 0.514321 1.6054
16.61 -0.741648 -1.37983 -2.03505 -2.58002 -1.49611 -0.332815 1.80556 5.29677 6.60063 5.7869 4.47904 2.75887 0.0133611 -2.0613 -3.53645 -6.16079 -7.07931 -6.17387 -3.95477 -1.80614 -1.42247 0.180105 1.28448
16.66 -0.730883 -1.3676 -2.07354 -2.71628 -1.58303 -0.53562 1.4649 5.1302 6.55649 5.82056 4.66462 3.16192 0.426681 -1.76083 -3.26232 -6.0736 -7.1643 -6.35307 -4.18532 -2.06502 -1.72075 -0.130731 0.982918
16.71 -0.725683 -1.37362 -2.12952 -2.84904 -1.61529 -0.689435 1.07971 4.91044 6.47987 5.88367 4.86936 3.5193 0.789929 -1.49133 -2.98859 -5.94189 -7.20769 -6.52883 -4.41925 -2.30944 -1.99458 -0.415028 0.705407
16.76 -0.728164 -1.39563 -2.19598 -2.96831 -1.64448 -0.744724 0.713995 4.50965 6.30308 5.99816 5.14657 3.86974 1.12225 -1.30394 -2.71592 -5.69476 -7.17456 -6.72474 -4.69668 -2.56115 -2.25248 -0.673535 0.455089
16.81 -0.739004 -1.42989 -2.2703 -3.08183 -1.77969 -0.636777 0.571136 3.86501 5.96051 6.12933 5.50173 4.2542 1.52761 -1.30638 -2.59637 -5.2294 -6.9995 -6.93279 -5.04042 -2.84407 -2.51197 -0.916151 0.228821
16.86 -0.767415 -1.47388 -2.32774 -3.1309 -1.85727 -0.63852 0.416206 3.27138 5.51178 6.23321 5.87513 4.63742 1.98793 -1.31346 -2.59788 -4.63085 -6.69911 -7.129 -5.43169 -3.16526 -2.79227 -1.16497 0.00860797
16.91 -0.800421 -1.50385 -2.34727 -3.12528 -1.93355 -0.888983 0.360379 2.93444 4.96932 6.25013 6.18017 4.93905 2.40503 -1.07699 -2.49527 -4.13643 -6.33964 -7.28784 -5.82672 -3.51093 -3.09995 -1.43727 -0.225171
16.96 -0.825899 -1.51616 -2.3422 -3.09837 -2.01082 -1.2254 0.286056 2.70258 4.4473 6.1951 6.38269 5.13939 2.78197 -0.475504 -2.31061 -3.88177 -5.93588 -7.38336 -6.18575 -3.85955 -3.42721 -1.73408 -0.479666
17.01 -0.848 -1.51947 -2.32405 -3.0576 -2.05534 -1.51859 0.0874043 2.44035 4.01907 6.10409 6.51131 5.29078 3.16895 0.29868 -2.13785 -3.78659 -5.50234 -7.41206 -6.48613 -4.18899 -3.7561 -2.04095 -0.745944
17.06 -0.86307 -1.51157 -2.29502 -3.01416 -2.08682 -1.78247 -0.181257 2.16441 3.6616 5.99622 6.59607 5.41708 3.5279 1.04098 -1.86921 -3.69318 -5.1205 -7.40633 -6.73089 -4.49146 -4.07561 -2.34548 -1.01406
17.11 -0.867138 -1.49167 -2.2593 -2.97812 -2.12139 -2.02792 -0.481805 1.88616 3.35496 5.88414 6.65382 5.52416 3.82733 1.64512 -1.43725 -3.478 -4.83464 -7.38047 -6.92799 -4.77741 -4.3929 -2.64778 -1.28137
17.16 -0.860143 -1.46228 -2.22152 -2.95392 -2.16445 -2.25803 -0.789582 1.61145 3.08159 5.76908 6.68957 5.61861 4.08415 2.14719 -0.951741 -3.20505 -4.58525 -7.2929 -7.06478 -5.06197 -4.7232 -2.9492 -1.54152
17.21 -0.844396 -1.42718 -2.18556 -2.94284 -2.21662 -2.47342 -1.08924 1.34596 2.83132 5.65282 6.70933 5.70567 4.30891 2.56556 -0.44415 -2.95231 -4.37949 -7.08629 -7.11138 -5.35488 -5.0857 -3.25954 -1.79623
17.26 -0.825155 -1.39224 -2.15589 -2.9446 -2.27471 -2.67049 -1.36737 1.10618 2.60385 5.52939 6.70797 5.78266 4.51424 2.94576 0.172058 -2.89767 -4.39395 -6.66376 -7.00706 -5.63514 -5.48238 -3.58959 -2.05583
17.31 -0.800108 -1.35636 -2.13186 -2.95919 -2.34175 -2.85466 -1.63558 0.892506 2.38348 5.37257 6.68807 5.8779 4.71625 3.24072 0.675961 -2.69001 -4.36247 -6.27189 -6.83005 -5.89358 -5.88624 -3.9316 -2.32674
17.36 -0.762636 -1.31446 -2.11028 -2.9863 -2.42405 -3.04171 -1.9518 0.769911 2.21545 5.07671 6.58787 5.99149 4.92953 3.45925 1.05603 -2.15702 -4.17338 -6.07918 -6.61479 -6.11752 -6.27416 -4.28184 -2.61545
17.41 -0.71883 -1.27338 -2.09719 -3.02664 -2.51338 -3.21019 -2.30339 0.713687 2.17973 4.58194 6.33036 6.1052 5.18818 3.68695 1.4543 -1.4399 -4.05464 -6.0731 -6.30873 -6.25684 -6.60678 -4.62525 -2.91853
17.46 -0.683517 -1.24841 -2.10101 -3.06984 -2.56793 -3.28097 -2.56027 0.451281 2.07008 4.13905 5.93959 6.19639 5.49094 3.96298 1.89464 -0.66835 -3.93801 -6.14094 -5.98607 -6.32402 -6.86479 -4.95109 -3.2338
17.51 -0.658237 -1.23 -2.09946 -3.08774 -2.57427 -3.29524 -2.82622 -0.122296 2.05695 3.95502 5.39933 6.21529 5.79067 4.25256 2.28489 -0.0862668 -3.44798 -5.91786 -5.91645 -6.41507 -7.0509 -5.24493 -3.54513
17.56 -0.636214 -1.20937 -2.08744 -3.087 -2.55793 -3.29241 -3.08873 -0.772104 1.98486 3.85893 4.86385 6.17958 6.04127 4.52228 2.64582 0.431328 -2.79347 -5.59505 -5.9679 -6.47061 -7.1377 -5.50098 -3.85055
17.61 -0.617221 -1.19036 -2.07458 -3.08186 -2.53317 -3.27313 -3.28803 -1.30293 1.67728 3.63162 4.47172 6.13476 6.24629 4.77164 2.994 0.930476 -2.05011 -5.24457 -6.10464 -6.47301 -7.10381 -5.71447 -4.154
17.66 -0.602326 -1.17262 -2.05844 -3.06823 -2.49825 -3.24722 -3.44869 -1.75711 1.24354 3.33364 4.16903 6.07821 6.41418 5.00459 3.32081 1.37589 -1.37279 -4.70516 -6.19453 -6.58705 -6.96789 -5.87565 -4.4447
17.71 -0.587572 -1.15012 -2.0331 -3.04437 -2.46005 -3.23153 -3.59852 -2.16585 0.771633 3.00705 3.90547 6.00819 6.55004 5.22138 3.62428 1.76431 -0.797333 -4.05055 -6.08277 -6.73237 -6.88195 -6.01415 -4.70425
17.76 -0.56764 -1.11532 -1.99244 -3.00955 -2.426 -3.23549 -3.74935 -2.53999 0.299762 2.66521 3.65599 5.92505 6.65482 5.41524 3.89788 2.10137 -0.30447 -3.36221 -5.66502 -6.83326 -6.98031 -6.15023 -4.91158
17.81 -0.537519 -1.05543 -1.92311 -2.95778 -2.40483 -3.26756 -3.90546 -2.88273 -0.14889 2.32068 3.40914 5.82877 6.72959 5.58445 4.14561 2.40488 0.132239 -2.72574 -5.09531 -6.76067 -7.12251 -6.35686 -5.16485
17.86 -0.490638 -0.940422 -1.78875 -2.86727 -2.40991 -3.34564 -4.07416 -3.19883 -0.564256 1.98365 3.15929 5.7165 6.77486 5.72958 4.37063 2.68471 0.531338 -2.13678 -4.5119 -6.49466 -7.16457 -6.63685 -5.4912
17.91 -0.434307 -0.733252 -1.53309 -2.69781 -2.45228 -3.49361 -4.26783 -3.49782 -0.949605 1.66543 2.90312 5.57409 6.78805 5.86115 4.5881 2.95483 0.904667 -1.6041 -4.00289 -6.14 -6.98099 -6.831 -5.88935
17.96 -0.411427 -0.442797 -1.12983 -2.41533 -2.51855 -3.71381 -4.49647 -3.79613 -1.33219 1.42832 2.65959 5.33701 6.73825 5.9927 4.82007 3.22338 1.25742 -1.11486 -3.5334 -5.76164 -6.7074 -6.89768 -6.20907
18.01 -0.471022 -0.13769 -0.603669 -2.01926 -2.57592 -3.97831 -4.75788 -4.10232 -1.74514 1.29142 2.52055 4.90646 6.56133 6.13606 5.10186 3.50804 1.59802 -0.662396 -3.09539 -5.37757 -6.38578 -6.86517 -6.4285
18.06 -0.636544 0.0804503 0.0259634 -1.54263 -2.60243 -4.24656 -5.02293 -4.38208 -2.16268 1.14368 2.43279 4.34337 6.23579 6.27687 5.44001 3.82669 1.9501 -0.22107 -2.66776 -4.98601 -6.03177 -6.75343 -6.55151
18.11 -0.782553 0.189487 0.594219 -0.986978 -2.57384 -4.46746 -5.23377 -4.56921 -2.51514 0.667016 2.2701 3.95567 5.77933 6.36147 5.78853 4.17588 2.33551 0.242868 -2.21774 -4.56645 -5.63904 -6.56797 -6.58447
18.16 -0.787206 0.259919 1.00574 -0.384938 -2.48329 -4.61377 -5.3798 -4.701 -2.88202 -0.0706621 2.16201 3.80984 5.21759 6.3497 6.08674 4.51475 2.72723 0.712454 -1.75844 -4.1311 -5.21918 -6.32105 -6.52968
18.21 -0.743722 0.331195 1.38338 0.199148 -2.35864 -4.70298 -5.48278 -4.80248 -3.22424 -0.818994 1.93457 3.66868 4.71151 6.29597 6.32789 4.82123 3.10241 1.17101 -1.30187 -3.68974 -4.78058 -6.02387 -6.39701
18.26 -0.685747 0.419122 1.75334 0.753424 -2.21865 -4.7523 -5.55501 -4.87818 -3.50123 -1.44379 1.48869 3.38477 4.34099 6.23542 6.52049 5.09339 3.4575 1.61803 -0.84624 -3.23998 -4.32181 -5.67999 -6.1951
18.31 -0.619011 0.520028 2.11887 1.28067 -2.073 -4.76884 -5.59922 -4.93753 -3.7356 -1.98673 0.959645 3.03829 4.03413 6.15709 6.66529 5.32819 3.78371 2.04097 -0.406023 -2.79553 -3.85507 -5.30255 -5.93541
18.36 -0.543949 0.627226 2.4803 1.78633 -1.93102 -4.76442 -5.62549 -4.99141 -3.94217 -2.46011 0.432026 2.67556 3.75386 6.06033 6.76561 5.52351 4.07485 2.4315 0.00880452 -2.36719 -3.39171 -4.90544 -5.63261
18.41 -0.462363 0.732477 2.83654 2.27929 -1.79844 -4.74821 -5.64191 -5.04651 -4.12957 -2.87085 -0.05823 2.31942 3.48739 5.94918 6.82788 5.68142 4.32956 2.78604 0.393064 -1.9614 -2.93965 -4.49973 -5.30032
18.46 -0.378951 0.823087 3.17689 2.77469 -1.66949 -4.71932 -5.65107 -5.11033 -4.30857 -3.22904 -0.498333 1.98436 3.23107 5.8252 6.85785 5.80764 4.55134 3.10499 0.745017 -1.58154 -2.50422 -4.09387 -4.95014
18.51 -0.271632 0.958278 3.45023 3.14896 -1.44989 -4.62681 -5.63417 -5.19989 -4.50597 -3.55333 -0.889296 1.68932 2.98571 5.67538 6.85392 5.91389 4.7523 3.39277 1.06449 -1.23047 -2.09038 -3.69538 -4.59221
18.56 -0.112677 1.15147 3.51689 3.34655 -1.00688 -4.37884 -5.54476 -5.34336 -4.77363 -3.88356 -1.26743 1.50007 2.77157 5.42654 6.78323 6.02367 4.9684 3.66752 1.35824 -0.908177 -1.70186 -3.31064 -4.23531
18.61 0.120433 1.39856 3.19668 3.37343 -0.200396 -3.93122 -5.34795 -5.54985 -5.14705 -4.25933 -1.6925 1.44997 2.68228 4.96468 6.57505 6.15341 5.24753 3.96174 1.64656 -0.604231 -1.33534 -2.94121 -3.8852
18.66 0.338331 1.52757 2.69531 3.43317 0.708545 -3.33729 -5.04244 -5.76408 -5.57344 -4.65041 -2.1617 1.39762 2.66424 4.35211 6.21753 6.28655 5.59388 4.29811 1.95867 -0.291943 -0.97177 -2.57572 -3.53841
18.71 0.506805 1.63483 2.55641 3.24248 1.1226 -2.51824 -4.58909 -5.88781 -5.93682 -4.9505 -2.56438 0.981395 2.5326 3.93588 5.75789 6.37039 5.94975 4.6616 2.30497 0.0500756 -0.590197 -2.19804 -3.18555
18.76 0.649759 1.71798 2.52432 2.9852 1.36077 -1.69515 -4.07987 -5.90262 -6.19065 -5.16874 -2.98029 0.223869 2.42497 3.79213 5.21008 6.36792 6.2593 5.01504 2.66147 0.408665 -0.197464 -1.81212 -2.82752
18.81 0.757711 1.74368 2.47011 2.81123 1.59016 -0.970043 -3.57623 -5.84395 -6.35943 -5.3337 -3.37773 -0.587859 2.19192 3.68739 4.71624 6.33086 6.51651 5.33633 3.00315 0.762693 0.191968 -1.42732 -2.4695
18.86 0.827194 1.72508 2.40213 2.72277 1.81563 -0.344469 -3.10423 -5.74357 -6.46683 -5.45762 -3.71564 -1.3013 1.78202 3.47988 4.34024 6.28877 6.72795 5.62308 3.32477 1.10696 0.574998 -1.04505 -2.11223
18.91 0.861854 1.6804 2.33521 2.69645 2.03089 0.204157 -2.6721 -5.61913 -6.52525 -5.54661 -3.99056 -1.89968 1.23872 3.16628 4.05851 6.24663 6.90218 5.87811 3.62317 1.43493 0.944881 -0.671002 -1.75942
18.96 0.871859 1.62591 2.27865 2.71011 2.22249 0.69006 -2.28137 -5.48371 -6.54928 -5.61507 -4.22464 -2.41472 0.688148 2.82228 3.80988 6.1923 7.03941 6.10123 3.8947 1.73941 1.29293 -0.314546 -1.41937
19.01 0.864896 1.57476 2.24719 2.77061 2.37754 1.07029 -1.90918 -5.34102 -6.55104 -5.67332 -4.42897 -2.85476 0.179153 2.48389 3.57522 6.11996 7.14091 6.29661 4.14162 2.0179 1.61436 0.0182129 -1.09837
19.06 0.85009 1.53569 2.24178 2.85964 2.4987 1.37168 -1.55503 -5.19553 -6.53914 -5.73038 -4.61459 -3.23038 -0.269984 2.18067 3.34588 6.00922 7.20028 6.47599 4.37784 2.27457 1.90775 0.322897 -0.801811
19.11 0.833542 1.51312 2.26235 2.96831 2.56983 1.60592 -1.18156 -5.02735 -6.51028 -5.80241 -4.80451 -3.56234 -0.673525 1.97639 3.14041 5.79745 7.18647 6.65763 4.63436 2.52379 2.17635 0.596538 -0.535254
19.16 0.822816 1.518 2.32007 3.09848 2.49451 1.7467 -0.662774 -4.76932 -6.43314 -5.92058 -5.05091 -3.89868 -1.115 1.99569 3.10377 5.37781 7.03336 6.84228 4.94132 2.78822 2.43297 0.843825 -0.299766
19.21 0.824541 1.54492 2.39126 3.20807 2.35428 1.79361 -0.109447 -4.28767 -6.23246 -6.09631 -5.39045 -4.24717 -1.57889 2.0445 3.19826 4.83182 6.75322 7.02363 5.30088 3.08394 2.69854 1.08496 -0.080502
19.26 0.830342 1.57761 2.46616 3.32001 2.40765 1.61442 0.1262 -3.52673 -5.84969 -6.25114 -5.75458 -4.54558 -1.97435 1.77434 3.15617 4.44009 6.41231 7.18398 5.68361 3.41226 2.99295 1.34817 0.149351
19.31 0.850315 1.61723 2.5241 3.37252 2.42779 1.50983 0.360064 -2.80259 -5.36758 -6.32233 -6.05954 -4.78623 -2.3757 1.06741 3.05028 4.32209 5.99815 7.28413 6.04796 3.75922 3.31805 1.64361 0.404219
19.36 0.88255 1.64906 2.54631 3.36465 2.43356 1.61464 0.507977 -2.29498 -4.80596 -6.28512 -6.28405 -4.99652 -2.80833 0.198461 2.91191 4.34679 5.56361 7.32359 6.36067 4.09121 3.6462 1.9496 0.670726
19.41 0.912968 1.66469 2.54094 3.33122 2.45175 1.83975 0.621826 -1.94174 -4.246 -6.18498 -6.44366 -5.1778 -3.2105 -0.609528 2.63894 4.31882 5.2087 7.33857 6.62289 4.39773 3.96432 2.25263 0.938257
19.46 0.934331 1.66493 2.5188 3.2893 2.46856 2.078 0.807002 -1.61964 -3.75791 -6.06824 -6.55948 -5.32987 -3.5432 -1.2535 2.14299 4.10701 4.98673 7.34788 6.84466 4.68914 4.28017 2.55569 1.20784
19.51 0.945711 1.65231 2.48664 3.24873 2.48671 2.30763 1.03788 -1.30633 -3.33636 -5.94172 -6.63653 -5.45876 -3.82981 -1.79582 1.57096 3.82088 4.81005 7.30324 7.01077 4.97624 4.60472 2.85753 1.4719
19.56 0.94855 1.63058 2.45033 3.21569 2.50986 2.52242 1.28562 -1.00644 -2.96818 -5.81197 -6.68469 -5.57033 -4.0801 -2.25512 0.971222 3.55053 4.6769 7.14571 7.09074 5.26737 4.95484 3.16476 1.7293
19.61 0.947122 1.60556 2.41586 3.19316 2.53776 2.71765 1.52581 -0.733592 -2.6478 -5.68252 -6.70669 -5.66253 -4.30378 -2.67263 0.27198 3.47867 4.75019 6.76924 7.02092 5.54733 5.33796 3.48805 1.98757
19.66 0.938631 1.57626 2.38353 3.18257 2.57508 2.89977 1.75924 -0.4728 -2.35441 -5.55786 -6.72472 -5.75973 -4.50608 -2.9948 -0.3032 3.26451 4.77912 6.40919 6.87056 5.80998 5.73305 3.82176 2.25265
19.71 0.915068 1.53746 2.3511 3.18454 2.62709 3.07827 1.99699 -0.202803 -2.06267 -5.42283 -6.73082 -5.85454 -4.67197 -3.20627 -0.715918 2.67424 4.6024 6.26537 6.67958 6.04773 6.12265 4.16778 2.53589
19.76 0.882226 1.4959 2.32434 3.1996 2.68747 3.23972 2.21296 0.0396089 -1.74936 -5.2156 -6.67825 -5.94363 -4.83483 -3.39281 -1.1272 1.88802 4.50172 6.31558 6.3748 6.19713 6.46208 4.51019 2.83452
19.81 0.845838 1.45645 2.3056 3.22633 2.75485 3.38959 2.45779 0.131485 -1.50844 -4.79614 -6.48981 -6.04994 -5.06025 -3.61168 -1.54723 1.08068 4.45718 6.47711 6.03888 6.26152 6.71851 4.82382 3.13397
19.86 0.80043 1.41382 2.28994 3.26114 2.82757 3.52571 2.75815 0.163273 -1.40087 -4.16096 -6.14502 -6.1794 -5.37399 -3.86987 -1.89667 0.52095 3.998 6.31739 6.02123 6.36921 6.9061 5.1013 3.42375
19.91 0.757596 1.3793 2.28221 3.29194 2.86665 3.58198 2.99988 0.39578 -1.23095 -3.6017 -5.68721 -6.26474 -5.70248 -4.15861 -2.25326 0.00129542 3.32511 6.04229 6.14756 6.45132 7.00652 5.35436 3.7196
19.96 0.729714 1.35553 2.27342 3.3011 2.8613 3.58489 3.23686 0.874691 -1.16178 -3.28926 -5.11704 -6.24686 -5.97712 -4.44406 -2.61821 -0.516674 2.54018 5.75249 6.38146 6.47628 6.98754 5.56577 4.014
