50.005 0
50.055 3.27367e-05
50.105 3.06241e-05
50.155 2.88599e-05
50.205 2.74456e-05
50.255 2.64036e-05
50.305 2.58125e-05
50.355 2.57919e-05
50.405 2.64372e-05
50.455 2.70037e-05
50.505 2.5585e-05
50.555 2.4355e-05
50.605 2.3631e-05
50.655 2.3585e-05
50.705 2.41496e-05
50.755 2.51535e-05
50.805 2.64172e-05
50.855 2.78052e-05
50.905 2.92356e-05
50.955 3.0648e-05
51.005 3.1964e-05
51.055 3.31156e-05
51.105 3.41431e-05
51.155 3.52538e-05
51.205 3.67077e-05
51.255 3.8565e-05
51.305 4.05754e-05
51.355 4.23474e-05
51.405 4.357e-05
51.455 4.41031e-05
51.505 4.39571e-05
51.555 4.322e-05
51.605 4.19935e-05
51.655 4.03691e-05
51.705 3.84543e-05
51.755 3.64233e-05
51.805 3.45717e-05
51.855 3.3353e-05
51.905 3.33297e-05
51.955 3.48492e-05
52.005 3.75019e-05
52.055 4.02516e-05
52.105 4.22802e-05
52.155 4.32881e-05
52.205 4.32968e-05
52.255 4.2191e-05
52.305 4.04244e-05
52.355 3.84564e-05
52.405 3.64882e-05
52.455 3.46911e-05
52.505 3.31443e-05
52.555 3.1861e-05
52.605 3.08434e-05
52.655 3.01358e-05
52.705 2.98483e-05
52.755 3.0121e-05
52.805 3.10458e-05
52.855 3.10119e-05
52.905 2.95229e-05
52.955 2.82879e-05
53.005 2.76283e-05
53.055 2.76256e-05
53.105 2.81521e-05
53.155 2.9014e-05
53.205 3.00401e-05
53.255 3.11214e-05
53.305 3.22025e-05
53.355 3.32381e-05
53.405 3.41618e-05
53.455 3.49351e-05
53.505 3.56501e-05
53.555 3.655e-05
53.605 3.7866e-05
53.655 3.95709e-05
53.705 4.13407e-05
53.755 4.27718e-05
53.805 4.35866e-05
53.855 4.36965e-05
53.905 4.3158e-05
53.955 4.20879e-05
54.005 4.05937e-05
54.055 3.87712e-05
54.105 3.67561e-05
54.155 3.4783e-05
54.205 3.32258e-05
54.255 3.25978e-05
54.305 3.34446e-05
54.355 3.59398e-05
54.405 3.94221e-05
54.455 4.2783e-05
54.505 4.52887e-05
54.555 4.67069e-05
54.605 4.70817e-05
54.655 4.61492e-05
54.705 4.46363e-05
54.755 4.28066e-05
54.805 4.08758e-05
54.855 3.90138e-05
54.905 3.73111e-05
54.955 3.58047e-05
55.005 3.45307e-05
55.055 3.3571e-05
55.105 3.30621e-05
55.155 3.31522e-05
55.205 3.3916e-05
55.255 3.26514e-05
55.305 3.06533e-05
55.355 2.91302e-05
55.405 2.83633e-05
55.455 2.83394e-05
55.505 2.8862e-05
55.555 2.96985e-05
55.605 3.06627e-05
55.655 3.16469e-05
55.705 3.26063e-05
55.755 3.35049e-05
55.805 3.42858e-05
55.855 3.4931e-05
55.905 3.556e-05
55.955 3.642e-05
56.005 3.76883e-05
56.055 3.92494e-05
56.105 4.07412e-05
56.155 4.18066e-05
56.205 4.22716e-05
56.255 4.21636e-05
56.305 4.16232e-05
56.355 4.07897e-05
56.405 3.97429e-05
56.455 3.85411e-05
56.505 3.73016e-05
56.555 3.62585e-05
56.605 3.57865e-05
56.655 3.63792e-05
56.705 3.8491e-05
56.755 4.20626e-05
56.805 4.61733e-05
56.855 4.96721e-05
56.905 5.1923e-05
56.955 5.27862e-05
57.005 5.23837e-05
57.055 5.03349e-05
57.105 4.77636e-05
57.155 4.48535e-05
57.205 4.18988e-05
57.255 3.91162e-05
57.305 3.66259e-05
57.355 3.44821e-05
57.405 3.27267e-05
57.455 3.14327e-05
57.505 3.07117e-05
57.555 3.06752e-05
57.605 3.13428e-05
57.655 2.9055e-05
57.705 2.69151e-05
57.755 2.53891e-05
57.805 2.46836e-05
57.855 2.472e-05
57.905 2.52892e-05
57.955 2.61787e-05
58.005 2.72361e-05
58.055 2.83846e-05
58.105 2.95964e-05
58.155 3.08302e-05
58.205 3.20117e-05
58.255 3.31155e-05
58.305 3.42711e-05
58.355 3.57239e-05
58.405 3.76059e-05
58.455 3.97457e-05
58.505 4.17756e-05
58.555 4.33772e-05
58.605 4.44075e-05
58.655 4.48768e-05
58.705 4.48557e-05
58.755 4.43952e-05
58.805 4.35241e-05
58.855 4.23059e-05
58.905 4.08983e-05
58.955 3.9585e-05
59.005 3.87875e-05
59.055 3.90352e-05
59.105 4.07474e-05
59.155 4.37023e-05
59.205 4.6869e-05
59.255 4.92126e-05
59.305 5.02784e-05
59.355 5.00478e-05
59.405 4.86227e-05
59.455 4.58491e-05
59.505 4.27999e-05
59.555 3.96319e-05
59.605 3.66155e-05
59.655 3.39229e-05
59.705 3.16299e-05
59.755 2.97517e-05
59.805 2.82974e-05
59.855 2.73164e-05
59.905 2.69044e-05
59.955 2.71584e-05
60.005 2.76103e-05
60.055 2.54822e-05
60.105 2.37419e-05
60.155 2.26228e-05
60.205 2.23027e-05
60.255 2.27063e-05
60.305 2.36486e-05
60.355 2.49363e-05
60.405 2.64207e-05
60.455 2.80146e-05
60.505 2.9662e-05
60.555 3.12878e-05
60.605 3.27993e-05
60.655 3.41878e-05
60.705 3.56205e-05
60.755 3.73512e-05
60.805 3.94638e-05
60.855 4.17292e-05
60.905 4.37625e-05
60.955 4.52603e-05
61.005 4.60975e-05
61.055 4.62967e-05
61.105 4.59443e-05
61.155 4.51203e-05
61.205 4.38922e-05
61.255 4.23538e-05
61.305 4.06759e-05
61.355 3.91448e-05
61.405 3.81914e-05
61.455 3.83527e-05
61.505 3.99857e-05
61.555 4.27087e-05
61.605 4.54386e-05
61.655 4.7268e-05
61.705 4.78592e-05
61.755 4.72485e-05
61.805 4.53768e-05
61.855 4.2605e-05
61.905 3.95888e-05
61.955 3.65652e-05
62.005 3.37693e-05
62.055 3.1334e-05
62.105 2.93044e-05
62.155 2.76815e-05
62.205 2.64771e-05
62.255 2.57504e-05
62.305 2.56012e-05
62.355 2.6108e-05
62.405 2.60258e-05
62.455 2.42544e-05
62.505 2.27673e-05
62.555 2.19068e-05
62.605 2.18074e-05
62.655 2.23798e-05
62.705 2.34447e-05
62.755 2.4821e-05
62.805 2.63732e-05
62.855 2.80211e-05
62.905 2.97056e-05
62.955 3.13459e-05
63.005 3.28599e-05
63.055 3.42726e-05
63.105 3.5776e-05
63.155 3.76015e-05
63.205 3.9759e-05
63.255 4.19593e-05
63.305 4.38115e-05
63.355 4.50388e-05
63.405 4.55532e-05
63.455 4.54136e-05
63.505 4.47403e-05
63.555 4.36451e-05
63.605 4.22156e-05
63.655 4.05498e-05
63.705 3.88119e-05
63.755 3.7285e-05
63.805 3.64092e-05
63.855 3.67185e-05
63.905 3.84741e-05
63.955 4.1133e-05
64.005 4.36115e-05
64.055 4.51475e-05
64.105 4.55116e-05
64.155 4.47858e-05
64.205 4.28143e-05
64.255 4.02617e-05
64.305 3.75316e-05
64.355 3.48706e-05
64.405 3.24732e-05
64.455 3.04366e-05
64.505 2.87849e-05
64.555 2.75197e-05
64.605 2.66714e-05
64.655 2.63228e-05
64.705 2.65829e-05
64.755 2.75088e-05
64.805 2.71278e-05
64.855 2.57108e-05
64.905 2.45961e-05
64.955 2.41117e-05
65.005 2.43209e-05
65.055 2.50913e-05
65.105 2.62265e-05
65.155 2.75499e-05
65.205 2.89445e-05
65.255 3.03517e-05
65.305 3.17297e-05
65.355 3.30163e-05
65.405 3.41673e-05
65.455 3.52608e-05
65.505 3.65213e-05
65.555 3.81507e-05
65.605 4.00872e-05
65.655 4.19947e-05
65.705 4.34894e-05
65.755 4.43311e-05
65.805 4.44679e-05
65.855 4.39846e-05
65.905 4.30144e-05
65.955 4.16702e-05
66.005 4.00308e-05
66.055 3.81866e-05
66.105 3.63105e-05
66.155 3.47249e-05
66.205 3.39285e-05
66.255 3.44771e-05
66.305 3.65248e-05
66.355 3.93741e-05
66.405 4.196e-05
66.455 4.36293e-05
66.505 4.42105e-05
66.555 4.37946e-05
66.605 4.2131e-05
66.655 4.00934e-05
66.705 3.79104e-05
66.755 3.58131e-05
66.805 3.3959e-05
66.855 3.24165e-05
66.905 3.12007e-05
66.955 3.03262e-05
67.005 2.98515e-05
67.055 2.98839e-05
67.105 3.0535e-05
67.155 3.1831e-05
67.205 3.08696e-05
67.255 2.94883e-05
67.305 2.84624e-05
67.355 2.80558e-05
67.405 2.82571e-05
67.455 2.88989e-05
67.505 2.9787e-05
67.555 3.07712e-05
67.605 3.17711e-05
67.655 3.27603e-05
67.705 3.37191e-05
67.755 3.46062e-05
67.805 3.54123e-05
67.855 3.62543e-05
67.905 3.73655e-05
67.955 3.88915e-05
68.005 4.06791e-05
68.055 4.23334e-05
68.105 4.34642e-05
68.155 4.38555e-05
68.205 4.34946e-05
68.255 4.25134e-05
68.305 4.10903e-05
68.355 3.93765e-05
68.405 3.74829e-05
68.455 3.5541e-05
68.505 3.37796e-05
68.555 3.25824e-05
68.605 3.24825e-05
68.655 3.39764e-05
68.705 3.7008e-05
68.755 4.0679e-05
68.805 4.39269e-05
68.855 4.6182e-05
68.905 4.73122e-05
68.955 4.74155e-05
69.005 4.60892e-05
69.055 4.44286e-05
69.105 4.25026e-05
69.155 4.05363e-05
69.205 3.86848e-05
69.255 3.70327e-05
69.305 3.56273e-05
69.355 3.45254e-05
69.405 3.38245e-05
69.455 3.36539e-05
69.505 3.41193e-05
69.555 3.51914e-05
69.605 3.27763e-05
69.655 3.08242e-05
69.705 2.94344e-05
69.755 2.88043e-05
69.805 2.88487e-05
69.855 2.93503e-05
69.905 3.00841e-05
69.955 3.08828e-05
70.005 3.16614e-05
70.055 3.24003e-05
70.105 3.30938e-05
70.155 3.37203e-05
70.205 3.42937e-05
70.255 3.49474e-05
70.305 3.58935e-05
70.355 3.72029e-05
70.405 3.86487e-05
70.455 3.98415e-05
70.505 4.04851e-05
70.555 4.0506e-05
70.605 4.00353e-05
70.655 3.92993e-05
70.705 3.84889e-05
70.755 3.76867e-05
70.805 3.69125e-05
70.855 3.62308e-05
70.905 3.58419e-05
70.955 3.61195e-05
71.005 3.75728e-05
71.055 4.05803e-05
71.105 4.48235e-05
71.155 4.91879e-05
71.205 5.26059e-05
71.255 5.45795e-05
71.305 5.50416e-05
71.355 5.39352e-05
71.405 5.13871e-05
71.455 4.828e-05
71.505 4.48554e-05
71.555 4.14335e-05
71.605 3.82386e-05
71.655 3.54044e-05
71.705 3.30087e-05
71.755 3.11168e-05
71.805 2.98089e-05
71.855 2.91707e-05
71.905 2.92483e-05
71.955 2.89467e-05
72.005 2.62949e-05
72.055 2.40567e-05
72.105 2.25007e-05
72.155 2.17368e-05
72.205 2.16394e-05
72.255 2.20087e-05
72.305 2.26681e-05
72.355 2.35068e-05
72.405 2.44893e-05
72.455 2.56255e-05
72.505 2.6911e-05
72.555 2.83007e-05
72.605 2.97821e-05
72.655 3.14693e-05
72.705 3.35383e-05
72.755 3.59935e-05
72.805 3.85599e-05
72.855 4.08521e-05
72.905 4.25961e-05
72.955 4.37074e-05
73.005 4.42458e-05
73.055 4.43141e-05
73.105 4.39808e-05
73.155 4.32828e-05
73.205 4.22912e-05
73.255 4.11777e-05
73.305 4.02533e-05
73.355 3.99774e-05
73.405 4.08903e-05
73.455 4.32732e-05
73.505 4.65937e-05
73.555 4.96718e-05
73.605 5.16011e-05
73.655 5.20805e-05
73.705 5.11944e-05
73.755 4.88431e-05
73.805 4.56303e-05
73.855 4.21268e-05
73.905 3.86148e-05
73.955 3.53403e-05
74.005 3.24424e-05
74.055 2.99782e-05
74.105 2.7965e-05
74.155 2.64267e-05
74.205 2.54192e-05
74.255 2.50181e-05
74.305 2.52605e-05
74.355 2.43932e-05
74.405 2.21314e-05
74.455 2.01761e-05
74.505 1.88657e-05
74.555 1.8302e-05
74.605 1.83971e-05
74.655 1.90046e-05
74.705 1.99874e-05
74.755 2.12537e-05
74.805 2.27602e-05
74.855 2.44781e-05
74.905 2.63429e-05
74.955 2.82626e-05
75.005 3.02229e-05
75.055 3.23605e-05
75.105 3.48429e-05
75.155 3.76264e-05
75.205 4.0402e-05
75.255 4.27938e-05
75.305 4.45462e-05
75.355 4.55751e-05
75.405 4.59204e-05
75.455 4.56723e-05
75.505 4.49215e-05
75.555 4.37661e-05
75.605 4.23485e-05
75.655 4.08968e-05
75.705 3.9757e-05
75.755 3.94069e-05
75.805 4.03627e-05
75.855 4.27665e-05
75.905 4.58943e-05
75.955 4.85654e-05
76.005 5.00138e-05
76.055 5.00352e-05
76.105 4.87582e-05
76.155 4.60171e-05
76.205 4.26958e-05
76.255 3.91796e-05
76.305 3.57704e-05
76.355 3.26805e-05
76.405 3.00066e-05
76.455 2.77692e-05
76.505 2.59669e-05
76.555 2.4625e-05
76.605 2.38133e-05
76.655 2.36163e-05
76.705 2.40542e-05
76.755 2.27831e-05
76.805 2.08011e-05
76.855 1.91312e-05
76.905 1.81011e-05
76.955 1.77849e-05
77.005 1.80997e-05
77.055 1.89123e-05
77.105 2.00981e-05
77.155 2.15704e-05
77.205 2.32764e-05
77.255 2.51554e-05
77.305 2.71091e-05
77.355 2.90518e-05
77.405 3.1023e-05
77.455 3.3209e-05
77.505 3.57649e-05
77.555 3.85871e-05
77.605 4.13265e-05
77.655 4.36031e-05
77.705 4.51653e-05
77.755 4.59245e-05
77.805 4.5914e-05
77.855 4.5232e-05
77.905 4.40036e-05
77.955 4.23774e-05
78.005 4.0546e-05
78.055 3.8775e-05
78.105 3.74379e-05
78.155 3.7027e-05
78.205 3.80164e-05
78.255 4.03845e-05
78.305 4.3258e-05
78.355 4.55337e-05
78.405 4.66156e-05
78.455 4.6405e-05
78.505 4.50719e-05
78.555 4.24014e-05
78.605 3.9428e-05
78.655 3.63649e-05
78.705 3.34654e-05
78.755 3.08799e-05
78.805 2.86613e-05
78.855 2.68119e-05
78.905 2.53397e-05
78.955 2.43022e-05
79.005 2.38047e-05
79.055 2.39532e-05
79.105 2.47546e-05
79.155 2.32652e-05
79.205 2.17102e-05
79.255 2.05467e-05
79.305 2.00525e-05
79.355 2.0253e-05
79.405 2.10317e-05
79.455 2.22312e-05
79.505 2.37106e-05
79.555 2.53684e-05
79.605 2.71242e-05
79.655 2.88789e-05
79.705 3.05201e-05
79.755 3.20141e-05
79.805 3.3498e-05
79.855 3.52292e-05
79.905 3.73535e-05
79.955 3.97164e-05
80.005 4.19468e-05
80.055 4.36859e-05
80.105 4.47187e-05
80.155 4.4987e-05
80.205 4.45417e-05
80.255 4.3485e-05
80.305 4.19389e-05
80.355 4.00462e-05
80.405 3.79954e-05
80.455 3.60578e-05
80.505 3.46243e-05
80.555 3.42073e-05
80.605 3.52381e-05
80.655 3.75455e-05
80.705 4.01867e-05
80.755 4.22099e-05
80.805 4.31912e-05
80.855 4.31025e-05
80.905 4.20228e-05
80.955 3.99006e-05
81.005 3.75945e-05
81.055 3.52471e-05
81.105 3.30622e-05
81.155 3.11492e-05
81.205 2.95364e-05
81.255 2.82195e-05
81.305 2.72205e-05
81.355 2.66274e-05
81.405 2.65771e-05
81.455 2.71881e-05
81.505 2.80108e-05
81.555 2.66088e-05
81.605 2.54058e-05
81.655 2.46782e-05
81.705 2.46133e-05
81.755 2.51528e-05
81.805 2.61267e-05
81.855 2.73545e-05
81.905 2.86993e-05
81.955 3.00739e-05
82.005 3.14054e-05
82.055 3.26018e-05
82.105 3.35926e-05
82.155 3.44327e-05
82.205 3.53519e-05
82.255 3.66366e-05
82.305 3.83778e-05
82.355 4.03463e-05
82.405 4.21511e-05
82.455 4.34629e-05
82.505 4.41113e-05
82.555 4.40682e-05
82.605 4.33856e-05
82.655 4.21399e-05
82.705 4.04187e-05
82.755 3.8346e-05
82.805 3.61294e-05
82.855 3.40979e-05
82.905 3.27264e-05
82.955 3.25848e-05
83.005 3.40421e-05
83.055 3.67319e-05
83.105 3.96264e-05
83.155 4.18741e-05
83.205 4.31464e-05
83.255 4.34457e-05
83.305 4.26858e-05
83.355 4.11911e-05
83.405 3.94816e-05
83.455 3.77268e-05
83.505 3.60886e-05
83.555 3.46396e-05
83.605 3.33881e-05
83.655 3.23328e-05
83.705 3.1523e-05
83.755 3.10799e-05
83.805 3.11645e-05
83.855 3.18972e-05
83.905 3.19334e-05
83.955 3.02685e-05
84.005 2.88892e-05
84.055 2.81117e-05
84.105 2.80329e-05
84.155 2.85271e-05
84.205 2.93943e-05
84.255 3.04539e-05
84.305 3.15858e-05
84.355 3.27185e-05
84.405 3.37826e-05
84.455 3.46886e-05
84.505 3.53922e-05
84.555 3.59979e-05
84.605 3.67705e-05
84.655 3.79682e-05
84.705 3.95898e-05
84.755 4.13269e-05
84.805 4.27758e-05
84.855 4.36524e-05
84.905 4.38533e-05
84.955 4.34137e-05
85.005 4.2422e-05
85.055 4.09669e-05
85.105 3.9148e-05
85.155 3.7127e-05
85.205 3.51719e-05
85.255 3.3673e-05
85.305 3.31357e-05
85.355 3.40832e-05
85.405 3.66909e-05
85.455 4.03158e-05
85.505 4.38313e-05
85.555 4.64697e-05
85.605 4.79841e-05
85.655 4.84148e-05
85.705 4.75223e-05
85.755 4.59578e-05
85.805 4.40486e-05
85.855 4.20107e-05
85.905 4.00259e-05
85.955 3.81892e-05
86.005 3.65361e-05
86.055 3.50963e-05
86.105 3.39483e-05
86.155 3.32324e-05
86.205 3.31109e-05
86.255 3.36859e-05
86.305 3.25391e-05
86.355 3.04295e-05
86.405 2.8827e-05
86.455 2.80141e-05
86.505 2.7981e-05
86.555 2.85262e-05
86.605 2.94103e-05
86.655 3.04436e-05
86.705 3.1516e-05
86.755 3.2571e-05
86.805 3.3551e-05
86.855 3.43738e-05
86.905 3.5012e-05
86.955 3.55965e-05
87.005 3.64005e-05
87.055 3.76352e-05
87.105 3.92205e-05
87.155 4.08167e-05
87.205 4.20745e-05
87.255 4.28134e-05
87.305 4.30308e-05
87.355 4.28129e-05
87.405 4.22352e-05
87.455 4.13384e-05
87.505 4.01818e-05
87.555 3.89095e-05
87.605 3.77829e-05
87.655 3.71863e-05
87.705 3.7606e-05
87.755 3.94895e-05
87.805 4.28018e-05
87.855 4.66549e-05
87.905 4.98924e-05
87.955 5.18769e-05
88.005 5.24873e-05
88.055 5.18653e-05
88.105 4.96822e-05
88.155 4.69915e-05
88.205 4.40285e-05
88.255 4.10795e-05
88.305 3.83532e-05
88.355 3.59507e-05
88.405 3.39022e-05
88.455 3.22219e-05
88.505 3.0965e-05
88.555 3.02406e-05
88.605 3.01773e-05
88.655 3.08275e-05
88.705 2.89066e-05
88.755 2.68643e-05
88.805 2.54187e-05
88.855 2.48e-05
88.905 2.49508e-05
88.955 2.56709e-05
89.005 2.67472e-05
89.055 2.80198e-05
89.105 2.93962e-05
89.155 3.08222e-05
89.205 3.22199e-05
89.255 3.34846e-05
89.305 3.45853e-05
89.355 3.56715e-05
89.405 3.70242e-05
89.455 3.88142e-05
89.505 4.09001e-05
89.555 4.29216e-05
89.605 4.4548e-05
89.655 4.56131e-05
89.705 4.60947e-05
89.755 4.60301e-05
89.805 4.54519e-05
89.855 4.43927e-05
89.905 4.29354e-05
89.955 4.12597e-05
90.005 3.96659e-05
90.055 3.85834e-05
90.105 3.85446e-05
90.155 3.99887e-05
90.205 4.27477e-05
90.255 4.58265e-05
90.305 4.8169e-05
90.355 4.92896e-05
90.405 4.91515e-05
90.455 4.79308e-05
90.505 4.52442e-05
90.555 4.23438e-05
90.605 3.93389e-05
90.655 3.64974e-05
90.705 3.39869e-05
90.755 3.18707e-05
90.805 3.01459e-05
90.855 2.88071e-05
90.905 2.78986e-05
90.955 2.75249e-05
91.005 2.7805e-05
91.055 2.86241e-05
91.105 2.65265e-05
91.155 2.48767e-05
91.205 2.38331e-05
91.255 2.35906e-05
91.305 2.4078e-05
91.355 2.51027e-05
91.405 2.64603e-05
91.455 2.79935e-05
91.505 2.96084e-05
91.555 3.12416e-05
91.605 3.2806e-05
91.655 3.42029e-05
91.705 3.54305e-05
91.755 3.6674e-05
91.805 3.82124e-05
91.855 4.01581e-05
91.905 4.23007e-05
91.955 4.42547e-05
92.005 4.57054e-05
92.055 4.65129e-05
92.105 4.66863e-05
92.155 4.62982e-05
92.205 4.54186e-05
92.255 4.41049e-05
92.305 4.24442e-05
92.355 4.06022e-05
92.405 3.88674e-05
92.455 3.76762e-05
92.505 3.75813e-05
92.555 3.89819e-05
92.605 4.15663e-05
92.655 4.42796e-05
92.705 4.6182e-05
92.755 4.69042e-05
92.805 4.64619e-05
92.855 4.48395e-05
92.905 4.22452e-05
92.955 3.94386e-05
93.005 3.66277e-05
93.055 3.40456e-05
93.105 3.18211e-05
93.155 2.99899e-05
93.205 2.85414e-05
93.255 2.74795e-05
93.305 2.68641e-05
93.355 2.68053e-05
93.405 2.74027e-05
93.455 2.7683e-05
93.505 2.60139e-05
93.555 2.46441e-05
93.605 2.38912e-05
93.655 2.38961e-05
93.705 2.45602e-05
93.755 2.56865e-05
93.805 2.70794e-05
93.855 2.85966e-05
93.905 3.0158e-05
93.955 3.17101e-05
94.005 3.31765e-05
94.055 3.44805e-05
94.105 3.56533e-05
94.155 3.68982e-05
94.205 3.8466e-05
94.255 4.03937e-05
94.305 4.24082e-05
94.355 4.4117e-05
94.405 4.52361e-05
94.455 4.56709e-05
94.505 4.54746e-05
94.555 4.47615e-05
94.605 4.3631e-05
94.655 4.2149e-05
94.705 4.03896e-05
94.755 3.85006e-05
94.805 3.67675e-05
94.855 3.56492e-05
94.905 3.57159e-05
94.955 3.72984e-05
95.005 3.99315e-05
95.055 4.25401e-05
95.105 4.4309e-05
95.155 4.4961e-05
95.205 4.45449e-05
95.255 4.29209e-05
95.305 4.06478e-05
95.355 3.8193e-05
95.405 3.57903e-05
95.455 3.36364e-05
95.505 3.18279e-05
95.555 3.03866e-05
95.605 2.93113e-05
95.655 2.86304e-05
95.705 2.84281e-05
95.755 2.88195e-05
95.805 2.98752e-05
95.855 2.98058e-05
95.905 2.84271e-05
95.955 2.73362e-05
96.005 2.68509e-05
96.055 2.70338e-05
96.105 2.77419e-05
96.155 2.87699e-05
96.205 2.99402e-05
96.255 3.11438e-05
96.305 3.2337e-05
96.355 3.34951e-05
96.405 3.45705e-05
96.455 3.55224e-05
96.505 3.64222e-05
96.555 3.74909e-05
96.605 3.89427e-05
96.655 4.07361e-05
96.705 4.25382e-05
96.755 4.39453e-05
96.805 4.46902e-05
96.855 4.47011e-05
96.905 4.40598e-05
96.955 4.29114e-05
97.005 4.1385e-05
97.055 3.95727e-05
97.105 3.75743e-05
97.155 3.5577e-05
97.205 3.39205e-05
97.255 3.31161e-05
97.305 3.37323e-05
97.355 3.59623e-05
97.405 3.91428e-05
97.455 4.21688e-05
97.505 4.43181e-05
97.555 4.53744e-05
97.605 4.54084e-05
97.655 4.41626e-05
97.705 4.24433e-05
97.755 4.05092e-05
97.805 3.85837e-05
97.855 3.68339e-05
97.905 3.53436e-05
97.955 3.4145e-05
98.005 3.32638e-05
98.055 3.2763e-05
98.105 3.27491e-05
98.155 3.33311e-05
98.205 3.45399e-05
98.255 3.35243e-05
98.305 3.18113e-05
98.355 3.04627e-05
98.405 2.97654e-05
98.455 2.97243e-05
98.505 3.01728e-05
98.555 3.09069e-05
98.605 3.17595e-05
98.655 3.26327e-05
98.705 3.34923e-05
98.755 3.43262e-05
98.805 3.51073e-05
98.855 3.58234e-05
98.905 3.6569e-05
98.955 3.75517e-05
99.005 3.89096e-05
99.055 4.04871e-05
99.105 4.18759e-05
99.155 4.26736e-05
99.205 4.26793e-05
99.255 4.19347e-05
99.305 4.06591e-05
99.355 3.91242e-05
99.405 3.75373e-05
99.455 3.6011e-05
99.505 3.46304e-05
99.555 3.3559e-05
99.605 3.31143e-05
99.655 3.37775e-05
99.705 3.60275e-05
99.755 3.98398e-05
99.805 4.43204e-05
99.855 4.83216e-05
99.905 5.11743e-05
99.955 5.26868e-05
100.005 5.2931e-05
100.055 5.1458e-05
100.105 4.94011e-05
100.155 4.68886e-05
100.205 4.42025e-05
100.255 4.15633e-05
100.305 3.91156e-05
100.355 3.69543e-05
100.405 3.51661e-05
100.455 3.3858e-05
100.505 3.31502e-05
100.555 3.31314e-05
100.605 3.37785e-05
100.655 3.10362e-05
100.705 2.85638e-05
100.755 2.66983e-05
100.805 2.56362e-05
100.855 2.52766e-05
100.905 2.53835e-05
100.955 2.57212e-05
101.005 2.61229e-05
101.055 2.65176e-05
101.105 2.69187e-05
101.155 2.73731e-05
101.205 2.79086e-05
101.255 2.85568e-05
101.305 2.94355e-05
101.355 3.07455e-05
101.405 3.25802e-05
101.455 3.47494e-05
101.505 3.68817e-05
101.555 3.86608e-05
101.605 3.99539e-05
101.655 4.07991e-05
101.705 4.13097e-05
101.755 4.15627e-05
101.805 4.15591e-05
101.855 4.12854e-05
101.905 4.08162e-05
101.955 4.03819e-05
102.005 4.03939e-05
102.055 4.14052e-05
102.105 4.38629e-05
102.155 4.75351e-05
102.205 5.13233e-05
102.255 5.40976e-05
102.305 5.53194e-05
102.355 5.49423e-05
102.405 5.30556e-05
102.455 4.96465e-05
102.505 4.58484e-05
102.555 4.19083e-05
102.605 3.8155e-05
102.655 3.47961e-05
102.705 3.19288e-05
102.755 2.95837e-05
102.805 2.77734e-05
102.855 2.65268e-05
102.905 2.5891e-05
102.955 2.58957e-05
103.005 2.58481e-05
103.055 2.32077e-05
103.105 2.08815e-05
103.155 1.91241e-05
103.205 1.81055e-05
103.255 1.77598e-05
103.305 1.79387e-05
103.355 1.85008e-05
103.405 1.9352e-05
103.455 2.04595e-05
103.505 2.18305e-05
103.555 2.34564e-05
103.605 2.52766e-05
103.655 2.72425e-05
103.705 2.9424e-05
103.755 3.19741e-05
103.805 3.49087e-05
103.855 3.79697e-05
103.905 4.07668e-05
103.955 4.29953e-05
104.005 4.45254e-05
104.055 4.53722e-05
104.105 4.56139e-05
104.155 4.53269e-05
104.205 4.45821e-05
104.255 4.34898e-05
104.305 4.22487e-05
104.355 4.11806e-05
104.405 4.07458e-05
104.455 4.14938e-05
104.505 4.37557e-05
104.555 4.70723e-05
104.605 5.02595e-05
104.655 5.23227e-05
104.705 5.28757e-05
104.755 5.1955e-05
104.805 4.952e-05
104.855 4.60573e-05
104.905 4.22696e-05
104.955 3.84694e-05
105.005 3.49391e-05
105.055 3.18357e-05
105.105 2.92164e-05
105.155 2.70871e-05
105.205 2.5455e-05
105.255 2.43592e-05
105.305 2.3862e-05
105.355 2.39936e-05
105.405 2.33494e-05
105.455 2.10583e-05
105.505 1.89767e-05
105.555 1.7452e-05
105.605 1.66253e-05
105.655 1.64456e-05
105.705 1.67974e-05
105.755 1.75686e-05
105.805 1.86813e-05
105.855 2.00999e-05
105.905 2.17992e-05
105.955 2.37168e-05
106.005 2.57604e-05
106.055 2.79085e-05
106.105 3.02868e-05
106.155 3.30654e-05
106.205 3.62183e-05
106.255 3.94453e-05
106.305 4.23459e-05
106.355 4.46092e-05
106.405 4.60764e-05
106.455 4.67186e-05
106.505 4.6589e-05
106.555 4.57873e-05
106.605 4.44535e-05
106.655 4.27819e-05
106.705 4.10411e-05
106.755 3.95993e-05
106.805 3.89438e-05
106.855 3.96077e-05
106.905 4.17917e-05
106.955 4.48448e-05
107.005 4.75831e-05
107.055 4.91746e-05
107.105 4.93528e-05
107.155 4.82047e-05
107.205 4.56082e-05
107.255 4.23367e-05
107.305 3.88467e-05
107.355 3.54485e-05
107.405 3.23625e-05
107.455 2.96841e-05
107.505 2.74249e-05
107.555 2.5574e-05
107.605 2.41556e-05
107.655 2.3248e-05
107.705 2.29526e-05
107.755 2.33099e-05
107.805 2.23264e-05
107.855 2.04132e-05
107.905 1.87535e-05
107.955 1.76926e-05
108.005 1.73381e-05
108.055 1.7633e-05
108.105 1.84611e-05
108.155 1.97019e-05
108.205 2.12623e-05
108.255 2.30705e-05
108.305 2.50375e-05
108.355 2.70393e-05
108.405 2.89834e-05
108.455 3.09232e-05
108.505 3.30703e-05
108.555 3.5616e-05
108.605 3.84933e-05
108.655 4.13661e-05
108.705 4.38316e-05
108.755 4.55876e-05
108.805 4.64827e-05
108.855 4.65e-05
108.905 4.57178e-05
108.955 4.42768e-05
109.005 4.23618e-05
109.055 4.02049e-05
109.105 3.80993e-05
109.155 3.64275e-05
109.205 3.56793e-05
109.255 3.63381e-05
109.305 3.84399e-05
109.355 4.11788e-05
109.405 4.34602e-05
109.455 4.46634e-05
109.505 4.46653e-05
109.555 4.36078e-05
109.605 4.13025e-05
109.655 3.86561e-05
109.705 3.59001e-05
109.755 3.32672e-05
109.805 3.08968e-05
109.855 2.88345e-05
109.905 2.7078e-05
109.955 2.56367e-05
