50.005 0
50.055 0.000194753
50.105 0.000195496
50.155 0.000197718
50.205 0.000202175
50.255 0.00020894
50.305 0.00021656
50.355 0.000222172
50.405 0.000227658
50.455 0.000234201
50.505 0.000239265
50.555 0.00024268
50.605 0.000247247
50.655 0.000252069
50.705 0.000253234
50.755 0.000251922
50.805 0.000252052
50.855 0.000255543
50.905 0.000259015
50.955 0.000257435
51.005 0.00024995
51.055 0.000239315
51.105 0.000229468
51.155 0.000223601
51.205 0.000223316
51.255 0.000228558
51.305 0.000236367
51.355 0.000249639
51.405 0.000259057
51.455 0.00026451
51.505 0.000267427
51.555 0.00026908
51.605 0.000269034
51.655 0.000265864
51.705 0.00025861
51.755 0.000248083
51.805 0.000237239
51.855 0.000229006
51.905 0.000221346
51.955 0.000214595
52.005 0.000209033
52.055 0.00020604
52.105 0.00020677
52.155 0.00021063
52.205 0.000214337
52.255 0.000216636
52.305 0.000219055
52.355 0.000222666
52.405 0.000228084
52.455 0.000234767
52.505 0.000238672
52.555 0.000238145
52.605 0.000236313
52.655 0.000235932
52.705 0.000236754
52.755 0.000235088
52.805 0.000229811
52.855 0.000223928
52.905 0.000221092
52.955 0.000221373
53.005 0.000222605
53.055 0.000226184
53.105 0.000234466
53.155 0.000247552
53.205 0.00026133
53.255 0.00026938
53.305 0.000271212
53.355 0.000272745
53.405 0.000279753
53.455 0.000293326
53.505 0.00030804
53.555 0.000316542
53.605 0.000315504
53.655 0.000306923
53.705 0.000295512
53.755 0.00028485
53.805 0.000275539
53.855 0.000266205
53.905 0.00025551
53.955 0.000243346
54.005 0.000231215
54.055 0.000221819
54.105 0.000217933
54.155 0.000219417
54.205 0.000223012
54.255 0.000227816
54.305 0.000234216
54.355 0.000242848
54.405 0.000251482
54.455 0.000256189
54.505 0.000257541
54.555 0.000258477
54.605 0.000260749
54.655 0.000263729
54.705 0.000262965
54.755 0.000255517
54.805 0.000243541
54.855 0.000231085
54.905 0.000220585
54.955 0.000214092
55.005 0.000211055
55.055 0.000207369
55.105 0.000201619
55.155 0.000197058
55.205 0.000197041
55.255 0.000201211
55.305 0.000209817
55.355 0.000225216
55.405 0.000247888
55.455 0.000273467
55.505 0.000294777
55.555 0.000308598
55.605 0.000317071
55.655 0.00032326
55.705 0.000327317
55.755 0.000326693
55.805 0.000319379
55.855 0.000306291
55.905 0.00029083
55.955 0.000276844
56.005 0.000266857
56.055 0.000260938
56.105 0.000256277
56.155 0.000249612
56.205 0.000240472
56.255 0.00023082
56.305 0.000223988
56.355 0.000223278
56.405 0.000229843
56.455 0.000239479
56.505 0.000250737
56.555 0.000262553
56.605 0.00027252
56.655 0.000276035
56.705 0.000273761
56.755 0.000269727
56.805 0.000266786
56.855 0.000266333
56.905 0.00026709
56.955 0.000263902
57.005 0.000254001
57.055 0.000239543
57.105 0.000223899
57.155 0.000209407
57.205 0.000198539
57.255 0.000193102
57.305 0.000191955
57.355 0.00019182
57.405 0.000193497
57.455 0.000200449
57.505 0.000213203
57.555 0.000231796
57.605 0.000254784
57.655 0.000276418
57.705 0.000292675
57.755 0.000304452
57.805 0.000313452
57.855 0.000319554
57.905 0.000322727
57.955 0.00032226
58.005 0.000316381
58.055 0.000304509
58.105 0.000288629
58.155 0.000271962
58.205 0.000257045
58.255 0.000244635
58.305 0.000233729
58.355 0.000225091
58.405 0.000215527
58.455 0.000204667
58.505 0.000195201
58.555 0.000189665
58.605 0.000190593
58.655 0.000198009
58.705 0.000208424
58.755 0.000221572
58.805 0.000236306
58.855 0.000248574
58.905 0.000256145
58.955 0.000260348
59.005 0.000262239
59.055 0.000262711
59.105 0.000263088
59.155 0.000263779
59.205 0.000261776
59.255 0.00025261
59.305 0.000238487
59.355 0.000222835
59.405 0.000208356
59.455 0.000197514
59.505 0.000191932
59.555 0.000190344
59.605 0.000190726
59.655 0.000195267
59.705 0.000206337
59.755 0.000222134
59.805 0.000238568
59.855 0.000250398
59.905 0.000254564
59.955 0.000251518
60.005 0.000244743
60.055 0.000239181
60.105 0.000239542
60.155 0.000249011
60.205 0.000267175
60.255 0.00028675
60.305 0.000297718
60.355 0.00029754
60.405 0.000290445
60.455 0.000281427
60.505 0.000273096
60.555 0.000265206
60.605 0.000255806
60.655 0.00024341
60.705 0.000228493
60.755 0.000213443
60.805 0.000201729
60.855 0.000196134
60.905 0.000195054
60.955 0.000196519
61.005 0.000200431
61.055 0.000205057
61.105 0.000207321
61.155 0.0002074
61.205 0.000207091
61.255 0.000207699
61.305 0.000210275
61.355 0.000215639
61.405 0.000223765
61.455 0.000231716
61.505 0.000234816
61.555 0.000232495
61.605 0.000227598
61.655 0.000223305
61.705 0.000221676
61.755 0.000221746
61.805 0.000220087
61.855 0.000217248
61.905 0.00021733
61.955 0.000221401
62.005 0.000229161
62.055 0.000240933
62.105 0.000252276
62.155 0.000255999
62.205 0.000250181
62.255 0.00023837
62.305 0.000225806
62.355 0.000216778
62.405 0.000213506
62.455 0.000215963
62.505 0.000222367
62.555 0.000230179
62.605 0.000240397
62.655 0.000249806
62.705 0.000258041
62.755 0.000265334
62.805 0.000270982
62.855 0.000272379
62.905 0.000267124
62.955 0.00025536
63.005 0.000240487
63.055 0.000228026
63.105 0.000221629
63.155 0.000218221
63.205 0.000216926
63.255 0.000216796
63.305 0.000215901
63.355 0.000211845
63.405 0.00020579
63.455 0.000199857
63.505 0.000195361
63.555 0.000193402
63.605 0.000195056
63.655 0.000200807
63.705 0.000208118
63.755 0.00021291
63.805 0.000213287
63.855 0.000211281
63.905 0.000209988
63.955 0.00021184
64.005 0.000216234
64.055 0.000219784
64.105 0.000222555
64.155 0.00022661
64.205 0.00023072
64.255 0.000235063
64.305 0.000241703
64.355 0.000250564
64.405 0.000258562
64.455 0.000260253
64.505 0.000252914
64.555 0.000240991
64.605 0.000230753
64.655 0.000225834
64.705 0.000227062
64.755 0.000233222
64.805 0.000242081
64.855 0.000251009
64.905 0.000256735
64.955 0.000258261
65.005 0.00025803
65.055 0.000257824
65.105 0.00025691
65.155 0.000253493
65.205 0.000246751
65.255 0.000238118
65.305 0.000231203
65.355 0.000227873
65.405 0.000226312
65.455 0.000227258
65.505 0.000230674
65.555 0.000234006
65.605 0.000233164
65.655 0.000228496
65.705 0.000222572
65.755 0.000217196
65.805 0.000213533
65.855 0.000212336
65.905 0.000213847
65.955 0.000216083
66.005 0.000215392
66.055 0.000210275
66.105 0.00020324
66.155 0.000197383
66.205 0.000195448
66.255 0.000199386
66.305 0.000207908
66.355 0.00021753
66.405 0.000225963
66.455 0.000230542
66.505 0.00023277
66.555 0.00023663
66.605 0.00024393
66.655 0.000253471
66.705 0.000262211
66.755 0.000266189
66.805 0.000264578
66.855 0.000263229
66.905 0.000267824
66.955 0.000278125
67.005 0.000289704
67.055 0.000297119
67.105 0.000296721
67.155 0.000288742
67.205 0.000276694
67.255 0.000264628
67.305 0.00025469
67.355 0.000246432
67.405 0.000238121
67.455 0.000229119
67.505 0.000221261
67.555 0.00021747
67.605 0.000218148
67.655 0.000221473
67.705 0.000227883
67.755 0.000237647
67.805 0.000248391
67.855 0.000254523
67.905 0.000254285
67.955 0.000249807
68.005 0.000243021
68.055 0.000235534
68.105 0.000229017
68.155 0.000224848
68.205 0.00022311
68.255 0.000220352
68.305 0.000213083
68.355 0.000202693
68.405 0.000192858
68.455 0.00018644
68.505 0.000186137
68.555 0.000194088
68.605 0.000208707
68.655 0.000222896
68.705 0.000230194
68.755 0.000232645
68.805 0.000236584
68.855 0.000246534
68.905 0.00026285
68.955 0.000280999
69.005 0.00029422
69.055 0.000298785
69.105 0.000296199
69.155 0.00029092
69.205 0.000286273
69.255 0.000282708
69.305 0.000278486
69.355 0.00027161
69.405 0.000261804
69.455 0.000250756
69.505 0.00024062
69.555 0.000232725
69.605 0.000227254
69.655 0.000223628
69.705 0.000221207
69.755 0.00021986
69.805 0.000220811
69.855 0.000224597
69.905 0.000229417
69.955 0.000235628
70.005 0.000244078
70.055 0.000254436
70.105 0.000261966
70.155 0.00026213
70.205 0.00025634
70.255 0.000247446
70.305 0.000237426
70.355 0.000228044
70.405 0.000220974
70.455 0.000217411
70.505 0.000215872
70.555 0.000212672
70.605 0.000205354
70.655 0.000196847
70.705 0.00019082
70.755 0.000190246
70.805 0.000197583
70.855 0.000212365
70.905 0.000229475
70.955 0.000242706
71.005 0.000252315
71.055 0.00026202
71.105 0.000272114
71.155 0.000280788
71.205 0.000286717
71.255 0.000290073
71.305 0.000292421
71.355 0.000293678
71.405 0.000292326
71.455 0.000288255
71.505 0.000282195
71.555 0.000274816
71.605 0.000266495
71.655 0.000257612
71.705 0.000248971
71.755 0.000241373
71.805 0.000233665
71.855 0.000226539
71.905 0.000219167
71.955 0.00021003
72.005 0.00020096
72.055 0.000195377
72.105 0.00019421
72.155 0.000194514
72.205 0.000196071
72.255 0.000199994
72.305 0.000208061
72.355 0.000219851
72.405 0.000230822
72.455 0.000237422
72.505 0.000240114
72.555 0.000240048
72.605 0.000238155
72.655 0.00023554
72.705 0.00023371
72.755 0.000232731
72.805 0.0002309
72.855 0.000225099
72.905 0.000217441
72.955 0.000212408
73.005 0.000212187
73.055 0.000215106
73.105 0.000219726
73.155 0.000228011
73.205 0.00023887
73.255 0.00024866
73.305 0.000254857
73.355 0.000256739
73.405 0.000255273
73.455 0.00025062
73.505 0.000242985
73.555 0.000234474
73.605 0.000228539
73.655 0.000228363
73.705 0.000236063
73.755 0.000251585
73.805 0.000269784
73.855 0.000282818
73.905 0.000288118
73.955 0.000288021
74.005 0.000285125
74.055 0.000279983
74.105 0.000271741
74.155 0.000259838
74.205 0.000244966
74.255 0.000229131
74.305 0.000215046
74.355 0.000205085
74.405 0.000197904
74.455 0.000191901
74.505 0.000187613
74.555 0.000186765
74.605 0.000190529
74.655 0.00019714
74.705 0.000202702
74.755 0.000206421
74.805 0.000209548
74.855 0.000213083
74.905 0.000218019
74.955 0.000225237
75.005 0.000233415
75.055 0.000239163
75.105 0.000241987
75.155 0.000244388
75.205 0.000247045
75.255 0.000246485
75.305 0.000240997
75.355 0.00023334
75.405 0.000228227
75.455 0.000228191
75.505 0.00023161
75.555 0.000238169
75.605 0.000246526
75.655 0.000251986
75.705 0.000251349
75.755 0.000244665
75.805 0.000234724
75.855 0.000225607
75.905 0.000220593
75.955 0.000221041
76.005 0.000223881
76.055 0.000232121
76.105 0.000245837
76.155 0.000256954
76.205 0.000266046
76.255 0.000273013
76.305 0.00027845
76.355 0.00028159
76.405 0.000280211
76.455 0.00027229
76.505 0.000258121
76.555 0.000241295
76.605 0.000227502
76.655 0.000219621
76.705 0.00021386
76.755 0.000209316
76.805 0.000206306
76.855 0.000206339
76.905 0.000208532
76.955 0.000209903
77.005 0.000210391
77.055 0.000211802
77.105 0.000215615
77.155 0.000222916
77.205 0.000232518
77.255 0.000239458
77.305 0.000240859
77.355 0.000240409
77.405 0.000240703
77.455 0.000241295
77.505 0.000238383
77.555 0.000230642
77.605 0.000220522
77.655 0.00021201
77.705 0.000208874
77.755 0.000211031
77.805 0.000217303
77.855 0.000228047
77.905 0.000241936
77.955 0.000253878
78.005 0.000257745
78.055 0.000254093
78.105 0.000248998
78.155 0.000247342
78.205 0.000250825
78.255 0.000258808
78.305 0.000269583
78.355 0.000279837
78.405 0.000284977
78.455 0.00028421
78.505 0.000280565
78.555 0.000276427
78.605 0.000272009
78.655 0.000266143
78.705 0.00025753
78.755 0.000246062
78.805 0.000233756
78.855 0.000224706
78.905 0.000222225
78.955 0.000223674
79.005 0.000227566
79.055 0.00023324
79.105 0.000239741
79.155 0.00024382
79.205 0.000244659
79.255 0.000244887
79.305 0.000246451
79.355 0.000250095
79.405 0.000254581
79.455 0.000255285
79.505 0.00024934
79.555 0.0002388
79.605 0.000227455
79.655 0.000217733
79.705 0.000211788
79.755 0.000209554
79.805 0.000207054
79.855 0.000201922
79.905 0.000196838
79.955 0.000195704
80.005 0.00019915
80.055 0.000206669
80.105 0.000218882
80.155 0.000234882
80.205 0.000251193
80.255 0.000265996
80.305 0.000275638
80.355 0.000284883
80.405 0.000297343
80.455 0.000311353
80.505 0.000322772
80.555 0.000327872
80.605 0.000324576
80.655 0.000313592
80.705 0.000298614
80.755 0.000283833
80.805 0.00027143
80.855 0.000260897
80.905 0.000250376
80.955 0.000238844
81.005 0.000227218
81.055 0.000218253
81.105 0.000215585
81.155 0.00022099
81.205 0.000231132
81.255 0.0002449
81.305 0.000259574
81.355 0.000269652
81.405 0.000272235
81.455 0.000269886
81.505 0.00026573
81.555 0.000262033
81.605 0.000260422
81.655 0.000260466
81.705 0.000257849
81.755 0.000248396
81.805 0.000234442
81.855 0.000218875
81.905 0.000203884
81.955 0.000191714
82.005 0.00018457
82.055 0.000183379
82.105 0.00018598
82.155 0.000190238
82.205 0.000197003
82.255 0.000205912
82.305 0.000217897
82.355 0.000234917
82.405 0.000256721
82.455 0.000279309
82.505 0.000296921
82.555 0.000306539
82.605 0.000309538
82.655 0.000309731
82.705 0.000309294
82.755 0.000307104
82.805 0.000300586
82.855 0.000288753
82.905 0.000273251
82.955 0.000257027
83.005 0.000242583
83.055 0.000231134
83.105 0.000222558
83.155 0.000215827
83.205 0.000210092
83.255 0.000206082
83.305 0.000206512
83.355 0.000213943
83.405 0.00022641
83.455 0.0002406
83.505 0.000255841
83.555 0.000268939
83.605 0.000274906
83.655 0.000273413
83.705 0.000266995
83.755 0.000258051
83.805 0.000248748
83.855 0.000241002
83.905 0.000236031
83.955 0.000233152
84.005 0.000227953
84.055 0.000218582
84.105 0.000207015
84.155 0.000195697
84.205 0.00018657
84.255 0.000181821
84.305 0.000183577
84.355 0.000192085
84.405 0.000204948
84.455 0.000218948
84.505 0.000232917
84.555 0.000248241
84.605 0.000262978
84.655 0.000273294
84.705 0.000277933
84.755 0.000278416
84.805 0.000278418
84.855 0.000281575
84.905 0.000287411
84.955 0.000292288
85.005 0.000293465
85.055 0.000289561
85.105 0.000280748
85.155 0.000268929
85.205 0.00025672
85.255 0.000246024
85.305 0.000237248
85.355 0.000229081
85.405 0.00021995
85.455 0.000210703
85.505 0.000201074
85.555 0.000195158
85.605 0.000194587
85.655 0.000196587
85.705 0.000200764
85.755 0.000207576
85.805 0.000215666
85.855 0.000221288
85.905 0.000223813
85.955 0.000224722
86.005 0.000224768
86.055 0.000224259
86.105 0.000223776
86.155 0.000224365
86.205 0.000226382
86.255 0.000228304
86.305 0.000226644
86.355 0.000220284
86.405 0.000212613
86.455 0.000207073
86.505 0.000206082
86.555 0.000209908
86.605 0.00021659
86.655 0.000225439
86.705 0.000234866
86.755 0.000244507
86.805 0.000254163
86.855 0.000260425
86.905 0.000260408
86.955 0.000253711
87.005 0.000242364
87.055 0.000229963
87.105 0.000220219
87.155 0.000215923
87.205 0.000218657
87.255 0.000228897
87.305 0.000244944
87.355 0.000260999
87.405 0.000271522
87.455 0.000276079
87.505 0.00027669
87.555 0.000274483
87.605 0.000268835
87.655 0.000258909
87.705 0.000245472
87.755 0.000231323
87.805 0.000220163
87.855 0.000213462
87.905 0.000207475
87.955 0.000202714
88.005 0.000200176
88.055 0.000200859
88.105 0.000202328
88.155 0.000201809
88.205 0.000199861
88.255 0.000197659
88.305 0.000196074
88.355 0.000196079
88.405 0.000198571
88.455 0.000203531
88.505 0.000209755
88.555 0.000214734
88.605 0.000216305
88.655 0.000217243
88.705 0.000220979
88.755 0.000227309
88.805 0.000232812
88.855 0.000237104
88.905 0.000241708
88.955 0.00024473
89.005 0.000246453
89.055 0.000250715
89.105 0.000258516
89.155 0.000264327
89.205 0.000261883
89.255 0.000251274
89.305 0.000237087
89.355 0.000224311
89.405 0.000216265
89.455 0.000214271
89.505 0.000217961
89.555 0.000224592
89.605 0.000236379
89.655 0.000246786
89.705 0.000255139
89.755 0.000261527
89.805 0.000266581
89.855 0.000269341
89.905 0.000267963
89.955 0.000261238
90.005 0.00024998
90.055 0.000237751
90.105 0.00022871
90.155 0.000221639
90.205 0.000216832
90.255 0.000214058
90.305 0.000214033
90.355 0.000215657
90.405 0.000215429
90.455 0.000212623
90.505 0.00020911
90.555 0.000206306
90.605 0.000205302
90.655 0.000207107
90.705 0.000211975
90.755 0.00021695
90.805 0.000219147
90.855 0.000218183
90.905 0.000217379
90.955 0.000219583
91.005 0.000223957
91.055 0.000226873
91.105 0.000228296
91.155 0.000230821
91.205 0.000233449
91.255 0.000234813
91.305 0.000237802
91.355 0.000245329
91.405 0.000256718
91.455 0.000266273
91.505 0.000267055
91.555 0.00025976
91.605 0.000251364
91.655 0.000247749
91.705 0.000251794
91.755 0.000263252
91.805 0.000277262
91.855 0.000286364
91.905 0.000287265
91.955 0.000282413
92.005 0.000276036
92.055 0.000270282
92.105 0.000264459
92.155 0.000256834
92.205 0.000246663
92.255 0.000235258
92.305 0.000225781
92.355 0.000221433
92.405 0.000220943
92.455 0.000222777
92.505 0.000226546
92.555 0.000232635
92.605 0.000239883
92.655 0.000244263
92.705 0.000244182
92.755 0.000241681
92.805 0.000238302
92.855 0.000235178
92.905 0.000233732
92.955 0.00023418
93.005 0.000233072
93.055 0.000227351
93.105 0.000218933
93.155 0.000210996
93.205 0.000206475
93.255 0.000207036
93.305 0.000210414
93.355 0.000213091
93.405 0.000215919
93.455 0.000219235
93.505 0.000221473
93.555 0.000225157
93.605 0.000234144
93.655 0.000249506
93.705 0.000267887
93.755 0.00028298
93.805 0.000291863
93.855 0.000296771
93.905 0.000300775
93.955 0.000305191
94.005 0.000308734
94.055 0.000308794
94.105 0.000304144
94.155 0.000296142
94.205 0.000286761
94.255 0.000277255
94.305 0.00026832
94.355 0.000259439
94.405 0.000249465
94.455 0.000238272
94.505 0.000227612
94.555 0.00022053
94.605 0.000219671
94.655 0.000224163
94.705 0.000231174
94.755 0.000239917
94.805 0.000250229
94.855 0.000260042
94.905 0.00026448
94.955 0.000262653
95.005 0.000257805
95.055 0.00025232
95.105 0.000247637
95.155 0.000244981
95.205 0.000244108
95.255 0.000241411
95.305 0.000233322
95.355 0.000221937
95.405 0.000210439
95.455 0.000201623
95.505 0.000197969
95.555 0.000199986
95.605 0.000204599
95.655 0.00021016
95.705 0.000217202
95.755 0.000224746
95.805 0.000235369
95.855 0.00025254
95.905 0.000274218
95.955 0.000294376
96.005 0.000308862
96.055 0.000315498
96.105 0.000315141
96.155 0.000311335
96.205 0.000306694
96.255 0.000301253
96.305 0.00029347
96.355 0.000282453
96.405 0.000269265
96.455 0.000256066
96.505 0.000244517
96.555 0.000234987
96.605 0.000226587
96.655 0.000218185
96.705 0.000209703
96.755 0.000202692
96.805 0.000199645
96.855 0.000202529
96.905 0.00021021
96.955 0.000219528
97.005 0.00023065
97.055 0.000244425
97.105 0.000258914
97.155 0.000268215
97.205 0.000269935
97.255 0.000266355
97.305 0.000259946
97.355 0.000252761
97.405 0.000246731
97.455 0.000242746
97.505 0.000238636
97.555 0.000230385
97.605 0.000219116
97.655 0.00020805
97.705 0.000200035
97.755 0.000197217
97.805 0.000199243
97.855 0.000203317
97.905 0.00020987
97.955 0.000220656
98.005 0.000233523
98.055 0.000245756
98.105 0.000255343
98.155 0.00026149
98.205 0.000263807
98.255 0.00026326
98.305 0.000263131
98.355 0.000267612
98.405 0.000278694
98.455 0.000292484
98.505 0.000301943
98.555 0.000303415
98.605 0.000297498
98.655 0.000287406
98.705 0.000276701
98.755 0.000267357
98.805 0.000259028
98.855 0.00024979
98.905 0.000238038
98.955 0.000223939
99.005 0.000209423
99.055 0.000197378
99.105 0.000190561
99.155 0.000188868
99.205 0.00018949
99.255 0.000192473
99.305 0.000198785
99.355 0.000207739
99.405 0.000215549
99.455 0.000220642
99.505 0.00022438
99.555 0.000227782
99.605 0.000231373
99.655 0.000235851
99.705 0.000241625
99.755 0.000246082
99.805 0.000245858
99.855 0.000241628
99.905 0.000236497
99.955 0.000232966
100.005 0.000230323
100.055 0.000225457
100.105 0.000219071
100.155 0.000215743
100.205 0.000218606
100.255 0.000226402
100.305 0.000237017
100.355 0.000246552
100.405 0.00025095
100.455 0.000248366
100.505 0.000239959
100.555 0.000229567
100.605 0.000221445
100.655 0.000218438
100.705 0.000221493
100.755 0.000229928
100.805 0.000242813
100.855 0.000257514
100.905 0.000270316
100.955 0.000279317
101.005 0.000284994
101.055 0.000286813
101.105 0.000283406
101.155 0.000274185
101.205 0.000259958
101.255 0.000243023
101.305 0.000227023
101.355 0.000215933
101.405 0.000209939
101.455 0.000205442
101.505 0.000202334
101.555 0.000201721
101.605 0.00020336
101.655 0.00020426
101.705 0.000203621
101.755 0.000202956
101.805 0.000203528
101.855 0.000206524
101.905 0.000213073
101.955 0.000222558
102.005 0.000229905
102.055 0.000232493
102.105 0.000232331
102.155 0.000232426
102.205 0.000233963
102.255 0.000234097
102.305 0.00023011
102.355 0.00022374
102.405 0.000219076
102.455 0.000218667
102.505 0.000221392
102.555 0.000227742
102.605 0.000238825
102.655 0.000251128
102.705 0.000256665
102.755 0.000252211
102.805 0.000242283
102.855 0.000232905
102.905 0.000227907
102.955 0.000228367
103.005 0.000233071
103.055 0.000238746
103.105 0.000245978
103.155 0.000255796
103.205 0.000260846
103.255 0.000263966
103.305 0.00026638
103.355 0.000267851
103.405 0.000266773
103.455 0.000261455
103.505 0.000251568
103.555 0.000239347
103.605 0.000229471
103.655 0.000224144
103.705 0.000221661
103.755 0.000222105
103.805 0.000224954
103.855 0.00022754
103.905 0.000226588
103.955 0.000223133
104.005 0.000219798
104.055 0.000218411
104.105 0.000220288
104.155 0.000225632
104.205 0.000231428
104.255 0.000231862
104.305 0.000227368
104.355 0.00022091
104.405 0.000215332
104.455 0.00021303
104.505 0.000213819
104.555 0.000213836
104.605 0.000211598
104.655 0.000210181
104.705 0.000211859
104.755 0.000215696
104.805 0.000222365
104.855 0.000232931
104.905 0.000245817
104.955 0.00025726
105.005 0.000262948
105.055 0.000261509
105.105 0.000258258
105.155 0.000259972
105.205 0.000269521
105.255 0.000284283
105.305 0.000296995
105.355 0.000301524
105.405 0.000297013
105.455 0.000287039
105.505 0.000276317
105.555 0.000267489
105.605 0.000260057
105.655 0.000251884
105.705 0.000241669
105.755 0.00023039
105.805 0.000221268
105.855 0.000218055
105.905 0.000220708
105.955 0.00022703
106.005 0.000236619
106.055 0.000247669
106.105 0.000255203
106.155 0.000256601
106.205 0.000253949
106.255 0.000249516
106.305 0.000244965
106.355 0.00024193
106.405 0.000241228
106.455 0.000240617
106.505 0.000234853
106.555 0.000224324
106.605 0.000211878
106.655 0.000200098
106.705 0.000191404
106.755 0.000188129
106.805 0.00019091
106.855 0.000196848
106.905 0.000203504
106.955 0.000210054
107.005 0.00021553
107.055 0.000222311
107.105 0.000233058
107.155 0.000248068
107.205 0.000265427
107.255 0.000280879
107.305 0.000290266
107.355 0.000294109
107.405 0.00029615
107.455 0.000298757
107.505 0.00030095
107.555 0.000299709
107.605 0.000293026
107.655 0.000281884
107.705 0.000269576
107.755 0.000259506
107.805 0.000252787
107.855 0.000247553
107.905 0.000241448
107.955 0.000233581
108.005 0.000225374
108.055 0.000220344
108.105 0.00022176
108.155 0.000228222
108.205 0.000238292
108.255 0.000250952
108.305 0.00026315
108.355 0.000268951
108.405 0.000266854
108.455 0.00026003
108.505 0.000251384
108.555 0.000242949
108.605 0.000236329
108.655 0.000232578
108.705 0.000231419
108.755 0.000228744
108.805 0.000221213
108.855 0.000210056
108.905 0.000198534
108.955 0.000189218
109.005 0.000184641
109.055 0.000187371
109.105 0.000198051
109.155 0.000212917
109.205 0.000225784
109.255 0.000235306
109.305 0.000246245
109.355 0.000261651
109.405 0.000278373
109.455 0.000291754
109.505 0.000300568
109.555 0.000304471
109.605 0.000303043
109.655 0.000298151
109.705 0.000292286
109.755 0.000286286
109.805 0.000279337
109.855 0.000270329
109.905 0.000259331
109.955 0.000247695
