50.005 0
50.055 0.000105557
50.105 9.70854e-05
50.155 9.00391e-05
50.205 8.43157e-05
50.255 7.95336e-05
50.305 7.54093e-05
50.355 7.20242e-05
50.405 7.05858e-05
50.455 7.47255e-05
50.505 8.9396e-05
50.555 0.000108181
50.605 0.000114376
50.655 0.00011231
50.705 0.000109759
50.755 0.000108818
50.805 0.000103248
50.855 9.44995e-05
50.905 8.78973e-05
50.955 8.29385e-05
51.005 7.91005e-05
51.055 7.62457e-05
51.105 7.47807e-05
51.155 7.38588e-05
51.205 7.23747e-05
51.255 7.05177e-05
51.305 6.85845e-05
51.355 6.74329e-05
51.405 6.96642e-05
51.455 7.84634e-05
51.505 8.28461e-05
51.555 8.02861e-05
51.605 7.45431e-05
51.655 7.13562e-05
51.705 6.89162e-05
51.755 6.69044e-05
51.805 6.3382e-05
51.855 5.95713e-05
51.905 5.92001e-05
51.955 6.54416e-05
52.005 7.80843e-05
52.055 8.99819e-05
52.105 9.78788e-05
52.155 0.000101164
52.205 0.00010045
52.255 0.000102027
52.305 0.000108704
52.355 0.00011034
52.405 0.000109497
52.455 0.000102053
52.505 9.68498e-05
52.555 9.19699e-05
52.605 8.82029e-05
52.655 7.86324e-05
52.705 6.71947e-05
52.755 6.2283e-05
52.805 6.37195e-05
52.855 6.43622e-05
52.905 6.18654e-05
52.955 5.82893e-05
53.005 5.33457e-05
53.055 4.54651e-05
53.105 3.68735e-05
53.155 2.94987e-05
53.205 2.38599e-05
53.255 2.0546e-05
53.305 1.95464e-05
53.355 1.9728e-05
53.405 2.03949e-05
53.455 2.17413e-05
53.505 2.38766e-05
53.555 2.64181e-05
53.605 2.8676e-05
53.655 3.13437e-05
53.705 3.86159e-05
53.755 5.24422e-05
53.805 5.58787e-05
53.855 4.98105e-05
53.905 4.28794e-05
53.955 3.78874e-05
54.005 3.36735e-05
54.055 2.93429e-05
54.105 2.22383e-05
54.155 1.55914e-05
54.205 8.20324e-06
54.255 2.35887e-06
54.305 7.39154e-06
54.355 8.68924e-06
54.405 6.70566e-06
54.455 3.05646e-06
54.505 2.97797e-06
54.555 1.21843e-05
54.605 2.29249e-05
54.655 3.10469e-05
54.705 3.78318e-05
54.755 4.39396e-05
54.805 4.68234e-05
54.855 5.28099e-05
54.905 6.2093e-05
54.955 6.83966e-05
55.005 7.41096e-05
55.055 8.65544e-05
55.105 0.000104368
55.155 0.000113827
55.205 0.000111031
55.255 0.00010707
55.305 0.000103639
55.355 9.89279e-05
55.405 8.55084e-05
55.455 6.81249e-05
55.505 4.86375e-05
55.555 2.84239e-05
55.605 1.19259e-05
55.655 1.21716e-05
55.705 1.96274e-05
55.755 2.26186e-05
55.805 2.11006e-05
55.855 1.71624e-05
55.905 1.40179e-05
55.955 1.52065e-05
56.005 2.22299e-05
56.055 3.35591e-05
56.105 4.08267e-05
56.155 4.19979e-05
56.205 4.03064e-05
56.255 3.67357e-05
56.305 3.16766e-05
56.355 2.52393e-05
56.405 1.68136e-05
56.455 1.26919e-05
56.505 1.42212e-05
56.555 1.84654e-05
56.605 2.19314e-05
56.655 2.38968e-05
56.705 2.47419e-05
56.755 2.46644e-05
56.805 2.40329e-05
56.855 2.3687e-05
56.905 2.34995e-05
56.955 2.35587e-05
57.005 2.3539e-05
57.055 2.35954e-05
57.105 2.35333e-05
57.155 2.34663e-05
57.205 2.38109e-05
57.255 2.52004e-05
57.305 2.48437e-05
57.355 2.03247e-05
57.405 2.3259e-05
57.455 3.53925e-05
57.505 4.41447e-05
57.555 4.34156e-05
57.605 3.68781e-05
57.655 3.14343e-05
57.705 2.81385e-05
57.755 2.49864e-05
57.805 2.20153e-05
57.855 1.98454e-05
57.905 1.89922e-05
57.955 1.77795e-05
58.005 1.58925e-05
58.055 1.38084e-05
58.105 1.29276e-05
58.155 1.45143e-05
58.205 1.85597e-05
58.255 2.53988e-05
58.305 3.7685e-05
58.355 5.01911e-05
58.405 5.60346e-05
58.455 5.71867e-05
58.505 5.69083e-05
58.555 5.55792e-05
58.605 5.35419e-05
58.655 5.06033e-05
58.705 4.66413e-05
58.755 4.07625e-05
58.805 3.25165e-05
58.855 2.53487e-05
58.905 2.23926e-05
58.955 2.19939e-05
59.005 2.22493e-05
59.055 2.04952e-05
59.105 1.65367e-05
59.155 1.29946e-05
59.205 1.07041e-05
59.255 9.15818e-06
59.305 8.22082e-06
59.355 7.82168e-06
59.405 7.30196e-06
59.455 6.57956e-06
59.505 5.85459e-06
59.555 3.54556e-06
59.605 4.16638e-06
59.655 2.15509e-05
59.705 4.38293e-05
59.755 5.63641e-05
59.805 6.43174e-05
59.855 7.35551e-05
59.905 8.15162e-05
59.955 8.12019e-05
60.005 7.50306e-05
60.055 6.63694e-05
60.105 5.59955e-05
60.155 4.43901e-05
60.205 3.12265e-05
60.255 2.09409e-05
60.305 1.98722e-05
60.355 1.89032e-05
60.405 1.45501e-05
60.455 1.35822e-05
60.505 1.77174e-05
60.555 2.39219e-05
60.605 3.55001e-05
60.655 4.89138e-05
60.705 5.73946e-05
60.755 6.0937e-05
60.805 6.24144e-05
60.855 6.2187e-05
60.905 6.03825e-05
60.955 5.59482e-05
61.005 4.87179e-05
61.055 4.04537e-05
61.105 3.22052e-05
61.155 2.50756e-05
61.205 2.00849e-05
61.255 1.78709e-05
61.305 1.81208e-05
61.355 1.93999e-05
61.405 2.01074e-05
61.455 2.01376e-05
61.505 2.01487e-05
61.555 1.99975e-05
61.605 1.89849e-05
61.655 1.69377e-05
61.705 1.45289e-05
61.755 1.28237e-05
61.805 1.10882e-05
61.855 9.36546e-06
61.905 2.7562e-06
61.955 1.09919e-05
62.005 2.3622e-05
62.055 3.38289e-05
62.105 4.17445e-05
62.155 4.68163e-05
62.205 4.77304e-05
62.255 4.56461e-05
62.305 4.30707e-05
62.355 4.06433e-05
62.405 3.87105e-05
62.455 3.75853e-05
62.505 3.82079e-05
62.555 4.03922e-05
62.605 4.55399e-05
62.655 5.54887e-05
62.705 7.00123e-05
62.755 8.55822e-05
62.805 9.63707e-05
62.855 0.000101947
62.905 0.000108908
62.955 0.000108977
63.005 0.000102773
63.055 9.50436e-05
63.105 8.93566e-05
63.155 8.45244e-05
63.205 8.10317e-05
63.255 7.81832e-05
63.305 7.37592e-05
63.355 6.71607e-05
63.405 6.03014e-05
63.455 5.50727e-05
63.505 5.09931e-05
63.555 4.8226e-05
63.605 4.58007e-05
63.655 4.35495e-05
63.705 4.14699e-05
63.755 3.96511e-05
63.805 3.8278e-05
63.855 3.76473e-05
63.905 3.80896e-05
63.955 3.91611e-05
64.005 3.97041e-05
64.055 3.88178e-05
64.105 3.89678e-05
64.155 4.31691e-05
64.205 5.74086e-05
64.255 8.07813e-05
64.305 9.68142e-05
64.355 0.000100601
64.405 0.000103716
64.455 0.000110767
64.505 0.000110688
64.555 0.000103726
64.605 9.36913e-05
64.655 8.43321e-05
64.705 7.6863e-05
64.755 7.15985e-05
64.805 6.82776e-05
64.855 6.65213e-05
64.905 6.59777e-05
64.955 6.61379e-05
65.005 6.6905e-05
65.055 6.87429e-05
65.105 7.37262e-05
65.155 8.75852e-05
65.205 0.000105466
65.255 0.000119167
65.305 0.00012745
65.355 0.000130153
65.405 0.000127372
65.455 0.000121649
65.505 0.000116112
65.555 0.000108549
65.605 0.000102665
65.655 9.43377e-05
65.705 8.58885e-05
65.755 7.69191e-05
65.805 7.1031e-05
65.855 6.48219e-05
65.905 5.98077e-05
65.955 5.55737e-05
66.005 5.23163e-05
66.055 4.9755e-05
66.105 4.7562e-05
66.155 4.55706e-05
66.205 4.38242e-05
66.255 4.24312e-05
66.305 4.14624e-05
66.355 4.09804e-05
66.405 4.2045e-05
66.455 5.06967e-05
66.505 6.86852e-05
66.555 8.56895e-05
66.605 9.28987e-05
66.655 9.31544e-05
66.705 8.8815e-05
66.755 8.18043e-05
66.805 7.43202e-05
66.855 6.8706e-05
66.905 6.40312e-05
66.955 6.02786e-05
67.005 5.79318e-05
67.055 5.53607e-05
67.105 5.18483e-05
67.155 4.85013e-05
67.205 4.60569e-05
67.255 4.4772e-05
67.305 4.35243e-05
67.355 4.31123e-05
67.405 4.694e-05
67.455 5.90317e-05
67.505 6.598e-05
67.555 6.43692e-05
67.605 5.91743e-05
67.655 5.70325e-05
67.705 5.81748e-05
67.755 6.41942e-05
67.805 7.52993e-05
67.855 8.88581e-05
67.905 9.56159e-05
67.955 9.26936e-05
68.005 8.61555e-05
68.055 8.12969e-05
68.105 8.2559e-05
68.155 9.27396e-05
68.205 0.000101075
68.255 0.000107612
68.305 0.000113016
68.355 0.000116796
68.405 0.000116923
68.455 0.000110402
68.505 0.000100011
68.555 9.00425e-05
68.605 8.18253e-05
68.655 7.60103e-05
68.705 7.41526e-05
68.755 8.07541e-05
68.805 9.5837e-05
68.855 0.0001072
68.905 0.000104055
68.955 9.7793e-05
69.005 9.25354e-05
69.055 8.97046e-05
69.105 7.98367e-05
69.155 6.63359e-05
69.205 5.23295e-05
69.255 3.99296e-05
69.305 3.25641e-05
69.355 3.15812e-05
69.405 3.59695e-05
69.455 4.33109e-05
69.505 5.05676e-05
69.555 5.62065e-05
69.605 5.97053e-05
69.655 6.16067e-05
69.705 6.61061e-05
69.755 7.38733e-05
69.805 7.25361e-05
69.855 6.57949e-05
69.905 6.02244e-05
69.955 5.55223e-05
70.005 5.06862e-05
70.055 4.62554e-05
70.105 3.8509e-05
70.155 3.16073e-05
70.205 2.59718e-05
70.255 2.1806e-05
70.305 1.98784e-05
70.355 2.0135e-05
70.405 2.29047e-05
70.455 2.90535e-05
70.505 4.03124e-05
70.555 5.55614e-05
70.605 6.92158e-05
70.655 7.60909e-05
70.705 7.23627e-05
70.755 6.54433e-05
70.805 6.27306e-05
70.855 5.84233e-05
70.905 5.30977e-05
70.955 4.7128e-05
71.005 4.58231e-05
71.055 5.26887e-05
71.105 6.34024e-05
71.155 6.56772e-05
71.205 6.3844e-05
71.255 5.81721e-05
71.305 4.90447e-05
71.355 3.70877e-05
71.405 2.53535e-05
71.455 1.47634e-05
71.505 5.68342e-06
71.555 2.98814e-06
71.605 8.33853e-06
71.655 1.20899e-05
71.705 1.44605e-05
71.755 1.65961e-05
71.805 1.91681e-05
71.855 2.12009e-05
71.905 2.17379e-05
71.955 2.21302e-05
72.005 2.77161e-05
72.055 3.78748e-05
72.105 4.05291e-05
72.155 3.63252e-05
72.205 3.29275e-05
72.255 2.99043e-05
72.305 2.70667e-05
72.355 2.27284e-05
72.405 1.7509e-05
72.455 1.3051e-05
72.505 8.95306e-06
72.555 8.93915e-06
72.605 1.23228e-05
72.655 1.39078e-05
72.705 1.35934e-05
72.755 1.24837e-05
72.805 1.1304e-05
72.855 9.81651e-06
72.905 7.94221e-06
72.955 5.85342e-06
73.005 3.79533e-06
73.055 4.37298e-06
73.105 9.59349e-06
73.155 1.68399e-05
73.205 2.3081e-05
73.255 3.06633e-05
73.305 4.0103e-05
73.355 5.28612e-05
73.405 7.55432e-05
73.455 8.93318e-05
73.505 9.29684e-05
73.555 9.40177e-05
73.605 9.56767e-05
73.655 9.21245e-05
73.705 8.11573e-05
73.755 6.96218e-05
73.805 5.74464e-05
73.855 4.35823e-05
73.905 2.94346e-05
73.955 1.76681e-05
74.005 1.17276e-05
74.055 1.17002e-05
74.105 1.13396e-05
74.155 8.61651e-06
74.205 4.63747e-06
74.255 6.14838e-06
74.305 1.68982e-05
74.355 3.08925e-05
74.405 4.08414e-05
74.455 4.51673e-05
74.505 4.59561e-05
74.555 4.38625e-05
74.605 3.95841e-05
74.655 3.28844e-05
74.705 2.57853e-05
74.755 2.27119e-05
74.805 2.425e-05
74.855 2.77491e-05
74.905 3.09603e-05
74.955 3.31897e-05
75.005 3.39974e-05
75.055 3.37127e-05
75.105 3.26866e-05
75.155 3.09755e-05
75.205 2.92693e-05
75.255 2.79837e-05
75.305 2.6975e-05
75.355 2.63492e-05
75.405 2.63604e-05
75.455 2.67326e-05
75.505 2.78111e-05
75.555 2.85903e-05
75.605 2.40193e-05
75.655 1.24192e-05
75.705 8.43774e-06
75.755 1.86995e-05
75.805 2.82737e-05
75.855 3.53811e-05
75.905 3.98681e-05
75.955 4.52434e-05
76.005 5.04443e-05
76.055 4.8164e-05
76.105 3.88227e-05
76.155 2.84054e-05
76.205 2.15798e-05
76.255 1.80718e-05
76.305 1.66755e-05
76.355 1.77864e-05
76.405 1.96253e-05
76.455 2.12499e-05
76.505 2.31519e-05
76.555 2.86516e-05
76.605 4.16953e-05
76.655 5.24407e-05
76.705 5.67224e-05
76.755 5.78796e-05
76.805 5.83324e-05
76.855 5.81799e-05
76.905 5.76376e-05
76.955 5.58146e-05
77.005 5.26656e-05
77.055 4.76738e-05
77.105 4.24259e-05
77.155 4.11435e-05
77.205 4.16895e-05
77.255 4.21878e-05
77.305 4.07315e-05
77.355 3.77628e-05
77.405 3.4535e-05
77.455 3.20875e-05
77.505 3.00144e-05
77.555 2.69415e-05
77.605 2.15483e-05
77.655 1.52339e-05
77.705 1.09138e-05
77.755 7.79806e-06
77.805 5.1273e-06
77.855 3.62704e-06
77.905 1.27281e-05
77.955 3.42448e-05
78.005 5.66009e-05
78.055 6.87037e-05
78.105 7.93754e-05
78.155 9.13522e-05
78.205 9.58746e-05
78.255 9.16843e-05
78.305 8.26808e-05
78.355 7.51185e-05
78.405 7.16133e-05
78.455 7.38032e-05
78.505 7.86851e-05
78.555 8.25135e-05
78.605 8.44935e-05
78.655 8.3926e-05
78.705 8.04124e-05
78.755 7.57624e-05
78.805 7.11844e-05
78.855 7.1762e-05
78.905 8.11675e-05
78.955 8.80958e-05
79.005 8.89574e-05
79.055 8.65896e-05
79.105 8.25981e-05
79.155 7.72838e-05
79.205 7.09573e-05
79.255 6.1708e-05
79.305 5.14134e-05
79.355 4.10891e-05
79.405 3.15801e-05
79.455 2.36403e-05
79.505 1.78489e-05
79.555 1.44812e-05
79.605 1.33279e-05
79.655 1.37935e-05
79.705 1.52413e-05
79.755 1.67533e-05
79.805 1.72644e-05
79.855 1.6893e-05
79.905 1.64583e-05
79.955 1.64091e-05
80.005 1.65551e-05
80.055 1.60193e-05
80.105 1.33774e-05
80.155 7.27535e-06
80.205 1.33293e-05
80.255 3.0088e-05
80.305 4.14954e-05
80.355 4.78893e-05
80.405 5.02308e-05
80.455 4.9912e-05
80.505 4.67713e-05
80.555 4.32467e-05
80.605 4.00476e-05
80.655 3.74818e-05
80.705 3.56356e-05
80.755 3.41272e-05
80.805 3.37054e-05
80.855 3.4929e-05
80.905 3.77785e-05
80.955 4.25695e-05
81.005 5.11964e-05
81.055 6.43323e-05
81.105 7.97832e-05
81.155 9.92097e-05
81.205 0.00011701
81.255 0.000121237
81.305 0.000117096
81.355 0.000113671
81.405 0.000114875
81.455 0.000117747
81.505 0.000122318
81.555 0.000122014
81.605 0.000120441
81.655 0.000114618
81.705 0.000110036
81.755 0.000109122
81.805 0.000107974
81.855 0.00010367
81.905 9.65566e-05
81.955 8.75105e-05
82.005 7.81989e-05
82.055 6.97721e-05
82.105 6.27884e-05
82.155 5.74825e-05
82.205 5.40177e-05
82.255 5.26744e-05
82.305 5.37194e-05
82.355 5.673e-05
82.405 6.06013e-05
82.455 6.93138e-05
82.505 9.04394e-05
82.555 0.000116047
82.605 0.000127474
82.655 0.000131557
82.705 0.000135828
82.755 0.000139157
82.805 0.000133874
82.855 0.000122883
82.905 0.00010999
82.955 9.77962e-05
83.005 8.82427e-05
83.055 8.216e-05
83.105 7.85821e-05
83.155 7.62447e-05
83.205 7.42956e-05
83.255 7.23588e-05
83.305 7.07029e-05
83.355 7.08597e-05
83.405 7.5787e-05
83.455 8.92574e-05
83.505 9.66339e-05
83.555 9.73325e-05
83.605 0.000100187
83.655 0.000110543
83.705 0.00012102
83.755 0.000124526
83.805 0.000119638
83.855 0.000110102
83.905 0.000102566
83.955 9.89529e-05
84.005 9.96294e-05
84.055 0.000100119
84.105 0.000102102
84.155 9.96255e-05
84.205 9.82489e-05
84.255 9.68847e-05
84.305 9.08141e-05
84.355 8.27388e-05
84.405 7.34949e-05
84.455 6.48045e-05
84.505 5.76553e-05
84.555 5.23744e-05
84.605 4.87763e-05
84.655 4.67331e-05
84.705 4.84495e-05
84.755 5.91426e-05
84.805 7.57586e-05
84.855 8.81359e-05
84.905 9.42188e-05
84.955 9.52593e-05
85.005 9.22338e-05
85.055 8.63915e-05
85.105 8.03389e-05
85.155 7.48277e-05
85.205 7.01686e-05
85.255 6.61939e-05
85.305 6.24203e-05
85.355 5.94678e-05
85.405 5.79442e-05
85.455 5.61891e-05
85.505 5.33606e-05
85.555 5.04188e-05
85.605 4.84794e-05
85.655 4.91639e-05
85.705 5.57201e-05
85.755 6.70506e-05
85.805 6.85797e-05
85.855 6.23561e-05
85.905 5.62015e-05
85.955 5.19287e-05
86.005 4.92355e-05
86.055 4.79474e-05
86.105 4.69675e-05
86.155 4.94921e-05
86.205 5.63649e-05
86.255 6.67347e-05
86.305 7.4296e-05
86.355 7.51202e-05
86.405 7.33712e-05
86.455 7.19712e-05
86.505 7.39815e-05
86.555 8.72655e-05
86.605 9.71295e-05
86.655 0.00010383
86.705 0.000108953
86.755 0.000113533
86.805 0.00011403
86.855 0.000108207
86.905 9.59249e-05
86.955 8.50938e-05
87.005 7.95536e-05
87.055 8.49278e-05
87.105 9.71319e-05
87.155 0.000101312
87.205 9.62922e-05
87.255 9.09602e-05
87.305 8.71161e-05
87.355 8.4059e-05
87.405 7.2668e-05
87.455 5.97476e-05
87.505 4.54965e-05
87.555 3.06463e-05
87.605 1.88055e-05
87.655 1.51977e-05
87.705 1.86667e-05
87.755 2.29688e-05
87.805 2.74577e-05
87.855 3.29863e-05
87.905 3.85177e-05
87.955 4.45411e-05
88.005 5.51561e-05
88.055 6.28022e-05
88.105 5.96801e-05
88.155 5.11009e-05
88.205 4.46699e-05
88.255 3.91778e-05
88.305 3.41881e-05
88.355 2.79392e-05
88.405 1.91702e-05
88.455 1.05584e-05
88.505 3.04639e-06
88.555 3.06476e-06
88.605 7.23088e-06
88.655 9.46671e-06
88.705 1.00876e-05
88.755 9.44142e-06
88.805 7.69476e-06
88.855 5.60815e-06
88.905 4.30362e-06
88.955 8.09385e-06
89.005 1.91613e-05
89.055 3.56561e-05
89.105 4.86305e-05
89.155 4.99345e-05
89.205 4.323e-05
89.255 3.4619e-05
89.305 2.9287e-05
89.355 3.10074e-05
89.405 3.77647e-05
89.455 4.33129e-05
89.505 4.70444e-05
89.555 4.7633e-05
89.605 4.31891e-05
89.655 3.42981e-05
89.705 2.43018e-05
89.755 1.50955e-05
89.805 9.30603e-06
89.855 9.9035e-06
89.905 1.29494e-05
89.955 1.45653e-05
90.005 1.41499e-05
90.055 1.25554e-05
90.105 1.13806e-05
90.155 1.20186e-05
90.205 1.45975e-05
90.255 1.91609e-05
90.305 2.735e-05
90.355 3.35527e-05
90.405 3.36575e-05
90.455 3.00196e-05
90.505 2.73093e-05
90.555 2.53005e-05
90.605 2.38887e-05
90.655 2.15342e-05
90.705 1.98161e-05
90.755 1.96458e-05
90.805 2.09521e-05
90.855 2.32308e-05
90.905 2.39388e-05
90.955 2.19631e-05
91.005 1.90007e-05
91.055 1.63779e-05
91.105 1.43335e-05
91.155 1.27861e-05
91.205 1.13251e-05
91.255 9.79318e-06
91.305 8.11792e-06
91.355 6.52865e-06
91.405 5.09889e-06
91.455 4.06152e-06
91.505 4.70152e-06
91.555 8.91038e-06
91.605 1.96259e-05
91.655 3.56716e-05
91.705 5.08772e-05
91.755 5.83353e-05
91.805 6.24692e-05
91.855 6.67258e-05
91.905 7.52565e-05
91.955 7.27101e-05
92.005 6.18661e-05
92.055 4.92672e-05
92.105 3.64402e-05
92.155 2.63312e-05
92.205 2.08277e-05
92.255 1.84359e-05
92.305 1.59752e-05
92.355 1.30122e-05
92.405 1.24618e-05
92.455 1.66873e-05
92.505 2.38784e-05
92.555 3.369e-05
92.605 4.82109e-05
92.655 6.13767e-05
92.705 6.94014e-05
92.755 7.34947e-05
92.805 7.56513e-05
92.855 7.48887e-05
92.905 7.03836e-05
92.955 6.04967e-05
93.005 4.76322e-05
93.055 3.46421e-05
93.105 2.43795e-05
93.155 1.96032e-05
93.205 2.01813e-05
93.255 2.20508e-05
93.305 2.30305e-05
93.355 2.35416e-05
93.405 2.45053e-05
93.455 2.58598e-05
93.505 2.68533e-05
93.555 2.72786e-05
93.605 2.7329e-05
93.655 2.72782e-05
93.705 2.71552e-05
93.755 2.70923e-05
93.805 2.71829e-05
93.855 2.58664e-05
93.905 1.70376e-05
93.955 6.55029e-06
94.005 1.5905e-05
94.055 2.6946e-05
94.105 3.50644e-05
94.155 3.96916e-05
94.205 4.05998e-05
94.255 4.01756e-05
94.305 3.98596e-05
94.355 4.08581e-05
94.405 4.46e-05
94.455 4.98733e-05
94.505 4.93657e-05
94.555 4.18678e-05
94.605 3.18709e-05
94.655 2.20473e-05
94.705 1.56478e-05
94.755 1.38021e-05
94.805 1.72206e-05
94.855 2.64234e-05
94.905 4.06429e-05
94.955 4.82937e-05
95.005 4.91914e-05
95.055 4.84858e-05
95.105 4.75771e-05
95.155 4.66343e-05
95.205 4.5597e-05
95.255 4.34244e-05
95.305 3.95603e-05
95.355 3.43462e-05
95.405 3.09181e-05
95.455 3.0039e-05
95.505 3.0837e-05
95.555 3.30714e-05
95.605 3.5563e-05
95.655 3.81423e-05
95.705 4.03145e-05
95.755 4.13753e-05
95.805 4.18471e-05
95.855 4.30978e-05
95.905 4.48539e-05
95.955 4.68944e-05
96.005 4.76873e-05
96.055 4.54295e-05
96.105 4.07562e-05
96.155 3.83446e-05
96.205 4.57447e-05
96.255 6.31331e-05
96.305 7.70535e-05
96.355 8.51182e-05
96.405 9.55724e-05
96.455 0.000106817
96.505 0.000108819
96.555 0.0001032
96.605 9.37991e-05
96.655 8.43348e-05
96.705 7.69709e-05
96.755 7.28182e-05
96.805 7.26051e-05
96.855 7.72657e-05
96.905 8.77146e-05
96.955 0.000102191
97.005 0.000114996
97.055 0.000122374
97.105 0.000126621
97.155 0.000135626
97.205 0.00014525
97.255 0.000147647
97.305 0.000143902
97.355 0.000138284
97.405 0.000130292
97.455 0.000121073
97.505 0.000110076
97.555 9.32325e-05
97.605 7.62913e-05
97.655 6.02689e-05
97.705 4.60668e-05
97.755 3.42869e-05
97.805 2.51885e-05
97.855 1.8677e-05
97.905 1.43767e-05
97.955 1.17958e-05
98.005 1.05721e-05
98.055 1.0619e-05
98.105 1.18839e-05
98.155 1.38917e-05
98.205 1.54868e-05
98.255 1.58581e-05
98.305 1.54159e-05
98.355 1.46168e-05
98.405 1.26305e-05
98.455 8.84032e-06
98.505 1.95072e-05
98.555 3.52011e-05
98.605 4.6127e-05
98.655 5.35861e-05
98.705 5.78749e-05
98.755 5.71298e-05
98.805 5.28232e-05
98.855 4.80471e-05
98.905 4.38973e-05
98.955 4.02961e-05
99.005 3.70134e-05
99.055 3.45538e-05
99.105 3.31239e-05
99.155 3.27286e-05
99.205 3.30543e-05
99.255 3.37345e-05
99.305 3.55822e-05
99.355 4.04877e-05
99.405 5.25342e-05
99.455 7.60622e-05
99.505 9.63344e-05
99.555 0.0001054
99.605 0.000106481
99.655 0.000106206
99.705 0.000105662
99.755 0.000106137
99.805 0.000110445
99.855 0.000116652
99.905 0.000120576
99.955 0.000124311
100.005 0.000126457
100.055 0.000128316
100.105 0.000128299
100.155 0.000126132
100.205 0.000124929
100.255 0.000125094
100.305 0.000122231
100.355 0.000116604
100.405 0.000105223
100.455 9.15111e-05
100.505 7.86606e-05
100.555 6.84124e-05
100.605 6.14777e-05
100.655 5.88527e-05
100.705 6.28025e-05
100.755 7.93607e-05
100.805 0.000106792
100.855 0.000127611
100.905 0.00013095
100.955 0.000131303
101.005 0.000134878
101.055 0.000137794
101.105 0.000130785
101.155 0.000122892
101.205 0.000112191
101.255 0.000101475
101.305 9.22385e-05
101.355 8.48233e-05
101.405 8.00708e-05
101.455 7.76504e-05
101.505 7.6442e-05
101.555 7.44882e-05
101.605 7.23741e-05
101.655 7.24869e-05
101.705 7.88938e-05
101.755 8.84027e-05
101.805 8.75399e-05
101.855 8.0893e-05
101.905 7.60606e-05
101.955 7.35343e-05
102.005 7.44744e-05
102.055 8.09498e-05
102.105 8.85325e-05
102.155 9.47255e-05
102.205 9.56612e-05
102.255 9.41893e-05
102.305 9.06482e-05
102.355 8.84373e-05
102.405 9.40022e-05
102.455 0.000100555
102.505 0.000105785
102.555 0.000107603
102.605 0.00010625
102.655 0.00010289
102.705 9.83365e-05
102.755 8.80177e-05
102.805 7.69215e-05
102.855 6.60916e-05
102.905 5.71465e-05
102.955 5.11404e-05
103.005 5.20461e-05
103.055 6.19375e-05
103.105 7.4116e-05
103.155 7.97786e-05
103.205 8.14327e-05
103.255 7.9545e-05
103.305 7.40979e-05
103.355 6.56559e-05
103.405 5.75198e-05
103.455 5.14995e-05
103.505 4.81709e-05
103.555 4.73957e-05
103.605 4.90695e-05
103.655 5.23224e-05
103.705 5.49068e-05
103.755 5.54754e-05
103.805 5.45599e-05
103.855 5.29756e-05
103.905 5.05074e-05
103.955 4.99697e-05
104.005 5.75291e-05
104.055 6.46156e-05
104.105 6.2852e-05
104.155 5.55129e-05
104.205 4.97239e-05
104.255 4.49415e-05
104.305 4.08952e-05
104.355 3.61846e-05
104.405 3.14874e-05
104.455 2.64738e-05
104.505 2.02599e-05
104.555 1.57749e-05
104.605 1.80408e-05
104.655 2.7326e-05
104.705 3.97592e-05
104.755 4.78439e-05
104.805 5.07063e-05
104.855 5.24539e-05
104.905 5.30128e-05
104.955 5.568e-05
105.005 6.74057e-05
105.055 7.66922e-05
105.105 8.27282e-05
105.155 8.80984e-05
105.205 9.37614e-05
105.255 9.70464e-05
105.305 0.000100235
105.355 0.000105538
105.405 0.000110874
105.455 0.000104222
105.505 9.41056e-05
105.555 8.52492e-05
105.605 7.86735e-05
105.655 7.17481e-05
105.705 5.72895e-05
105.755 4.42103e-05
105.805 2.95044e-05
105.855 1.42058e-05
105.905 3.04519e-06
105.955 9.96923e-06
106.005 1.49144e-05
106.055 1.66833e-05
106.105 1.80879e-05
106.155 2.14017e-05
106.205 2.62171e-05
106.255 3.21808e-05
106.305 4.16806e-05
106.355 4.80777e-05
106.405 4.76637e-05
106.455 4.3603e-05
106.505 3.89703e-05
106.555 3.34405e-05
106.605 2.75689e-05
106.655 1.91284e-05
106.705 1.0856e-05
106.755 4.87867e-06
106.805 6.81851e-06
106.855 1.18929e-05
106.905 1.58698e-05
106.955 1.82757e-05
107.005 1.92582e-05
107.055 1.96124e-05
107.105 1.93407e-05
107.155 1.88237e-05
107.205 1.82865e-05
107.255 1.72934e-05
107.305 1.62361e-05
107.355 1.52274e-05
107.405 1.42855e-05
107.455 1.41472e-05
107.505 1.89832e-05
107.555 3.3077e-05
107.605 4.42731e-05
107.655 4.31047e-05
107.705 3.50279e-05
107.755 3.19312e-05
107.805 3.36215e-05
107.855 3.58652e-05
107.905 3.6614e-05
107.955 3.69124e-05
108.005 3.51547e-05
108.055 3.0999e-05
108.105 2.389e-05
108.155 1.68711e-05
108.205 1.31661e-05
108.255 1.22215e-05
108.305 1.10428e-05
108.355 8.44835e-06
108.405 4.87456e-06
108.455 2.97556e-06
108.505 7.29925e-06
108.555 1.6108e-05
108.605 2.94211e-05
108.655 3.78834e-05
108.705 3.98342e-05
108.755 3.83111e-05
108.805 3.52766e-05
108.855 3.1672e-05
108.905 2.81331e-05
108.955 2.42331e-05
109.005 2.26591e-05
109.055 2.39039e-05
109.105 2.75041e-05
109.155 3.09427e-05
109.205 3.14007e-05
109.255 2.97386e-05
109.305 2.65877e-05
109.355 2.28829e-05
109.405 1.92649e-05
109.455 1.63837e-05
109.505 1.40711e-05
109.555 1.19341e-05
109.605 1.02437e-05
109.655 9.15667e-06
109.705 7.7851e-06
109.755 6.019e-06
109.805 3.34908e-06
109.855 2.46949e-06
109.905 1.64317e-05
109.955 3.76881e-05
