50.005 0
50.055 0.000136112
50.105 0.000129736
50.155 0.00012321
50.205 0.000117401
50.255 0.000111925
50.305 0.00010644
50.355 9.86348e-05
50.405 9.38428e-05
50.455 9.4101e-05
50.505 9.67796e-05
50.555 0.000107901
50.605 0.000120351
50.655 0.000129104
50.705 0.000135095
50.755 0.000134432
50.805 0.000129754
50.855 0.00012576
50.905 0.000122296
50.955 0.000117727
51.005 0.000109154
51.055 0.000109256
51.105 0.000115716
51.155 0.000125019
51.205 0.000142847
51.255 0.000157624
51.305 0.00016466
51.355 0.000166482
51.405 0.000166653
51.455 0.000166396
51.505 0.000166979
51.555 0.000173975
51.605 0.000176463
51.655 0.000181297
51.705 0.000187403
51.755 0.000189832
51.805 0.000177795
51.855 0.000167387
51.905 0.000160219
51.955 0.00015404
52.005 0.000151951
52.055 0.000151737
52.105 0.000146661
52.155 0.000145897
52.205 0.000149712
52.255 0.00014879
52.305 0.000149892
52.355 0.000156246
52.405 0.000160264
52.455 0.000162873
52.505 0.000162288
52.555 0.000156638
52.605 0.000142445
52.655 0.000135027
52.705 0.00013342
52.755 0.000138531
52.805 0.000145359
52.855 0.000148995
52.905 0.000147666
52.955 0.000137407
53.005 0.000130838
53.055 0.00012421
53.105 0.000118282
53.155 0.000113095
53.205 0.000107196
53.255 0.000100117
53.305 9.42294e-05
53.355 9.3843e-05
53.405 9.62477e-05
53.455 0.000104769
53.505 0.000118713
53.555 0.000127866
53.605 0.000134363
53.655 0.000135148
53.705 0.00013038
53.755 0.000126356
53.805 0.000122824
53.855 0.000119063
53.905 0.000110036
53.955 0.000108699
54.005 0.000114415
54.055 0.000123431
54.105 0.000139018
54.155 0.000155892
54.205 0.000163917
54.255 0.000166479
54.305 0.000166037
54.355 0.000166586
54.405 0.000166533
54.455 0.000172831
54.505 0.000176026
54.555 0.000180314
54.605 0.000186564
54.655 0.000189789
54.705 0.000180177
54.755 0.000168214
54.805 0.00016161
54.855 0.00015475
54.905 0.000152015
54.955 0.000153297
55.005 0.000147138
55.055 0.000145747
55.105 0.000148737
55.155 0.000149211
55.205 0.000149279
55.255 0.000155046
55.305 0.000159586
55.355 0.000162471
55.405 0.000162653
55.455 0.000158546
55.505 0.000145196
55.555 0.000135592
55.605 0.000133534
55.655 0.000136422
55.705 0.000144578
55.755 0.000148539
55.805 0.000148808
55.855 0.000139028
55.905 0.000131945
55.955 0.000125229
56.005 0.000119183
56.055 0.000113911
56.105 0.000107984
56.155 0.000101839
56.205 9.48016e-05
56.255 9.36503e-05
56.305 9.57513e-05
56.355 0.000100679
56.405 0.000116988
56.455 0.00012656
56.505 0.000133533
56.555 0.000135773
56.605 0.000130834
56.655 0.000126963
56.705 0.000123363
56.755 0.00012014
56.805 0.000111214
56.855 0.000108322
56.905 0.000113197
56.955 0.000121871
57.005 0.000134241
57.055 0.00015397
57.105 0.00016304
57.155 0.000166376
57.205 0.000165536
57.255 0.000166771
57.305 0.000166258
57.355 0.000171301
57.405 0.000175679
57.455 0.000179391
57.505 0.000185636
57.555 0.000189616
57.605 0.000182682
57.655 0.000168937
57.705 0.000163111
57.755 0.00015557
57.805 0.000152184
57.855 0.000152951
57.905 0.000147718
57.955 0.000145708
58.005 0.000147907
58.055 0.000149751
58.105 0.000148819
58.155 0.000153881
58.205 0.000158861
58.255 0.000162221
58.305 0.000162927
58.355 0.000159935
58.405 0.000148426
58.455 0.000136311
58.505 0.000133689
58.555 0.000133446
58.605 0.000143726
58.655 0.000148037
58.705 0.000149732
58.755 0.000140672
58.805 0.000133043
58.855 0.000126266
58.905 0.000120103
58.955 0.0001147
59.005 0.000108811
59.055 0.000103186
59.105 9.55983e-05
59.155 9.3532e-05
59.205 9.52915e-05
59.255 9.87296e-05
59.305 0.000115164
59.355 0.000125195
59.405 0.000132617
59.455 0.000136273
59.505 0.000130907
59.555 0.000127569
59.605 0.000123909
59.655 0.000120639
59.705 0.000112709
59.755 0.000108142
59.805 0.000112072
59.855 0.000120342
59.905 0.000130203
59.955 0.000151822
60.005 0.000162014
60.055 0.000166162
60.105 0.000165877
60.155 0.000166925
60.205 0.00016613
60.255 0.000169877
60.305 0.000175409
60.355 0.000178548
60.405 0.000184644
60.455 0.000189309
60.505 0.000185142
60.555 0.000170859
60.605 0.000164308
60.655 0.000156496
60.705 0.000152457
60.755 0.000152513
60.805 0.000148407
60.855 0.000145774
60.905 0.000147217
60.955 0.000150372
61.005 0.000148532
61.055 0.000152781
61.105 0.00015812
61.155 0.000161915
61.205 0.000163106
61.255 0.000160596
61.305 0.000150696
61.355 0.000137226
61.405 0.000133894
61.455 0.000133291
61.505 0.000142775
61.555 0.000147484
61.605 0.000150093
61.655 0.000142332
61.705 0.000134115
61.755 0.000127322
61.805 0.000121044
61.855 0.000115512
61.905 0.000109693
61.955 0.000104608
62.005 9.64718e-05
62.055 9.35044e-05
62.105 9.48729e-05
62.155 9.80895e-05
62.205 0.000113199
62.255 0.000123765
62.305 0.000131614
62.355 0.000136357
62.405 0.000131884
62.455 0.000128182
62.505 0.000124471
62.555 0.000121146
62.605 0.000114544
62.655 0.000108184
62.705 0.000111056
62.755 0.000118853
62.805 0.000128626
62.855 0.000149424
62.905 0.000160837
62.955 0.000165834
63.005 0.000166153
63.055 0.000167008
63.105 0.000166123
63.155 0.000168721
63.205 0.000175192
63.255 0.000177793
63.305 0.000183611
63.355 0.000188866
63.405 0.00018715
63.455 0.000172885
63.505 0.00016528
63.555 0.000157524
63.605 0.000152833
63.655 0.000152208
63.705 0.000149236
63.755 0.000145943
63.805 0.000146665
63.855 0.000150386
63.905 0.00014842
63.955 0.000151762
64.005 0.000157422
64.055 0.000161508
64.105 0.000163177
64.155 0.000161196
64.205 0.000152937
64.255 0.000138403
64.305 0.000134157
64.355 0.000133295
64.405 0.000141707
64.455 0.000146885
64.505 0.000149831
64.555 0.000144002
64.605 0.000135108
64.655 0.000128394
64.705 0.000122003
64.755 0.000116345
64.805 0.000110639
64.855 0.000105543
64.905 9.72673e-05
64.955 9.35789e-05
65.005 9.44972e-05
65.055 9.74826e-05
65.105 0.000111053
65.155 0.000122275
65.205 0.000130534
65.255 0.000135858
65.305 0.000133221
65.355 0.000128863
65.405 0.000125041
65.455 0.000121656
65.505 0.000116107
65.555 0.000108459
65.605 0.000110163
65.655 0.000117413
65.705 0.000127002
65.755 0.00014673
65.805 0.000159503
65.855 0.000165386
65.905 0.000166353
65.955 0.00016697
66.005 0.000166207
66.055 0.000167805
66.105 0.000174785
66.155 0.000177137
66.205 0.000182567
66.255 0.00018829
66.305 0.000188689
66.355 0.000175021
66.405 0.000166249
66.455 0.000158663
66.505 0.000153311
66.555 0.000152023
66.605 0.000150224
66.655 0.000146207
66.705 0.000146244
66.755 0.000150346
66.805 0.00014848
66.855 0.000150846
66.905 0.000156825
66.955 0.000161002
67.005 0.000163126
67.055 0.000161729
67.105 0.000154668
67.155 0.000139925
67.205 0.000134491
67.255 0.000133331
67.305 0.000140457
67.355 0.000146235
67.405 0.000149489
67.455 0.000145662
67.505 0.000135958
67.555 0.000129482
67.605 0.000122981
67.655 0.000117201
67.705 0.000111671
67.755 0.00010627
67.805 9.83484e-05
67.855 9.37786e-05
67.905 9.41705e-05
67.955 9.69087e-05
68.005 0.000108557
68.055 0.000120724
68.105 0.000129383
68.155 0.000135252
68.205 0.000134259
68.255 0.000129593
68.305 0.000125624
68.355 0.000122175
68.405 0.000117418
68.455 0.000108995
68.505 0.00010941
68.555 0.000116029
68.605 0.000125391
68.655 0.000143626
68.705 0.000157995
68.755 0.000164809
68.805 0.000166467
68.855 0.00016675
68.905 0.000166357
68.955 0.000167111
69.005 0.000174178
69.055 0.000176579
69.105 0.000181535
69.155 0.000187587
69.205 0.000189806
69.255 0.000177264
69.305 0.00016718
69.355 0.000159915
69.405 0.000153892
69.455 0.000151953
69.505 0.00015142
69.555 0.000146565
69.605 0.000145948
69.655 0.000149959
69.705 0.000148715
69.755 0.000150058
69.805 0.000156442
69.855 0.000160411
69.905 0.000162938
69.955 0.000162191
70.005 0.000156241
70.055 0.000141894
70.105 0.000134914
70.155 0.000133399
70.205 0.000138936
70.255 0.000145531
70.305 0.000149094
70.355 0.000147291
70.405 0.000137037
70.455 0.000130583
70.505 0.000123978
70.555 0.000118077
70.605 0.000112816
70.655 0.00010702
70.705 9.97448e-05
70.755 9.41267e-05
70.805 9.38992e-05
70.855 9.63694e-05
70.905 0.000105544
70.955 0.000119097
71.005 0.000128158
71.055 0.000134541
71.105 0.000134989
71.155 0.000130255
71.205 0.000126221
71.255 0.000122703
71.305 0.000118757
71.355 0.000109808
71.405 0.000108815
71.455 0.000114712
71.505 0.000123799
71.555 0.000139987
71.605 0.000156313
71.655 0.000164102
71.705 0.000166489
71.755 0.000166212
71.805 0.00016654
71.855 0.00016662
71.905 0.000173119
71.955 0.000176121
72.005 0.000180539
72.055 0.000186771
72.105 0.000189815
72.155 0.000179616
72.205 0.000168042
72.255 0.000161281
72.305 0.000154579
72.355 0.000151993
72.405 0.000152913
72.455 0.000147022
72.505 0.000145773
72.555 0.000148952
72.605 0.000149102
72.655 0.000149406
72.705 0.00015532
72.755 0.000159747
72.805 0.000162579
72.855 0.000162574
72.905 0.000158058
72.955 0.000144503
73.005 0.000135449
73.055 0.000133504
73.105 0.000136991
73.155 0.000144768
73.205 0.000148651
73.255 0.000148557
73.305 0.000138651
73.355 0.000131689
73.405 0.000124993
73.455 0.000118973
73.505 0.000113733
73.555 0.000107799
73.605 0.000101496
73.655 9.46492e-05
73.705 9.36894e-05
73.755 9.58644e-05
73.805 0.00010176
73.855 0.0001174
73.905 0.000126871
73.955 0.000133735
74.005 0.00013564
74.055 0.000130742
74.105 0.000126819
74.155 0.000123237
74.205 0.000120025
74.255 0.000110913
74.305 0.000108394
74.355 0.000113474
74.405 0.000122232
74.455 0.000135458
74.505 0.000154434
74.555 0.000163257
74.605 0.00016641
74.655 0.000165449
74.705 0.000166731
74.755 0.000166308
74.805 0.000171672
74.855 0.000175755
74.905 0.000179602
74.955 0.000185862
75.005 0.000189673
75.055 0.000182101
75.105 0.000168743
75.155 0.00016276
75.205 0.000155373
75.255 0.000152138
75.305 0.000153074
75.355 0.000147574
75.405 0.000145709
75.455 0.000148088
75.505 0.000149619
75.555 0.000148912
75.605 0.000154148
75.655 0.00015903
75.705 0.000162277
75.755 0.000162871
75.805 0.000159773
75.855 0.000147784
75.905 0.000136128
75.955 0.00013365
76.005 0.000134221
76.055 0.000143929
76.105 0.000148158
76.155 0.000149627
76.205 0.00014029
76.255 0.000132794
76.305 0.000126027
76.355 0.00011989
76.405 0.000114517
76.455 0.000108618
76.505 0.00010287
76.555 9.53964e-05
76.605 9.3555e-05
76.655 9.53972e-05
76.705 9.8885e-05
76.755 0.000115597
76.805 0.000125519
76.855 0.000132838
76.905 0.000136172
76.955 0.000130941
77.005 0.000127432
77.055 0.000123785
77.105 0.000120526
77.155 0.00011234
77.205 0.00010817
77.255 0.000112327
77.305 0.000120696
77.355 0.000130569
77.405 0.000152342
77.455 0.000162266
77.505 0.000166223
77.555 0.000165805
77.605 0.000166896
77.655 0.00016615
77.705 0.000170184
77.755 0.000175464
77.805 0.000178738
77.855 0.000184881
77.905 0.000189397
77.955 0.000184668
78.005 0.000170409
78.055 0.000164089
78.105 0.000156277
78.155 0.000152388
78.205 0.000152606
78.255 0.000148242
78.305 0.000145753
78.355 0.000147368
78.405 0.000150226
78.455 0.000148587
78.505 0.000153031
78.555 0.000158294
78.605 0.000161996
78.655 0.000163073
78.705 0.000160447
78.755 0.000150194
78.805 0.000136994
78.855 0.000133843
78.905 0.000133295
78.955 0.000143007
79.005 0.000147618
79.055 0.000150026
79.105 0.00014195
79.155 0.000133871
79.205 0.000127078
79.255 0.000120826
79.305 0.000115324
79.355 0.000109485
79.405 0.000104276
79.455 9.632e-05
79.505 9.35039e-05
79.555 9.49684e-05
79.605 9.82372e-05
79.655 0.00011367
79.705 0.000124104
79.755 0.000131856
79.805 0.000136457
79.855 0.000131569
79.905 0.000128043
79.955 0.000124342
80.005 0.00012103
80.055 0.000114083
80.105 0.000108155
80.155 0.000111285
80.205 0.000119198
80.255 0.000129006
80.305 0.000150013
80.355 0.000161129
80.405 0.000165925
80.455 0.000166099
80.505 0.000166998
80.555 0.000166117
80.605 0.000168967
80.655 0.000175242
80.705 0.000177963
80.755 0.000183856
80.805 0.000188985
80.855 0.0001867
80.905 0.000172413
80.955 0.000165062
81.005 0.000157281
81.055 0.00015274
81.105 0.000152271
81.155 0.000149035
81.205 0.000145898
81.255 0.000146785
81.305 0.000150409
81.355 0.000148431
81.405 0.00015199
81.455 0.000157578
81.505 0.000161611
81.555 0.00016317
81.605 0.000161061
81.655 0.00015241
81.705 0.000138104
81.755 0.00013409
81.805 0.000133293
81.855 0.000141968
81.905 0.000147031
81.955 0.000149905
82.005 0.000143618
82.055 0.000134893
82.105 0.000128147
82.155 0.000121782
82.205 0.000116153
82.255 0.000110415
82.305 0.000105379
82.355 9.70643e-05
82.405 9.35539e-05
82.455 9.45824e-05
82.505 9.76226e-05
82.555 0.000111582
82.605 0.000122632
82.655 0.000130796
82.705 0.000135988
82.755 0.00013292
82.805 0.00012869
82.855 0.000124911
82.905 0.00012154
82.955 0.000115813
83.005 0.000108377
83.055 0.000110362
83.105 0.000117745
83.155 0.000127381
83.205 0.000147383
83.255 0.000159828
83.305 0.000165503
83.355 0.000166317
83.405 0.000166999
83.455 0.000166184
83.505 0.000167999
83.555 0.000174932
83.605 0.000177281
83.655 0.00018281
83.705 0.000188438
83.755 0.00018837
83.805 0.000174523
83.855 0.00016603
83.905 0.000158394
83.955 0.000153195
84.005 0.000152059
84.055 0.000149979
84.105 0.00014614
84.155 0.000146334
84.205 0.000150353
84.255 0.000148457
84.305 0.000151054
84.355 0.000156949
84.405 0.00016113
84.455 0.000163152
84.505 0.000161613
84.555 0.000154328
84.605 0.000139531
84.655 0.000134407
84.705 0.000133321
84.755 0.000140765
84.805 0.000146392
84.855 0.000149575
84.905 0.00014528
84.955 0.000135783
85.005 0.000129232
85.055 0.000122756
85.105 0.000117004
85.155 0.000111428
85.205 0.000106102
85.255 9.80749e-05
85.305 9.37234e-05
85.355 9.42445e-05
85.405 9.70417e-05
85.455 0.000109167
85.505 0.00012109
85.555 0.000129658
85.605 0.000135405
85.655 0.000134084
85.705 0.000129437
85.755 0.000125494
85.805 0.000122059
85.855 0.000117115
85.905 0.000108851
85.955 0.000109576
86.005 0.000116348
86.055 0.000125767
86.105 0.000144397
86.155 0.000158366
86.205 0.00016496
86.255 0.000166454
86.305 0.000166822
86.355 0.00016632
86.405 0.000167255
86.455 0.000174316
86.505 0.000176699
86.555 0.000181771
86.605 0.000187761
86.655 0.000189734
86.705 0.000176738
86.755 0.000166976
86.805 0.000159619
86.855 0.000153753
86.905 0.000151963
86.955 0.000151131
87.005 0.000146479
87.055 0.000146011
87.105 0.000150218
87.155 0.000148651
87.205 0.000150233
87.255 0.000156516
87.305 0.000160559
87.355 0.000162996
87.405 0.000162092
87.455 0.000155852
87.505 0.000141399
87.555 0.000134808
87.605 0.000133381
87.655 0.000139334
87.705 0.000145704
87.755 0.000149195
87.805 0.000146926
87.855 0.000136671
87.905 0.00013033
87.955 0.000123749
88.005 0.000117876
88.055 0.000112539
88.105 0.000106846
88.155 9.93862e-05
88.205 9.40314e-05
88.255 9.39586e-05
88.305 9.6494e-05
88.355 0.000106308
88.405 0.000119486
88.455 0.000128453
88.505 0.00013472
88.555 0.000134828
88.605 0.000130108
88.655 0.000126082
88.705 0.000122582
88.755 0.000118448
88.805 0.000109595
88.855 0.000108941
88.905 0.000115015
88.955 0.000124171
89.005 0.000140894
89.055 0.000156724
89.105 0.000164284
89.155 0.000166498
89.205 0.000166377
89.255 0.000166499
89.305 0.00016672
89.355 0.000173423
89.405 0.000176219
89.455 0.000180766
89.505 0.000186971
89.555 0.000189834
89.605 0.000179069
89.655 0.000167856
89.705 0.00016096
89.755 0.000154415
89.805 0.000151978
89.855 0.000152531
89.905 0.00014691
89.955 0.000145807
90.005 0.000149177
90.055 0.000149005
90.105 0.000149549
90.155 0.000155603
90.205 0.00015991
90.255 0.000162686
90.305 0.000162495
90.355 0.000157619
90.405 0.000143832
90.455 0.000135314
90.505 0.000133478
90.555 0.000137481
90.605 0.000144951
90.655 0.000148761
90.705 0.000148301
90.755 0.000138278
90.805 0.000131438
90.855 0.00012476
90.905 0.000118768
90.955 0.000113558
91.005 0.000107619
91.055 0.000101066
91.105 9.45155e-05
91.155 9.37354e-05
91.205 9.59813e-05
91.255 0.000102734
91.305 0.000117804
91.355 0.000127179
91.405 0.000133935
91.455 0.000135502
91.505 0.000130657
91.555 0.000126686
91.605 0.000123118
91.655 0.000119773
91.705 0.000110636
91.755 0.00010848
91.805 0.000113757
91.855 0.000122597
91.905 0.000136609
91.955 0.000154892
92.005 0.00016347
92.055 0.000166443
92.105 0.000165481
92.155 0.000166693
92.205 0.000166369
92.255 0.000172058
92.305 0.000175831
92.355 0.000179812
92.405 0.00018608
92.455 0.000189719
92.505 0.000181513
92.555 0.000168608
92.605 0.000162412
92.655 0.000155184
92.705 0.0001521
92.755 0.000153208
92.805 0.000147443
92.855 0.000145719
92.905 0.000148281
92.955 0.000149496
93.005 0.00014902
93.055 0.000154422
93.105 0.000159206
93.155 0.000162332
93.205 0.000162813
93.255 0.000159611
93.305 0.00014704
93.355 0.000135957
93.405 0.000133614
93.455 0.000134969
93.505 0.000144134
93.555 0.00014828
93.605 0.000149415
93.655 0.000139914
93.705 0.000132543
93.755 0.00012579
93.805 0.000119681
93.855 0.000114337
93.905 0.000108428
93.955 0.000102554
94.005 9.52023e-05
94.055 9.35813e-05
94.105 9.55046e-05
94.155 9.90428e-05
94.205 0.000116028
94.255 0.000125841
94.305 0.000133058
94.355 0.000136067
94.405 0.000130943
94.455 0.000127295
94.505 0.000123662
94.555 0.000120413
94.605 0.000111979
94.655 0.000108206
94.705 0.000112588
94.755 0.000121053
94.805 0.000131044
94.855 0.000152859
94.905 0.000162519
94.955 0.000166285
95.005 0.000165735
95.055 0.000166866
95.105 0.000166177
95.155 0.000170505
95.205 0.000175524
95.255 0.00017893
95.305 0.000185112
95.355 0.000189473
95.405 0.000184106
95.455 0.000169964
95.505 0.000163872
95.555 0.000156063
95.605 0.000152325
95.655 0.000152706
95.705 0.000148081
95.755 0.000145738
95.805 0.000147527
95.855 0.000150087
95.905 0.000148651
95.955 0.000153289
96.005 0.000158469
96.055 0.000162074
96.105 0.000163038
96.155 0.000160298
96.205 0.000149705
96.255 0.000136776
96.305 0.000133795
96.355 0.000133302
96.405 0.000143233
96.455 0.000147751
96.505 0.000149956
96.555 0.000141569
96.605 0.000133631
96.655 0.000126838
96.705 0.000120613
96.755 0.000115139
96.805 0.000109282
96.855 0.000103948
96.905 9.61483e-05
96.955 9.35099e-05
97.005 9.50664e-05
97.055 9.83869e-05
97.105 0.00011414
97.155 0.000124445
97.205 0.000132098
97.255 0.000136474
97.305 0.000131258
97.355 0.000127906
97.405 0.000124216
97.455 0.000120917
97.505 0.000113657
97.555 0.000108142
97.605 0.00011152
97.655 0.000119545
97.705 0.000129373
97.755 0.000150578
97.805 0.000161412
97.855 0.00016601
97.905 0.000166043
97.955 0.00016699
98.005 0.000166119
98.055 0.000169226
98.105 0.000175291
98.155 0.000178131
98.205 0.000184093
98.255 0.00018909
98.305 0.000186239
98.355 0.000171942
98.405 0.000164838
98.455 0.000157043
98.505 0.000152653
98.555 0.00015234
98.605 0.000148839
98.655 0.000145859
98.705 0.000146912
98.755 0.000150438
98.805 0.000148461
98.855 0.000152233
98.905 0.000157745
98.955 0.000161716
99.005 0.000163163
99.055 0.000160929
99.105 0.000151889
99.155 0.000137821
99.205 0.00013403
99.255 0.000133293
99.305 0.000142222
99.355 0.000147174
99.405 0.000149978
99.455 0.000143236
99.505 0.00013467
99.555 0.000127903
99.605 0.000121564
99.655 0.000115963
99.705 0.000110198
99.755 0.000105217
99.805 9.68734e-05
99.855 9.35356e-05
99.905 9.46705e-05
99.955 9.77647e-05
100.005 0.00011208
100.055 0.000122981
100.105 0.000131052
100.155 0.000136111
100.205 0.000132616
100.255 0.000128523
100.305 0.000124785
100.355 0.000121427
100.405 0.000115526
100.455 0.000108309
100.505 0.000110568
100.555 0.000118082
100.605 0.000127762
100.655 0.000148031
100.705 0.000160153
100.755 0.000165621
100.805 0.000166281
100.855 0.000167015
100.905 0.000166164
100.955 0.000168204
101.005 0.000175072
101.055 0.000177426
101.105 0.000183048
101.155 0.000188572
101.205 0.00018804
101.255 0.000174024
101.305 0.000165811
101.355 0.00015813
101.405 0.000153083
101.455 0.0001521
101.505 0.000149751
101.555 0.00014608
101.605 0.000146431
101.655 0.000150367
101.705 0.000148442
101.755 0.000151269
101.805 0.000157095
101.855 0.000161257
101.905 0.000163172
101.955 0.000161495
102.005 0.000153992
102.055 0.000139174
102.105 0.000134329
102.155 0.000133313
102.205 0.000141073
102.255 0.00014655
102.305 0.000149663
102.355 0.000144905
102.405 0.000135597
102.455 0.000128985
102.505 0.000122534
102.555 0.000116809
102.605 0.000111187
102.655 0.000105935
102.705 9.78111e-05
102.755 9.36727e-05
102.805 9.43198e-05
102.855 9.71755e-05
102.905 0.000109774
102.955 0.000121459
103.005 0.000129934
103.055 0.000135555
103.105 0.000133908
103.155 0.000129269
103.205 0.00012536
103.255 0.000121941
103.305 0.000116811
103.355 0.000108719
103.405 0.000109748
103.455 0.00011667
103.505 0.000126144
103.555 0.000145133
103.605 0.000158728
103.655 0.000165106
103.705 0.000166438
103.755 0.000166888
103.805 0.000166288
103.855 0.000167409
103.905 0.000174459
103.955 0.000176823
104.005 0.000182007
104.055 0.000187925
104.105 0.000189424
104.155 0.000176217
104.205 0.000166763
104.255 0.000159329
104.305 0.000153617
104.355 0.000151978
104.405 0.00015084
104.455 0.000146394
104.505 0.000146078
104.555 0.000150343
104.605 0.000148598
104.655 0.000150419
104.705 0.000156594
104.755 0.000160706
104.805 0.000163053
104.855 0.000161993
104.905 0.000155495
104.955 0.000140923
105.005 0.000134709
105.055 0.000133367
105.105 0.000139686
105.155 0.00014587
105.205 0.000149291
105.255 0.00014655
105.305 0.000136319
105.355 0.000130082
105.405 0.000123523
105.455 0.000117676
105.505 0.000112277
105.555 0.000106675
105.605 9.90612e-05
105.655 9.39501e-05
105.705 9.4022e-05
105.755 9.66198e-05
105.805 0.000107022
105.855 0.000119868
105.905 0.000128743
105.955 0.000134893
106.005 0.000134668
106.055 0.000129969
106.105 0.000125951
106.155 0.000122465
106.205 0.000118143
106.255 0.000109403
106.305 0.000109078
106.355 0.000115321
106.405 0.000124543
106.455 0.000141763
106.505 0.000157128
106.555 0.00016446
106.605 0.000166503
106.655 0.000166523
106.705 0.000166461
106.755 0.000166828
106.805 0.000173707
106.855 0.000176318
106.905 0.00018099
106.955 0.000187158
107.005 0.000189836
107.055 0.000178515
107.105 0.000167659
107.155 0.000160641
107.205 0.000154254
107.255 0.000151967
107.305 0.000152184
107.355 0.000146804
107.405 0.000145847
107.455 0.000149409
107.505 0.000148917
107.555 0.000149704
107.605 0.000155891
107.655 0.000160075
107.705 0.000162779
107.755 0.000162415
107.805 0.00015718
107.855 0.000143205
107.905 0.000135189
107.955 0.000133455
108.005 0.000137962
108.055 0.000145135
108.105 0.00014887
108.155 0.000148053
108.205 0.00013791
108.255 0.000131187
108.305 0.00012453
108.355 0.000118564
108.405 0.000113385
108.455 0.00010744
108.505 0.000100641
108.555 9.43873e-05
108.605 9.37825e-05
108.655 9.60985e-05
108.705 0.000103641
108.755 0.000118203
108.805 0.000127484
108.855 0.000134129
108.905 0.000135359
108.955 0.000130555
109.005 0.000126551
109.055 0.000122997
109.105 0.000119474
109.155 0.000110367
109.205 0.000108573
109.255 0.000114045
109.305 0.000122963
109.355 0.000137723
109.405 0.000155347
109.455 0.000163683
109.505 0.000166475
109.555 0.000165743
109.605 0.000166653
109.655 0.000166437
109.705 0.000172457
109.755 0.000175911
109.805 0.000180023
109.855 0.000186288
109.905 0.000189751
109.955 0.000180931
