50.005 0
50.055 0.000236447
50.105 0.000258683
50.155 0.000271129
50.205 0.000266529
50.255 0.000249767
50.305 0.000227904
50.355 0.000207399
50.405 0.000194751
50.455 0.000192742
50.505 0.000192794
50.555 0.000188955
50.605 0.000187368
50.655 0.000196764
50.705 0.00021619
50.755 0.000239265
50.805 0.000259325
50.855 0.000269136
50.905 0.000266736
50.955 0.000255078
51.005 0.000240084
51.055 0.00022526
51.105 0.000213021
51.155 0.000205824
51.205 0.000205302
51.255 0.000209525
51.305 0.00021358
51.355 0.000213328
51.405 0.000210027
51.455 0.00020513
51.505 0.000199691
51.555 0.000195963
51.605 0.000197663
51.655 0.000206577
51.705 0.000215313
51.755 0.000215689
51.805 0.000210836
51.855 0.000205833
51.905 0.000205789
51.955 0.000211727
52.005 0.000221156
52.055 0.000234726
52.105 0.000242802
52.155 0.000238386
52.205 0.000227838
52.255 0.000221182
52.305 0.000227708
52.355 0.000248052
52.405 0.000267202
52.455 0.000270712
52.505 0.00025893
52.555 0.000238699
52.605 0.00021674
52.655 0.0001995
52.705 0.000192691
52.755 0.00019321
52.805 0.000191108
52.855 0.000187221
52.905 0.0001906
52.955 0.000206008
53.005 0.000227878
53.055 0.000250853
53.105 0.00026595
53.155 0.000269358
53.205 0.000261488
53.255 0.000247457
53.305 0.000232278
53.355 0.000218448
53.405 0.000208292
53.455 0.000204906
53.505 0.000206975
53.555 0.000212139
53.605 0.000213956
53.655 0.000211894
53.705 0.000207629
53.755 0.00020231
53.805 0.000197317
53.855 0.000195779
53.905 0.000201637
53.955 0.000211973
54.005 0.000216456
54.055 0.000213548
54.105 0.000207934
54.155 0.00020494
54.205 0.000208351
54.255 0.000216064
54.305 0.00022795
54.355 0.00024041
54.405 0.000241869
54.455 0.000233081
54.505 0.000223273
54.555 0.000222497
54.605 0.000237132
54.655 0.000259328
54.705 0.000271239
54.755 0.000266132
54.805 0.000249095
54.855 0.000227178
54.905 0.000206825
54.955 0.000194531
55.005 0.000192776
55.055 0.000192722
55.105 0.000188814
55.155 0.000187468
55.205 0.000197277
55.255 0.000216908
55.305 0.000240044
55.355 0.000259823
55.405 0.000269247
55.455 0.000266472
55.505 0.000254614
55.555 0.000239588
55.605 0.000224805
55.655 0.000212659
55.705 0.000205719
55.755 0.00020537
55.805 0.000209716
55.855 0.000213641
55.905 0.000213259
55.955 0.000209887
56.005 0.000204955
56.055 0.000199523
56.105 0.000195909
56.155 0.000197878
56.205 0.000206936
56.255 0.000215456
56.305 0.000215587
56.355 0.000210645
56.405 0.000205728
56.455 0.000205905
56.505 0.000211977
56.555 0.000221545
56.605 0.000235153
56.655 0.000242846
56.705 0.000238084
56.755 0.000227504
56.805 0.000221144
56.855 0.000228194
56.905 0.000248802
56.955 0.000267596
57.005 0.000270534
57.055 0.000258363
57.105 0.000237974
57.155 0.000216066
57.205 0.000199091
57.255 0.000192648
57.305 0.000193216
57.355 0.000190968
57.405 0.00018716
57.455 0.000190922
57.505 0.000206657
57.555 0.000228633
57.605 0.00025148
57.655 0.000266256
57.705 0.000269264
57.755 0.000261093
57.805 0.000246965
57.855 0.000231794
57.905 0.000218055
57.955 0.000208069
58.005 0.000204898
58.055 0.000207123
58.105 0.000212265
58.155 0.000213942
58.205 0.000211782
58.255 0.000207466
58.305 0.00020213
58.355 0.000197193
58.405 0.000195842
58.455 0.000201932
58.505 0.000212265
58.555 0.000216452
58.605 0.000213379
58.655 0.000207766
58.705 0.000204942
58.755 0.000208556
58.805 0.000216368
58.855 0.000228411
58.905 0.000240672
58.955 0.000241703
59.005 0.00023272
59.055 0.000223051
59.105 0.000222724
59.155 0.000237826
59.205 0.000259959
59.255 0.000271327
59.305 0.000265722
59.355 0.000248419
59.405 0.000226453
59.455 0.000206261
59.505 0.000194324
59.555 0.00019281
59.605 0.000192644
59.655 0.000188674
59.705 0.000187581
59.755 0.000197799
59.805 0.000217629
59.855 0.000240824
59.905 0.000260315
59.955 0.000269347
60.005 0.0002662
60.055 0.00025415
60.105 0.000239093
60.155 0.000224354
60.205 0.000212307
60.255 0.000205623
60.305 0.000205444
60.355 0.000209907
60.405 0.000213697
60.455 0.000213186
60.505 0.000209745
60.555 0.000204781
60.605 0.000199356
60.655 0.00019586
60.705 0.000198094
60.755 0.000207295
60.805 0.000215587
60.855 0.000215478
60.905 0.000210454
60.955 0.000205628
61.005 0.000206027
61.055 0.000212229
61.105 0.00022194
61.155 0.000235574
61.205 0.000242873
61.255 0.000237776
61.305 0.000227172
61.355 0.00022112
61.405 0.000228695
61.455 0.00024955
61.505 0.000267971
61.555 0.000270339
61.605 0.000257786
61.655 0.000237247
61.705 0.000215396
61.755 0.000198695
61.805 0.000192614
61.855 0.000193216
61.905 0.000190825
61.955 0.000187108
62.005 0.000191257
62.055 0.000207313
62.105 0.00022939
62.155 0.00025211
62.205 0.000266549
62.255 0.000269161
62.305 0.000260695
62.355 0.000246474
62.405 0.000231314
62.455 0.000217668
62.505 0.000207856
62.555 0.000204896
62.605 0.000207276
62.655 0.000212387
62.705 0.000213922
62.755 0.000211669
62.805 0.000207304
62.855 0.000201949
62.905 0.000197074
62.955 0.000195909
63.005 0.000202235
63.055 0.000212545
63.105 0.000216441
63.155 0.000213204
63.205 0.000207599
63.255 0.000204954
63.305 0.000208764
63.355 0.000216679
63.405 0.000228873
63.455 0.000240916
63.505 0.000241522
63.555 0.000232358
63.605 0.000222837
63.655 0.000222967
63.705 0.000238527
63.755 0.000260577
63.805 0.000271397
63.855 0.000265298
63.905 0.000247738
63.955 0.000225729
64.005 0.000205706
64.055 0.000194128
64.105 0.000192845
64.155 0.000192559
64.205 0.000188537
64.255 0.000187707
64.305 0.000198332
64.355 0.000218352
64.405 0.000241604
64.455 0.000260801
64.505 0.000269433
64.555 0.000265918
64.605 0.000253682
64.655 0.000238599
64.705 0.000223906
64.755 0.000211963
64.805 0.000205532
64.855 0.000205522
64.905 0.0002101
64.955 0.000213748
65.005 0.000213111
65.055 0.000209601
65.105 0.000204604
65.155 0.000199191
65.205 0.000195816
65.255 0.000198315
65.305 0.000207654
65.355 0.00021571
65.405 0.000215367
65.455 0.000210264
65.505 0.000205535
65.555 0.000206156
65.605 0.000212484
65.655 0.000222341
65.705 0.000235986
65.755 0.000242888
65.805 0.000237462
65.855 0.000226846
65.905 0.00022111
65.955 0.000229213
66.005 0.000250294
66.055 0.000268326
66.105 0.000270126
66.155 0.000257199
66.205 0.000236517
66.255 0.000214731
66.305 0.00019831
66.355 0.000192587
66.405 0.000193211
66.455 0.000190679
66.505 0.000187064
66.555 0.000191606
66.605 0.000207973
66.655 0.000230149
66.705 0.000252739
66.755 0.000266829
66.805 0.000269043
66.855 0.000260289
66.905 0.00024598
66.955 0.000230833
67.005 0.000217286
67.055 0.00020765
67.105 0.000204898
67.155 0.000207432
67.205 0.000212506
67.255 0.000213899
67.305 0.000211554
67.355 0.00020714
67.405 0.000201769
67.455 0.000196958
67.505 0.000195979
67.555 0.000202542
67.605 0.00021282
67.655 0.000216422
67.705 0.000213027
67.755 0.000207437
67.805 0.000204972
67.855 0.000208974
67.905 0.000216993
67.955 0.000229337
68.005 0.000241149
68.055 0.000241333
68.105 0.000231998
68.155 0.000222634
68.205 0.000223228
68.255 0.000239237
68.305 0.000261181
68.355 0.000271447
68.405 0.000264864
68.455 0.000247052
68.505 0.000225007
68.555 0.000205159
68.605 0.000193945
68.655 0.000192879
68.705 0.00019247
68.755 0.000188402
68.805 0.000187846
68.855 0.000198874
68.905 0.000219078
68.955 0.000242385
69.005 0.000261281
69.055 0.000269506
69.105 0.000265624
69.155 0.00025321
69.205 0.000238104
69.255 0.000223461
69.305 0.000211627
69.355 0.000205449
69.405 0.000205606
69.455 0.000210292
69.505 0.000213793
69.555 0.000213032
69.605 0.000209455
69.655 0.000204427
69.705 0.000199027
69.755 0.000195775
69.805 0.000198543
69.855 0.000208013
69.905 0.000215823
69.955 0.00021525
70.005 0.000210074
70.055 0.000205448
70.105 0.000206292
70.155 0.000212741
70.205 0.000222747
70.255 0.000236392
70.305 0.000242888
70.355 0.000237144
70.405 0.000226525
70.455 0.000221118
70.505 0.000229746
70.555 0.000251036
70.605 0.000268662
70.655 0.000269899
70.705 0.000256606
70.755 0.000235788
70.805 0.000214072
70.855 0.000197937
70.905 0.000192567
70.955 0.000193201
71.005 0.000190533
71.055 0.000187028
71.105 0.000191968
71.155 0.00020864
71.205 0.000230909
71.255 0.000253368
71.305 0.000267096
71.355 0.000268913
71.405 0.000259876
71.455 0.000245485
71.505 0.000230354
71.555 0.000216907
71.605 0.000207454
71.655 0.000204905
71.705 0.000207592
71.755 0.000212621
71.805 0.000213871
71.855 0.000211435
71.905 0.000206974
71.955 0.000201588
72.005 0.000196847
72.055 0.000196052
72.105 0.000202856
72.155 0.000213081
72.205 0.000216395
72.255 0.000212847
72.305 0.000207278
72.355 0.000204998
72.405 0.000209188
72.455 0.000217314
72.505 0.000229801
72.555 0.000241367
72.605 0.000241132
72.655 0.000231636
72.705 0.000222444
72.755 0.000223507
72.805 0.000239954
72.855 0.000261772
72.905 0.000271478
72.955 0.000264416
73.005 0.000246359
73.055 0.000224286
73.105 0.000204621
73.155 0.000193773
73.205 0.000192914
73.255 0.000192374
73.305 0.000188271
73.355 0.000187998
73.405 0.000199426
73.455 0.000219807
73.505 0.000243167
73.555 0.000261755
73.605 0.000269566
73.655 0.000265324
73.705 0.000252738
73.755 0.000237611
73.805 0.00022302
73.855 0.0002113
73.905 0.000205372
73.955 0.000205695
74.005 0.000210483
74.055 0.000213833
74.105 0.00021295
74.155 0.000209308
74.205 0.00020425
74.255 0.000198866
74.305 0.00019574
74.355 0.000198772
74.405 0.000208369
74.455 0.000215924
74.505 0.000215125
74.555 0.000209884
74.605 0.000205365
74.655 0.000206434
74.705 0.000213003
74.755 0.000223161
74.805 0.000236789
74.855 0.000242874
74.905 0.000236819
74.955 0.000226211
75.005 0.000221142
75.055 0.000230294
75.105 0.000251772
75.155 0.000268979
75.205 0.000269655
75.255 0.000256004
75.305 0.000235056
75.355 0.000213418
75.405 0.000197577
75.455 0.000192553
75.505 0.000193186
75.555 0.000190383
75.605 0.000187002
75.655 0.000192343
75.705 0.000209311
75.755 0.000231671
75.805 0.000253997
75.855 0.000267351
75.905 0.000268773
75.955 0.00025946
76.005 0.000244992
76.055 0.000229877
76.105 0.000216536
76.155 0.000207266
76.205 0.000204918
76.255 0.000207756
76.305 0.000212732
76.355 0.000213839
76.405 0.000211314
76.455 0.000206807
76.505 0.000201409
76.555 0.000196741
76.605 0.000196127
76.655 0.000203174
76.705 0.000213334
76.755 0.000216361
76.805 0.000212667
76.855 0.000207122
76.905 0.000205032
76.955 0.000209406
77.005 0.000217638
77.055 0.000230266
77.105 0.000241571
77.155 0.000240922
77.205 0.000231275
77.255 0.000222262
77.305 0.000223803
77.355 0.000240676
77.405 0.000262347
77.455 0.00027149
77.505 0.000263956
77.555 0.000245663
77.605 0.000223569
77.655 0.000204092
77.705 0.000193614
77.755 0.000192947
77.805 0.000192273
77.855 0.000188143
77.905 0.000188164
77.955 0.000199988
78.005 0.000220538
78.055 0.000243949
78.105 0.000262221
78.155 0.000269614
78.205 0.000265015
78.255 0.000252262
78.305 0.000237118
78.355 0.000222581
78.405 0.00021098
78.455 0.000205301
78.505 0.000205789
78.555 0.000210673
78.605 0.000213868
78.655 0.000212866
78.705 0.000209159
78.755 0.000204072
78.805 0.000198706
78.855 0.000195708
78.905 0.000199008
78.955 0.000208722
79.005 0.000216015
79.055 0.000214996
79.105 0.000209694
79.155 0.00020529
79.205 0.000206583
79.255 0.000213266
79.305 0.000223579
79.355 0.000237176
79.405 0.000242845
79.455 0.00023649
79.505 0.000225901
79.555 0.00022118
79.605 0.000230857
79.655 0.000252503
79.705 0.000269278
79.755 0.000269395
79.805 0.000255393
79.855 0.000234324
79.905 0.000212771
79.955 0.000197227
80.005 0.000192546
80.055 0.000193165
80.105 0.000190233
80.155 0.000186985
80.205 0.000192732
80.255 0.000209988
80.305 0.000232436
80.355 0.000254625
80.405 0.000267592
80.455 0.000268619
80.505 0.000259037
80.555 0.000244497
80.605 0.000229402
80.655 0.000216169
80.705 0.000207085
80.755 0.000204935
80.805 0.000207923
80.855 0.000212838
80.905 0.000213802
80.955 0.000211191
81.005 0.000206639
81.055 0.000201229
81.105 0.000196638
81.155 0.000196206
81.205 0.000203499
81.255 0.000213579
81.305 0.000216319
81.355 0.000212482
81.405 0.000206969
81.455 0.000205072
81.505 0.000209627
81.555 0.000217969
81.605 0.000230729
81.655 0.00024176
81.705 0.000240701
81.755 0.000230914
81.805 0.000222093
81.855 0.000224119
81.905 0.000241407
81.955 0.000262908
82.005 0.000271484
82.055 0.000263485
82.105 0.000244964
82.155 0.000222854
82.205 0.000203573
82.255 0.000193467
82.305 0.000192979
82.355 0.000192169
82.405 0.000188019
82.455 0.000188344
82.505 0.000200559
82.555 0.000221272
82.605 0.000244732
82.655 0.000262682
82.705 0.000269646
82.755 0.000264693
82.805 0.000251784
82.855 0.000236625
82.905 0.000222146
82.955 0.000210669
83.005 0.000205236
83.055 0.000205886
83.105 0.000210862
83.155 0.000213897
83.205 0.000212777
83.255 0.000209008
83.305 0.000203892
83.355 0.000198549
83.405 0.00019568
83.455 0.000199251
83.505 0.000209073
83.555 0.000216098
83.605 0.000214867
83.655 0.000209508
83.705 0.000205222
83.755 0.000206738
83.805 0.000213533
83.855 0.000224002
83.905 0.000237553
83.955 0.000242802
84.005 0.000236155
84.055 0.000225598
84.105 0.000221235
84.155 0.000231433
84.205 0.000253228
84.255 0.000269555
84.305 0.000269119
84.355 0.000254776
84.405 0.000233589
84.455 0.000212129
84.505 0.000196892
84.555 0.000192546
84.605 0.000193139
84.655 0.000190081
84.705 0.000186978
84.755 0.000193133
84.805 0.000210669
84.855 0.000233201
84.905 0.000255246
84.955 0.00026782
85.005 0.000268453
85.055 0.000258609
85.105 0.000244001
85.155 0.000228928
85.205 0.000215807
85.255 0.000206912
85.305 0.000204957
85.355 0.000208095
85.405 0.000212941
85.455 0.000213762
85.505 0.000211066
85.555 0.00020647
85.605 0.000201048
85.655 0.00019654
85.705 0.000196304
85.755 0.000203827
85.805 0.000213813
85.855 0.000216272
85.905 0.0002123
85.955 0.000206823
86.005 0.000205123
86.055 0.000209852
86.105 0.000218306
86.155 0.000231193
86.205 0.000241935
86.255 0.000240471
86.305 0.000230555
86.355 0.000221935
86.405 0.00022445
86.455 0.000242141
86.505 0.00026345
86.555 0.000271458
86.605 0.000263001
86.655 0.00024426
86.705 0.000222141
86.755 0.000203064
86.805 0.00019333
86.855 0.000193009
86.905 0.000192058
86.955 0.0001879
87.005 0.000188536
87.055 0.000201139
87.105 0.000222007
87.155 0.000245515
87.205 0.000263113
87.255 0.000269668
87.305 0.000264366
87.355 0.000251305
87.405 0.000236133
87.455 0.000221714
87.505 0.000210368
87.555 0.000205177
87.605 0.000205991
87.655 0.00021105
87.705 0.000213923
87.755 0.000212687
87.805 0.000208855
87.855 0.000203713
87.905 0.000198395
87.955 0.000195657
88.005 0.000199494
88.055 0.000209418
88.105 0.000216172
88.155 0.000214725
88.205 0.000209319
88.255 0.00020516
88.305 0.000206898
88.355 0.000213805
88.405 0.000224431
88.455 0.000237922
88.505 0.000242747
88.555 0.000235818
88.605 0.000225302
88.655 0.000221307
88.705 0.000232025
88.755 0.000253948
88.805 0.000269816
88.855 0.000268831
88.905 0.000254151
88.955 0.000232856
89.005 0.000211494
89.055 0.000196568
89.105 0.00019255
89.155 0.000193107
89.205 0.000189929
89.255 0.000186981
89.305 0.000193547
89.355 0.000211355
89.405 0.000233967
89.455 0.000255783
89.505 0.000268036
89.555 0.000268277
89.605 0.000258178
89.655 0.000243506
89.705 0.000228456
89.755 0.000215453
89.805 0.000206748
89.855 0.000204984
89.905 0.000208269
89.955 0.000213037
90.005 0.000213718
90.055 0.000210939
90.105 0.0002063
90.155 0.00020087
90.205 0.000196446
90.255 0.000196446
90.305 0.000204161
90.355 0.000214034
90.405 0.000216212
90.455 0.000212107
90.505 0.000206674
90.555 0.000205178
90.605 0.00021008
90.655 0.000218649
90.705 0.000231656
90.755 0.000242098
90.805 0.000240233
90.855 0.000230199
90.905 0.000221792
90.955 0.000224804
91.005 0.000242882
91.055 0.000263982
91.105 0.000271418
91.155 0.00026251
91.205 0.000243554
91.255 0.000221433
91.305 0.000202566
91.355 0.000193207
91.405 0.000193039
91.455 0.000191943
91.505 0.000187786
91.555 0.000188744
91.605 0.000201727
91.655 0.000222746
91.705 0.000246298
91.755 0.000263521
91.805 0.000269676
91.855 0.00026403
91.905 0.000250824
91.955 0.000235642
92.005 0.000221286
92.055 0.000210073
92.105 0.000205123
92.155 0.000206099
92.205 0.00021121
92.255 0.000213941
92.305 0.000212592
92.355 0.000208701
92.405 0.000203532
92.455 0.000198242
92.505 0.000195637
92.555 0.000199742
92.605 0.00020976
92.655 0.000216234
92.705 0.000214586
92.755 0.000209132
92.805 0.000205103
92.855 0.000207063
92.905 0.000214075
92.955 0.000224865
93.005 0.000238278
93.055 0.000242677
93.105 0.000235474
93.155 0.000225012
93.205 0.000221395
93.255 0.000232629
93.305 0.000254659
93.355 0.000270055
93.405 0.000268525
93.455 0.000253518
93.505 0.000232122
93.555 0.000210865
93.605 0.000196257
93.655 0.000192559
93.705 0.00019307
93.755 0.000189776
93.805 0.000186995
93.855 0.000193975
93.905 0.000212045
93.955 0.000234736
94.005 0.000256317
94.055 0.000268238
94.105 0.000268089
94.155 0.000257742
94.205 0.000243011
94.255 0.000227986
94.305 0.000215104
94.355 0.000206592
94.405 0.000205017
94.455 0.000208445
94.505 0.00021313
94.555 0.00021367
94.605 0.000210809
94.655 0.000206128
94.705 0.00020069
94.755 0.000196357
94.805 0.00019661
94.855 0.000204499
94.905 0.000214247
94.955 0.000216148
95.005 0.000211923
95.055 0.000206537
95.105 0.000205244
95.155 0.00021031
95.205 0.000218995
95.255 0.000232114
95.305 0.000242241
95.355 0.000239982
95.405 0.000229841
95.455 0.000221658
95.505 0.000225169
95.555 0.000243623
95.605 0.000264492
95.655 0.000271354
95.705 0.000262004
95.755 0.000242841
95.805 0.000220725
95.855 0.000202076
95.905 0.000193092
95.955 0.000193063
96.005 0.000191822
96.055 0.000187675
96.105 0.000188964
96.155 0.000202324
96.205 0.000223487
96.255 0.000247081
96.305 0.000263917
96.355 0.000269671
96.405 0.000263684
96.455 0.00025034
96.505 0.000235151
96.555 0.000220862
96.605 0.000209789
96.655 0.000205076
96.705 0.000206213
96.755 0.000211352
96.805 0.000213955
96.855 0.000212496
96.905 0.000208547
96.955 0.000203351
97.005 0.000198093
97.055 0.000195622
97.105 0.0002
97.155 0.000210099
97.205 0.000216288
97.255 0.000214441
97.305 0.000208948
97.355 0.000205058
97.405 0.000207235
97.455 0.000214355
97.505 0.000225305
97.555 0.000238625
97.605 0.000242595
97.655 0.000235131
97.705 0.00022473
97.755 0.000221501
97.805 0.000233247
97.855 0.000255363
97.905 0.000270277
97.955 0.000268207
98.005 0.000252881
98.055 0.000231389
98.105 0.000210244
98.155 0.000195959
98.205 0.000192573
98.255 0.000193026
98.305 0.000189623
98.355 0.00018702
98.405 0.000194414
98.455 0.00021274
98.505 0.000235506
98.555 0.000256845
98.605 0.000268426
98.655 0.000267886
98.705 0.000257299
98.755 0.000242514
98.805 0.000227516
98.855 0.00021476
98.905 0.000206443
98.955 0.000205051
99.005 0.000208624
99.055 0.000213217
99.105 0.000213617
99.155 0.000210683
99.205 0.000205956
99.255 0.000200512
99.305 0.000196271
99.355 0.000196766
99.405 0.000204842
99.455 0.000214449
99.505 0.000216082
99.555 0.000211748
99.605 0.000206408
99.655 0.00020532
99.705 0.000210547
99.755 0.000219352
99.805 0.000232574
99.855 0.000242372
99.905 0.000239728
99.955 0.000229488
100.005 0.000221539
100.055 0.000225556
100.105 0.00024437
100.155 0.000264989
100.205 0.000271276
100.255 0.000261491
100.305 0.000242128
100.355 0.000220023
100.405 0.000201598
100.455 0.000192989
100.505 0.000193087
100.555 0.0001917
100.605 0.00018757
100.655 0.0001892
100.705 0.000202928
100.755 0.000224229
100.805 0.00024783
100.855 0.0002643
100.905 0.000269654
100.955 0.000263333
101.005 0.000249855
101.055 0.000234662
101.105 0.000220442
101.155 0.000209514
101.205 0.000205034
101.255 0.000206332
101.305 0.000211492
101.355 0.000213965
101.405 0.000212399
101.455 0.000208391
101.505 0.000203169
101.555 0.000197947
101.605 0.00019561
101.655 0.00020026
101.705 0.00021043
101.755 0.000216331
101.805 0.000214291
101.855 0.000208774
101.905 0.000205019
101.955 0.000207411
102.005 0.00021464
102.055 0.000225748
102.105 0.000238959
102.155 0.0002425
102.205 0.000234781
102.255 0.000224456
102.305 0.000221623
102.355 0.000233878
102.405 0.000256056
102.455 0.000270476
102.505 0.000267872
102.555 0.000252234
102.605 0.000230653
102.655 0.000209628
102.705 0.000195672
102.755 0.00019259
102.805 0.000192977
102.855 0.00018947
102.905 0.000187056
102.955 0.000194866
103.005 0.000213438
103.055 0.000236277
103.105 0.000257368
103.155 0.000268603
103.205 0.000267678
103.255 0.000256855
103.305 0.000242018
103.355 0.000227051
103.405 0.000214424
103.455 0.000206303
103.505 0.000205095
103.555 0.000208807
103.605 0.0002133
103.655 0.0002136
103.705 0.000210543
103.755 0.000205782
103.805 0.000200336
103.855 0.000196193
103.905 0.000196932
103.955 0.000205189
104.005 0.000214641
104.055 0.000216007
104.105 0.000211548
104.155 0.000206273
104.205 0.0002054
104.255 0.000210783
104.305 0.000219711
104.355 0.000233025
104.405 0.000242491
104.455 0.000239462
104.505 0.000229137
104.555 0.000221433
104.605 0.000225961
104.655 0.000245121
104.705 0.000265469
104.755 0.00027118
104.805 0.000260966
104.855 0.000241411
104.905 0.000219324
104.955 0.000201132
105.005 0.000192897
105.055 0.000193108
105.105 0.000191571
105.155 0.000187472
105.205 0.00018945
105.255 0.000203542
105.305 0.000224973
105.355 0.000248452
105.405 0.000264668
105.455 0.000269623
105.505 0.000262972
105.555 0.000249369
105.605 0.000234173
105.655 0.000220025
105.705 0.000209246
105.755 0.000204998
105.805 0.000206454
105.855 0.000211627
105.905 0.00021397
105.955 0.000212295
106.005 0.000208232
106.055 0.000202986
106.105 0.000197803
106.155 0.000195598
106.205 0.000200525
106.255 0.000210756
106.305 0.000216368
106.355 0.000214142
106.405 0.000208589
106.455 0.000204975
106.505 0.0002076
106.555 0.000214919
106.605 0.000226195
106.655 0.000239284
106.705 0.00024239
106.755 0.000234434
106.805 0.000224193
106.855 0.000221766
106.905 0.000234522
106.955 0.00025674
107.005 0.000270661
107.055 0.000267527
107.105 0.000251586
107.155 0.000229922
107.205 0.000209022
107.255 0.000195402
107.305 0.000192614
107.355 0.000192923
107.405 0.00018932
107.455 0.000187104
107.505 0.000195331
107.555 0.00021414
107.605 0.00023705
107.655 0.000257886
107.705 0.000268765
107.755 0.000267454
107.805 0.000256403
107.855 0.000241521
107.905 0.000226586
107.955 0.000214092
108.005 0.000206167
108.055 0.000205139
108.105 0.000208987
108.155 0.000213377
108.205 0.000213502
108.255 0.000210407
108.305 0.000205608
108.355 0.000200158
108.405 0.000196114
108.455 0.000197099
108.505 0.000205537
108.555 0.000214821
108.605 0.000215924
108.655 0.000211357
108.705 0.000206152
108.755 0.000205488
108.805 0.00021102
108.855 0.000220072
108.905 0.000233475
108.955 0.000242591
109.005 0.00023919
109.055 0.00022879
109.105 0.000221341
109.155 0.000226381
109.205 0.000245868
109.255 0.000265929
109.305 0.000271062
109.355 0.000260432
109.405 0.000240691
109.455 0.000218629
109.505 0.000200676
109.555 0.000192814
109.605 0.000193131
109.655 0.000191438
109.705 0.00018738
109.755 0.000189713
109.805 0.000204161
109.855 0.000225721
109.905 0.000249076
109.955 0.000265025
