8.01 -0.364354 -0.784065 -1.51836 -2.38089 -1.61549 -2.23494 -2.40901 -0.649158 3.02171 5.65062 5.7182 6.78788 6.84565 5.31285 3.02748 0.122868 -2.327 -5.02861 -6.03228 -6.02767 -6.43079 -4.48679 -2.8122
8.06 -0.352585 -0.767737 -1.50205 -2.36973 -1.59664 -2.24695 -2.58054 -1.08997 2.39852 5.40737 5.66963 6.74063 6.98852 5.53425 3.4492 0.818786 -2.0441 -4.81993 -5.62606 -6.09124 -6.72129 -4.84178 -3.15243
8.11 -0.33935 -0.746986 -1.47965 -2.35412 -1.58158 -2.27717 -2.75752 -1.49604 1.81011 5.1633 5.61832 6.6764 7.09927 5.72765 3.81543 1.41106 -1.63905 -4.51201 -5.31438 -6.11043 -6.91804 -5.15153 -3.47926
8.16 -0.321528 -0.720431 -1.4522 -2.33752 -1.57431 -2.32664 -2.94205 -1.87422 1.26485 4.91613 5.55609 6.60193 7.18122 5.89214 4.12485 1.90364 -1.11429 -4.111 -5.10779 -6.09026 -7.01157 -5.41277 -3.78945
8.21 -0.300683 -0.690957 -1.42371 -2.32359 -1.57571 -2.39074 -3.12808 -2.2218 0.770838 4.67572 5.4788 6.51431 7.23422 6.03171 4.3958 2.33859 -0.533378 -3.70649 -4.99863 -6.01401 -6.98151 -5.61798 -4.0818
8.26 -0.278423 -0.661077 -1.3971 -2.31454 -1.58566 -2.46543 -3.31182 -2.5396 0.320772 4.45335 5.39619 6.41008 7.26179 6.15374 4.63768 2.71874 0.0281037 -3.25534 -4.93656 -5.95738 -6.82946 -5.76124 -4.35313
8.31 -0.254702 -0.631122 -1.37262 -2.31029 -1.603 -2.54797 -3.49332 -2.83531 -0.123642 4.27234 5.34616 6.26322 7.25534 6.26619 4.86152 3.04586 0.525397 -2.72442 -4.83338 -5.95507 -6.62479 -5.85379 -4.59447
8.36 -0.226023 -0.597817 -1.3477 -2.31029 -1.62869 -2.63755 -3.66909 -3.09893 -0.578865 4.07477 5.32964 6.05964 7.19806 6.38653 5.09078 3.32848 0.940431 -2.14794 -4.55076 -5.9617 -6.51433 -5.92365 -4.79251
8.41 -0.186512 -0.556538 -1.32154 -2.31947 -1.67049 -2.72941 -3.8059 -3.2473 -0.903743 3.54289 5.09451 5.9287 7.09672 6.55741 5.38426 3.62227 1.32847 -1.58751 -4.06075 -5.84328 -6.51977 -6.04254 -4.99752
8.46 -0.138456 -0.500086 -1.28071 -2.31989 -1.71049 -2.79841 -3.88148 -3.30412 -1.20349 2.65454 4.81413 5.93448 6.83328 6.72323 5.74165 3.95894 1.73294 -1.02179 -3.4906 -5.5938 -6.5086 -6.18623 -5.2389
8.51 -0.0832696 -0.394939 -1.17585 -2.27118 -1.74734 -2.86651 -3.93583 -3.35446 -1.57464 1.56127 4.73694 6.18416 6.34105 6.78137 6.0852 4.31037 2.14398 -0.482095 -2.96964 -5.21965 -6.29306 -6.3301 -5.57604
8.56 -0.0147749 -0.178854 -0.926882 -2.12844 -1.8146 -3.00273 -4.02848 -3.41857 -1.89057 0.685085 4.40244 6.17509 6.0124 6.83417 6.40465 4.65733 2.55839 0.0502888 -2.45986 -4.80192 -5.97391 -6.34378 -5.84938
8.61 0.0239082 0.146239 -0.504857 -1.86193 -1.89979 -3.20413 -4.15283 -3.48824 -2.1399 0.0109127 3.74601 5.9155 5.86973 6.87933 6.69557 5.00595 2.98953 0.597015 -1.92668 -4.32868 -5.57149 -6.24144 -6.02525
8.66 -0.0287765 0.50724 0.0535635 -1.47748 -1.9572 -3.42485 -4.29511 -3.5813 -2.38146 -0.58712 3.00886 5.589 5.76376 6.87873 6.93483 5.33269 3.41228 1.13486 -1.39076 -3.82879 -5.11715 -6.0404 -6.08397
8.71 -0.201362 0.829784 0.70816 -1.01827 -1.96802 -3.63178 -4.44578 -3.70097 -2.62718 -1.12711 2.28816 5.24177 5.65197 6.83511 7.11766 5.62246 3.80839 1.64731 -0.868687 -3.3243 -4.63509 -5.76326 -6.03183
8.76 -0.497144 1.05015 1.46559 -0.537083 -1.93981 -3.81041 -4.59611 -3.84073 -2.8754 -1.61387 1.62508 4.89618 5.52274 6.75801 7.24731 5.86851 4.16716 2.1239 -0.372407 -2.83098 -4.14323 -5.43184 -5.88644
8.81 -0.738028 1.22541 2.11643 -0.0132244 -1.86714 -3.95232 -4.73959 -3.99324 -3.12224 -2.05106 1.03346 4.56623 5.37829 6.65748 7.3307 6.06976 4.48339 2.55857 0.0899775 -2.35977 -3.65467 -5.06496 -5.66832
8.86 -0.816651 1.38221 2.61275 0.530494 -1.76418 -4.05972 -4.87131 -4.1498 -3.36226 -2.44243 0.511697 4.26073 5.22639 6.54075 7.37548 6.22939 4.75688 2.94938 0.514238 -1.9173 -3.17845 -4.67778 -5.39695
8.91 -0.684151 1.5234 2.9755 1.07058 -1.64651 -4.13994 -4.9903 -4.30461 -3.59173 -2.79277 0.0457198 3.99059 5.08172 6.40546 7.38541 6.354 4.99282 3.29829 0.899381 -1.50698 -2.72057 -4.282 -5.08915
8.96 -0.477072 1.67616 3.30973 1.56476 -1.53476 -4.20412 -5.09807 -4.45381 -3.80884 -3.11006 -0.406016 3.79804 4.99449 6.21368 7.3452 6.45361 5.20584 3.61153 1.24572 -1.13209 -2.28712 -3.88844 -4.75995
9.01 -0.252715 1.84235 3.64316 2.02309 -1.42918 -4.25747 -5.19966 -4.60067 -4.01241 -3.38326 -0.853748 3.63644 4.97815 5.93791 7.22669 6.55197 5.42989 3.9024 1.55498 -0.79663 -1.88502 -3.5075 -4.42302
9.06 -0.0490036 2.00285 3.99147 2.48009 -1.3174 -4.30046 -5.30042 -4.74464 -4.17512 -3.53279 -1.15593 3.15412 4.77238 5.74237 7.0341 6.68925 5.72237 4.21629 1.86518 -0.470145 -1.4919 -3.12494 -4.07587
9.11 0.125198 2.12813 4.33606 2.95379 -1.18803 -4.312 -5.36761 -4.85498 -4.28301 -3.60273 -1.45444 2.3058 4.61344 5.76157 6.64778 6.78735 6.06082 4.56843 2.20094 -0.131677 -1.09659 -2.73813 -3.72056
9.16 0.257685 2.12354 4.61577 3.50995 -0.991151 -4.23732 -5.36944 -4.95983 -4.40108 -3.68017 -1.81194 1.29651 4.6016 5.99738 6.10383 6.78687 6.36962 4.91747 2.54296 0.211298 -0.70425 -2.35516 -3.36636
9.21 0.307854 1.95004 4.72198 4.16057 -0.556879 -3.97018 -5.27472 -5.13018 -4.62477 -3.8083 -2.13371 0.479887 4.31934 5.99323 5.74296 6.79305 6.65467 5.25813 2.89309 0.570011 -0.297607 -1.95768 -3.0011
9.26 0.408982 1.93347 4.4249 4.45215 0.348497 -3.45306 -5.03607 -5.32895 -4.93794 -3.99219 -2.42973 -0.172314 3.69859 5.7449 5.58021 6.81244 6.9196 5.59845 3.26112 0.955893 0.13553 -1.53232 -2.61195
9.31 0.562126 1.95419 3.6591 4.6531 1.63683 -2.85567 -4.70115 -5.49054 -5.26989 -4.22225 -2.75201 -0.787864 2.96826 5.40401 5.45252 6.80718 7.14896 5.92477 3.63132 1.35264 0.579661 -1.09292 -2.20774
9.36 0.676257 1.94593 3.2033 4.65762 2.43184 -2.07875 -4.2363 -5.55642 -5.56343 -4.46747 -3.08287 -1.35669 2.24806 5.03288 5.3191 6.77111 7.33083 6.21555 3.97696 1.73292 1.0102 -0.661372 -1.80503
9.41 0.768326 1.96527 3.04192 4.45612 2.83244 -1.22677 -3.71506 -5.53961 -5.79434 -4.69774 -3.39956 -1.86879 1.58359 4.66924 5.1777 6.70593 7.46364 6.46379 4.28638 2.08155 1.41179 -0.253005 -1.41784
9.46 0.852684 2.00516 3.02257 4.18618 3.02766 -0.404768 -3.20252 -5.47278 -5.96727 -4.90288 -3.6925 -2.32423 0.97873 4.341 5.04117 6.60374 7.54668 6.6755 4.56436 2.39676 1.7794 0.12519 -1.05433
9.51 0.929294 2.02488 2.99736 3.97664 3.20179 0.300935 -2.74309 -5.38577 -6.09504 -5.08106 -3.95956 -2.73276 0.393323 4.11211 4.96398 6.41196 7.55727 6.86355 4.83187 2.68763 2.11422 0.469967 -0.720072
9.56 0.992449 2.02242 2.95693 3.83412 3.37893 0.901858 -2.34153 -5.29609 -6.19423 -5.24012 -4.20492 -3.0979 -0.204285 4.01042 5.03184 6.07306 7.45122 7.03837 5.11698 2.96635 2.41779 0.776891 -0.42213
9.61 1.03047 1.99726 2.9066 3.74684 3.58063 1.44791 -1.98359 -5.21474 -6.28602 -5.39231 -4.41425 -3.35415 -0.667901 3.71314 5.00479 5.77039 7.2572 7.22632 5.4528 3.25962 2.71161 1.06328 -0.149223
9.66 1.03874 1.95191 2.85046 3.69653 3.81231 1.97333 -1.65663 -5.13508 -6.35856 -5.51165 -4.55439 -3.4853 -1.01249 2.9547 4.83425 5.72778 6.95708 7.39628 5.83034 3.58954 3.02658 1.35931 0.12281
9.71 1.03454 1.90294 2.79453 3.65539 4.03672 2.46814 -1.35887 -5.04284 -6.38944 -5.58307 -4.645 -3.58476 -1.4066 1.93514 4.8393 5.97194 6.47203 7.45993 6.17734 3.92679 3.35432 1.66353 0.394759
9.76 1.02082 1.85008 2.72943 3.59124 4.2274 2.98534 -1.01922 -4.89644 -6.37917 -5.66203 -4.75755 -3.69451 -1.78135 1.00122 4.74799 6.17176 6.05095 7.48572 6.4772 4.24059 3.6708 1.96198 0.661601
9.81 0.987789 1.80763 2.71029 3.60477 4.17736 3.33025 -0.345823 -4.56977 -6.28701 -5.8079 -4.96745 -3.84116 -2.08431 0.322349 4.33265 6.09426 5.87371 7.5359 6.7487 4.54174 3.98776 2.26955 0.939287
9.86 0.953921 1.79669 2.74217 3.65539 3.69292 3.59304 0.802238 -4.03564 -6.07367 -6.0078 -5.28394 -4.05295 -2.383 -0.250852 3.68497 5.85942 5.83015 7.57709 6.99125 4.84538 4.3175 2.59135 1.23008
9.91 0.931338 1.79185 2.77305 3.71428 3.47375 3.55012 1.46313 -3.15999 -5.63967 -6.13919 -5.62786 -4.31847 -2.70852 -0.782418 2.94513 5.5772 5.83931 7.55628 7.17905 5.14886 4.65979 2.91911 1.52274
9.96 0.921316 1.79974 2.81699 3.79276 3.43823 3.23614 1.82493 -2.13545 -5.09894 -6.17918 -5.93028 -4.58973 -3.04137 -1.28678 2.12287 5.36289 5.94809 7.39347 7.26623 5.44843 5.02145 3.2508 1.80938
10.01 0.939937 1.82722 2.85433 3.81941 3.36141 2.96518 2.17249 -1.19475 -4.5669 -6.1533 -6.17077 -4.84419 -3.37243 -1.77226 1.24359 5.2505 6.21705 7.05849 7.2146 5.73279 5.4052 3.59032 2.09243
10.06 0.965479 1.84475 2.85566 3.78408 3.26033 2.85814 2.54488 -0.356724 -4.06198 -6.10242 -6.38619 -5.09788 -3.66493 -2.09949 0.684479 4.60357 6.0881 7.00959 7.15802 6.03354 5.80902 3.94255 2.38446
10.11 0.986372 1.84185 2.82511 3.72428 3.20124 2.94533 2.82103 0.219758 -3.53638 -5.99241 -6.52949 -5.29578 -3.90025 -2.36214 0.168248 3.66574 5.95241 7.15123 6.96343 6.27229 6.19708 4.30531 2.69237
10.16 1.00358 1.8278 2.78385 3.66945 3.18521 3.13154 2.99995 0.574499 -3.02574 -5.8399 -6.59706 -5.42482 -4.08311 -2.60529 -0.373401 2.57772 5.9991 7.53522 6.57711 6.37558 6.50854 4.64965 3.00523
10.21 1.00772 1.80071 2.73681 3.62522 3.19229 3.33654 3.17202 0.884441 -2.54862 -5.68065 -6.64362 -5.55059 -4.26936 -2.82575 -0.775831 1.85745 5.58176 7.5142 6.58309 6.52649 6.74261 4.94432 3.29779
10.26 0.995342 1.76052 2.68615 3.59256 3.21522 3.54036 3.35827 1.18962 -2.10776 -5.52176 -6.67003 -5.65753 -4.43342 -3.01652 -1.10368 1.28572 4.85494 7.32338 6.83171 6.66091 6.88156 5.19862 3.57999
10.31 0.974107 1.71593 2.63956 3.57406 3.2493 3.73033 3.53137 1.4734 -1.69613 -5.35622 -6.66607 -5.7335 -4.56687 -3.18532 -1.40357 0.751543 3.97682 7.14916 7.24626 6.71561 6.88903 5.40136 3.85143
10.36 0.946307 1.6706 2.60084 3.57156 3.29353 3.89796 3.65264 1.73471 -1.25661 -5.1494 -6.62383 -5.80724 -4.7078 -3.35597 -1.68133 0.290089 3.18451 6.78606 7.66868 6.92169 6.78024 5.53891 4.10101
10.41 0.900584 1.616 2.56477 3.58297 3.34512 4.02642 3.65553 2.02604 -0.621324 -4.81338 -6.51403 -5.93709 -4.93094 -3.56488 -1.94133 -0.0727244 2.58462 6.05206 7.85272 7.41982 6.71016 5.63798 4.30837
10.46 0.837465 1.54901 2.52274 3.59225 3.38507 4.10579 3.58962 2.30778 0.16049 -4.2367 -6.26823 -6.12211 -5.26931 -3.84661 -2.22405 -0.39725 2.09249 5.3237 7.52063 7.83135 7.01158 5.79223 4.47341
10.51 0.7656 1.46043 2.45509 3.58428 3.43542 4.22025 3.72143 2.32522 0.594306 -3.35249 -5.81918 -6.25561 -5.6452 -4.17768 -2.54063 -0.724729 1.63794 4.62612 6.88075 8.02863 7.54448 6.08327 4.65607
10.56 0.683988 1.33451 2.34134 3.54234 3.48953 4.33666 3.93885 2.25526 0.908701 -2.38244 -5.27775 -6.31122 -5.9909 -4.51785 -2.88031 -1.0714 1.19065 3.96857 6.23881 7.8831 7.90488 6.61142 5.0335
10.61 0.602869 1.15805 2.15259 3.43207 3.5258 4.42227 4.13524 2.33971 1.26183 -1.50449 -4.72639 -6.29487 -6.27622 -4.84212 -3.23215 -1.44285 0.733858 3.3468 5.67234 7.57598 7.91641 7.07998 5.61863
10.66 0.550335 0.940309 1.87076 3.21916 3.53251 4.50329 4.33901 2.62559 1.57856 -0.829397 -4.15719 -6.20449 -6.48651 -5.12876 -3.57293 -1.81967 0.27608 2.74913 5.13095 7.20391 7.75878 7.37306 6.17383
10.71 0.552123 0.727735 1.51126 2.89269 3.50455 4.60135 4.565 3.0292 1.87772 -0.344933 -3.59067 -6.061 -6.6253 -5.36567 -3.88382 -2.18241 -0.168265 2.17976 4.60685 6.79346 7.49757 7.51133 6.61732
10.76 0.597368 0.605419 1.11567 2.45694 3.43455 4.71224 4.80213 3.46656 2.1806 0.041565 -3.05406 -5.89126 -6.70782 -5.55364 -4.15729 -2.52013 -0.590385 1.64086 4.09903 6.36221 7.17031 7.52283 6.92675
10.81 0.630499 0.586694 0.750034 1.93527 3.32189 4.82032 5.03173 3.88361 2.49554 0.411142 -2.56257 -5.71363 -6.74936 -5.69922 -4.39288 -2.82794 -0.98561 1.13307 3.60828 5.92182 6.79987 7.43308 7.10642
10.86 0.666539 0.572235 0.410363 1.39909 3.18308 4.91613 5.2446 4.26376 2.80755 0.775846 -2.10253 -5.52902 -6.75818 -5.81157 -4.59537 -3.10439 -1.35034 0.658391 3.13823 5.48224 6.40237 7.26381 7.1705
10.91 0.692716 0.486463 0.0836474 0.895522 3.03368 4.99766 5.43851 4.60117 3.0869 1.13599 -1.63191 -5.31497 -6.73162 -5.9092 -4.78284 -3.35438 -1.68299 0.219477 2.69368 5.05197 5.98996 7.03341 7.13659
10.96 0.687135 0.342059 -0.236604 0.405176 2.8809 5.06695 5.61459 4.88692 3.26875 1.50417 -1.03294 -4.99899 -6.64233 -6.03233 -5.00533 -3.59964 -1.98945 -0.183737 2.2777 4.63663 5.57069 6.75591 7.02203
11.01 0.651095 0.155164 -0.575363 -0.0505706 2.70879 5.11159 5.75816 5.1021 3.32102 1.88506 -0.232811 -4.48711 -6.43583 -6.20443 -5.3163 -3.88038 -2.29738 -0.569887 1.87894 4.23077 5.14412 6.43807 6.84057
11.06 0.581285 -0.059395 -0.919756 -0.459264 2.52729 5.13293 5.88166 5.31429 3.50424 1.99268 0.250207 -3.66057 -6.01825 -6.33416 -5.67117 -4.2014 -2.62901 -0.959712 1.48619 3.83226 4.71581 6.09262 6.6068
11.11 0.481983 -0.284981 -1.2571 -0.834624 2.3454 5.13456 5.97833 5.49425 3.75642 1.96251 0.575377 -2.73177 -5.48873 -6.38404 -5.99946 -4.52666 -2.97402 -1.35763 1.09032 3.43367 4.28444 5.72671 6.33349
11.16 0.357483 -0.51445 -1.56602 -1.16724 2.15304 5.10124 6.02434 5.6087 4.01185 2.00119 0.873145 -1.87214 -4.93636 -6.3581 -6.26555 -4.8275 -3.31557 -1.758 0.689375 3.02983 3.84641 5.34187 6.02778
11.21 0.201426 -0.760703 -1.79928 -1.41255 1.90489 4.99797 5.99713 5.66133 4.25137 2.26112 1.154 -1.21269 -4.38875 -6.26642 -6.45832 -5.08682 -3.63766 -2.14936 0.289474 2.62246 3.40208 4.94011 5.69431
11.26 0.00678143 -1.0181 -1.88768 -1.55538 1.54129 4.78025 5.88654 5.70558 4.52215 2.68687 1.41165 -0.769542 -3.85607 -6.12807 -6.58351 -5.29719 -3.92666 -2.51697 -0.0963908 2.22166 2.95948 4.52918 5.34051
11.31 -0.212116 -1.24283 -1.78851 -1.63247 1.03308 4.41859 5.67989 5.77567 4.84555 3.18529 1.69662 -0.442658 -3.36226 -5.97124 -6.66015 -5.46551 -4.18229 -2.85758 -0.464483 1.83088 2.52177 4.11296 4.97189
11.36 -0.411736 -1.40205 -1.70673 -1.61855 0.643053 3.86598 5.34415 5.85029 5.20476 3.69525 2.02241 -0.132269 -2.9137 -5.81051 -6.70349 -5.60239 -4.40939 -3.17116 -0.812572 1.45299 2.09204 3.69516 4.59315
11.41 -0.583081 -1.53011 -1.77053 -1.45947 0.475768 3.17967 4.89683 5.89061 5.55681 4.17848 2.36066 0.189503 -2.48188 -5.6347 -6.71701 -5.72294 -4.61916 -3.4572 -1.13343 1.09776 1.68021 3.28539 4.21272
11.46 -0.712304 -1.58452 -1.80793 -1.38787 0.299295 2.56593 4.42176 5.89454 5.87483 4.61028 2.6509 0.523508 -1.98145 -5.38299 -6.67962 -5.86006 -4.85134 -3.73174 -1.42871 0.771097 1.2946 2.89256 3.8392
11.51 -0.782947 -1.57181 -1.82355 -1.47797 0.0995348 2.07218 3.94956 5.86535 6.14418 4.96775 2.82167 0.868926 -1.30369 -4.97214 -6.54695 -6.04861 -5.16278 -4.02761 -1.71346 0.470249 0.938804 2.52323 3.4804
11.56 -0.807424 -1.52816 -1.84773 -1.67828 -0.0752157 1.68995 3.49192 5.80022 6.35688 5.2778 3.0275 1.04854 -0.77685 -4.29203 -6.23435 -6.23562 -5.54586 -4.36799 -2.01736 0.172066 0.600528 2.17453 3.13983
11.61 -0.806466 -1.47859 -1.88107 -1.91024 -0.242707 1.38121 3.0802 5.71857 6.52287 5.54573 3.30165 1.05971 -0.467392 -3.46829 -5.78336 -6.35529 -5.92589 -4.7246 -2.34034 -0.136543 0.266064 1.83784 2.81504
11.66 -0.793076 -1.43587 -1.9236 -2.14029 -0.406398 1.12245 2.72115 5.62338 6.63105 5.73912 3.59737 1.0756 -0.231179 -2.67752 -5.28972 -6.4027 -6.25755 -5.06753 -2.66854 -0.454703 -0.0710259 1.50445 2.49888
11.71 -0.776426 -1.40556 -1.97297 -2.35101 -0.567798 0.902753 2.40902 5.50947 6.67064 5.83492 3.85843 1.30436 0.0182114 -2.06113 -4.80878 -6.39017 -6.52445 -5.37892 -2.98958 -0.777623 -0.412813 1.16802 2.184
11.76 -0.762733 -1.38898 -2.02654 -2.53678 -0.719441 0.711876 2.12791 5.37141 6.65045 5.8638 4.10013 1.7367 0.250505 -1.64173 -4.34791 -6.33295 -6.72903 -5.64993 -3.2895 -1.09186 -0.749879 0.833771 1.87142
11.81 -0.755542 -1.38704 -2.08547 -2.70111 -0.851662 0.550745 1.86085 5.20212 6.58692 5.86892 4.3328 2.24613 0.501339 -1.36672 -3.92536 -6.25399 -6.88377 -5.88011 -3.55996 -1.38594 -1.07192 0.50987 1.56625
11.86 -0.756249 -1.39993 -2.15151 -2.84938 -0.9776 0.452138 1.61431 4.95875 6.47026 5.8837 4.57026 2.74418 0.798307 -1.15422 -3.5578 -6.1721 -7.00413 -6.07799 -3.803 -1.65664 -1.3743 0.201011 1.27228
11.91 -0.764093 -1.42617 -2.2265 -2.99106 -1.15757 0.46872 1.50541 4.54257 6.24594 5.92522 4.84491 3.21465 1.11334 -0.944135 -3.23672 -6.08983 -7.10037 -6.25757 -4.02876 -1.90611 -1.65507 -0.0890589 0.99327
11.96 -0.783861 -1.46753 -2.30478 -3.10445 -1.3429 0.527067 1.4632 4.01299 5.90001 5.98969 5.16984 3.66594 1.42336 -0.722579 -2.9152 -5.97698 -7.16658 -6.44055 -4.26313 -2.14701 -1.91834 -0.359757 0.731889
12.01 -0.818031 -1.50868 -2.34867 -3.13337 -1.46053 0.318844 1.41335 3.66857 5.4338 6.03132 5.51087 4.09222 1.70429 -0.482053 -2.52032 -5.76729 -7.17504 -6.65511 -4.54845 -2.40257 -2.17398 -0.613328 0.489652
12.06 -0.846279 -1.52598 -2.34919 -3.11029 -1.59286 -0.141924 1.41369 3.5469 4.90005 6.02446 5.82172 4.4725 1.95057 -0.280956 -2.05894 -5.39345 -7.08129 -6.90558 -4.91072 -2.69224 -2.43239 -0.85253 0.268681
12.11 -0.868006 -1.52865 -2.32794 -3.06185 -1.69858 -0.608568 1.27429 3.41202 4.46626 6.00887 6.09622 4.82226 2.26804 -0.21621 -1.77237 -4.80103 -6.83411 -7.14291 -5.32758 -3.02562 -2.71404 -1.09721 0.0555565
12.16 -0.88571 -1.52216 -2.29289 -2.99661 -1.75671 -0.993594 0.931911 3.18752 4.18436 5.99883 6.32912 5.12562 2.64129 -0.186747 -1.61072 -4.11538 -6.48181 -7.32977 -5.74712 -3.38417 -3.02257 -1.36239 -0.167228
12.21 -0.892901 -1.50176 -2.2468 -2.93351 -1.8055 -1.34297 0.517622 2.94973 3.98257 5.97163 6.49859 5.34403 2.99609 -0.001243 -1.41288 -3.51863 -6.09688 -7.45658 -6.12967 -3.74319 -3.34911 -1.65055 -0.408817
12.26 -0.886926 -1.46894 -2.19673 -2.8844 -1.86001 -1.66335 0.09251 2.716 3.81692 5.91339 6.5943 5.47198 3.30878 0.452156 -1.14335 -3.1069 -5.71045 -7.52472 -6.45645 -4.08531 -3.68179 -1.95522 -0.668831
12.31 -0.871468 -1.42928 -2.14857 -2.85165 -1.92051 -1.95218 -0.310087 2.49243 3.6612 5.82573 6.63539 5.55307 3.61591 1.06073 -0.908413 -2.84502 -5.31307 -7.53314 -6.71922 -4.39969 -4.008 -2.26162 -0.934864
12.36 -0.849114 -1.38673 -2.1059 -2.83589 -1.98805 -2.21266 -0.680117 2.28053 3.50807 5.72146 6.64778 5.61833 3.90663 1.68047 -0.662234 -2.68039 -4.92297 -7.48898 -6.91822 -4.68683 -4.32533 -2.56096 -1.19653
12.41 -0.819891 -1.34275 -2.07035 -2.83741 -2.06561 -2.45302 -1.02342 2.07952 3.35807 5.60644 6.64592 5.6817 4.16177 2.20636 -0.344194 -2.49791 -4.56786 -7.39499 -7.05858 -4.96483 -4.64928 -2.85656 -1.45067
12.46 -0.784444 -1.2986 -2.04265 -2.85522 -2.15461 -2.68144 -1.35666 1.91029 3.22228 5.45717 6.62182 5.75444 4.39785 2.64306 -0.0160584 -2.294 -4.22671 -7.21467 -7.12766 -5.25416 -5.00326 -3.15792 -1.69719
12.51 -0.744123 -1.25573 -2.02373 -2.88916 -2.2573 -2.90565 -1.70988 1.82454 3.15735 5.20543 6.53411 5.84236 4.64011 3.01439 0.350091 -2.13499 -3.96468 -6.90153 -7.09531 -5.55381 -5.39895 -3.47786 -1.94507
12.56 -0.704972 -1.22145 -2.01962 -2.93889 -2.36279 -3.09906 -2.06352 1.78207 3.18216 4.81906 6.33046 5.94764 4.92868 3.38698 0.863538 -2.16532 -3.97812 -6.39802 -6.9175 -5.82626 -5.81837 -3.82181 -2.20831
12.61 -0.670929 -1.20127 -2.03135 -2.9922 -2.43277 -3.1858 -2.31452 1.4342 3.08472 4.53532 6.03084 6.0732 5.25782 3.70654 1.27735 -1.86969 -3.8023 -6.01604 -6.71985 -6.08322 -6.24019 -4.18952 -2.50332
12.66 -0.647863 -1.18819 -2.03628 -3.01511 -2.44382 -3.20202 -2.59088 0.704285 3.10463 4.55756 5.54539 6.11189 5.55763 3.99194 1.6802 -1.30317 -3.51821 -5.76569 -6.48216 -6.2916 -6.63221 -4.5673 -2.82615
12.71 -0.630034 -1.17398 -2.03046 -3.01729 -2.4269 -3.19233 -2.87026 -0.0945118 3.0542 4.63993 5.05861 6.09392 5.80742 4.25334 2.10094 -0.597256 -3.27631 -5.64744 -6.17493 -6.41207 -6.95329 -4.92843 -3.15882
12.76 -0.615422 -1.16274 -2.02624 -3.01812 -2.40205 -3.15872 -3.07111 -0.715733 2.67812 4.49699 4.77323 6.08939 6.03287 4.51099 2.52136 0.0987475 -2.96781 -5.50791 -5.88628 -6.46974 -7.19211 -5.26612 -3.49986
12.81 -0.600951 -1.14942 -2.0155 -3.00776 -2.36455 -3.11818 -3.23693 -1.25248 2.11378 4.24128 4.59911 6.08291 6.23497 4.75755 2.89393 0.661427 -2.43721 -5.17868 -5.73543 -6.50543 -7.33972 -5.56651 -3.83579
12.86 -0.587244 -1.1325 -1.99668 -2.98723 -2.32211 -3.08867 -3.39363 -1.73539 1.5116 3.95019 4.45731 6.05298 6.39741 4.98178 3.23125 1.15423 -1.81123 -4.78191 -5.66816 -6.48978 -7.37256 -5.81961 -4.16086
12.91 -0.57485 -1.11281 -1.97233 -2.96164 -2.28228 -3.07665 -3.54712 -2.16604 0.937056 3.65316 4.31808 5.99893 6.52099 5.1825 3.53924 1.59478 -1.17431 -4.3476 -5.65314 -6.45446 -7.27978 -6.01417 -4.46873
12.96 -0.561239 -1.0884 -1.94232 -2.93389 -2.25048 -3.08547 -3.70215 -2.55131 0.410858 3.35935 4.17183 5.9284 6.61453 5.36219 3.81617 1.97525 -0.60058 -3.80395 -5.60472 -6.48035 -7.10209 -6.15222 -4.75173
13.01 -0.541373 -1.05264 -1.90109 -2.90256 -2.23096 -3.11796 -3.86285 -2.90109 -0.0674393 3.06578 4.01168 5.84542 6.68572 5.52649 4.06755 2.30068 -0.113906 -3.20438 -5.38359 -6.50723 -6.98324 -6.26134 -4.99597
13.06 -0.508021 -0.989011 -1.83095 -2.85812 -2.23083 -3.18158 -4.03242 -3.22265 -0.503498 2.77775 3.83848 5.74517 6.73203 5.67284 4.29438 2.58328 0.30536 -2.59937 -4.95039 -6.47294 -6.9861 -6.38298 -5.21021
13.11 -0.453355 -0.860343 -1.68657 -2.77265 -2.26414 -3.29716 -4.2192 -3.52482 -0.911841 2.53046 3.67178 5.60123 6.74077 5.80554 4.50967 2.84153 0.678751 -2.0411 -4.42487 -6.3282 -7.00524 -6.51221 -5.45037
13.16 -0.387906 -0.624192 -1.4023 -2.5991 -2.34114 -3.49217 -4.44039 -3.82302 -1.3208 2.36524 3.56034 5.34881 6.67491 5.93625 4.74057 3.09523 1.02183 -1.53604 -3.92304 -6.02312 -6.91058 -6.70666 -5.75443
13.21 -0.357474 -0.294509 -0.956903 -2.30743 -2.44305 -3.76105 -4.69599 -4.11183 -1.73609 2.22672 3.51049 4.95249 6.49282 6.08299 5.02667 3.37259 1.35637 -1.07474 -3.48009 -5.6825 -6.67162 -6.79599 -6.06611
13.26 -0.410578 0.0512394 -0.393059 -1.91399 -2.53258 -4.05423 -4.94231 -4.32467 -2.07079 1.82689 3.34462 4.61251 6.19237 6.2306 5.37118 3.69654 1.71996 -0.60918 -3.03555 -5.30518 -6.36296 -6.78495 -6.30598
13.31 -0.575762 0.313325 0.252007 -1.4537 -2.5675 -4.30161 -5.13454 -4.4696 -2.42317 1.03852 3.24688 4.54967 5.70849 6.29558 5.71505 4.0503 2.11687 -0.125175 -2.57267 -4.89194 -6.00048 -6.6841 -6.45508
13.36 -0.766977 0.457391 0.886671 -0.926325 -2.53223 -4.48802 -5.28837 -4.58991 -2.79393 0.146323 3.07588 4.56591 5.2112 6.3019 6.01732 4.39054 2.51151 0.353401 -2.10862 -4.46298 -5.60491 -6.50862 -6.50588
13.41 -0.779257 0.570944 1.33166 -0.331316 -2.43352 -4.61842 -5.41404 -4.69159 -3.11689 -0.626311 2.6665 4.41048 4.85975 6.29662 6.27656 4.70848 2.89899 0.82956 -1.63697 -4.01544 -5.17742 -6.26553 -6.46527
13.46 -0.718013 0.675671 1.731 0.251338 -2.30296 -4.69852 -5.50535 -4.77062 -3.38336 -1.27366 2.0465 4.09902 4.62895 6.27857 6.49239 5.00092 3.27352 1.29787 -1.16308 -3.55454 -4.72257 -5.96193 -6.33884
13.51 -0.629427 0.791822 2.11585 0.800706 -2.15698 -4.73808 -5.56795 -4.84047 -3.6214 -1.84492 1.3925 3.74195 4.42526 6.23029 6.65797 5.25745 3.62093 1.74237 -0.705084 -3.09902 -4.25755 -5.61588 -6.1398
13.56 -0.524485 0.921183 2.49333 1.31607 -2.00901 -4.75176 -5.61256 -4.90898 -3.83887 -2.34489 0.773164 3.37574 4.22222 6.15482 6.77597 5.47396 3.93373 2.1547 -0.272705 -2.65985 -3.79406 -5.24275 -5.88463
13.61 -0.407778 1.05888 2.86608 1.80284 -1.86805 -4.75157 -5.64752 -4.97973 -4.03974 -2.77901 0.215359 3.01977 4.01396 6.05856 6.8526 5.65116 4.20943 2.53111 0.129034 -2.24327 -3.33994 -4.85459 -5.58878
13.66 -0.283471 1.19694 3.23416 2.26935 -1.73807 -4.74483 -5.67817 -5.05489 -4.22756 -3.15532 -0.274987 2.68619 3.80303 5.94648 6.8944 5.79296 4.44944 2.8711 0.498194 -1.85251 -2.90037 -4.4606 -5.2655
13.71 -0.158925 1.31774 3.59165 2.73334 -1.61358 -4.72943 -5.70495 -5.13924 -4.41023 -3.4852 -0.704312 2.38867 3.59686 5.81445 6.90367 5.90672 4.66044 3.17733 0.834935 -1.48917 -2.4791 -4.06807 -4.92586
13.76 -0.0552762 1.36348 3.90656 3.2598 -1.46419 -4.67677 -5.71501 -5.25009 -4.6144 -3.79261 -1.10128 2.17441 3.42291 5.62079 6.86316 6.00628 4.86244 3.45926 1.14213 -1.15423 -2.0799 -3.68375 -4.57958
13.81 0.0605852 1.43696 4.04306 3.6371 -1.07793 -4.46284 -5.65703 -5.42575 -4.90202 -4.11922 -1.51091 2.09396 3.35765 5.27722 6.72059 6.11132 5.09486 3.73656 1.42691 -0.847973 -1.70726 -3.31504 -4.23626
13.86 0.254306 1.62314 3.78241 3.74558 -0.276531 -4.01479 -5.47967 -5.66388 -5.29186 -4.47321 -1.94905 2.03589 3.37241 4.78419 6.44091 6.23524 5.39631 4.04296 1.71693 -0.550594 -1.34921 -2.9564 -3.89731
13.91 0.463064 1.73763 3.15581 3.88188 0.826614 -3.4519 -5.20449 -5.89771 -5.69756 -4.77346 -2.33104 1.5889 3.2271 4.43462 6.04698 6.34868 5.75264 4.40356 2.05821 -0.212077 -0.96336 -2.57558 -3.54447
13.96 0.61902 1.80996 2.88457 3.77716 1.40857 -2.65612 -4.7571 -6.01067 -6.0265 -5.02088 -2.75838 0.748269 3.13407 4.37879 5.50888 6.37463 6.08779 4.77537 2.42553 0.154091 -0.558488 -2.17955 -3.17989
14.01 0.749015 1.88645 2.8282 3.51283 1.69328 -1.78532 -4.22908 -6.01661 -6.27059 -5.22545 -3.18556 -0.151307 2.91387 4.35622 5.01359 6.36072 6.37563 5.11947 2.78073 0.516853 -0.156946 -1.78486 -2.81445
14.06 0.84975 1.91615 2.77024 3.30559 1.95099 -0.994269 -3.70931 -5.95958 -6.44548 -5.39013 -3.55629 -0.933844 2.47454 4.17737 4.65841 6.34251 6.62026 5.4345 3.12296 0.876891 0.24412 -1.38771 -2.4458
14.11 0.915556 1.90146 2.69711 3.1776 2.21054 -0.297194 -3.22194 -5.86023 -6.55749 -5.51402 -3.86108 -1.58872 1.85455 3.85317 4.4134 6.32173 6.82657 5.72092 3.44781 1.22758 0.638496 -0.992715 -2.07623
14.16 0.953079 1.86038 2.61977 3.10689 2.45867 0.313093 -2.77706 -5.73563 -6.62035 -5.61026 -4.1234 -2.15773 1.21683 3.48606 4.19578 6.28204 6.99087 5.97344 3.74651 1.55764 1.01427 -0.611817 -1.71582
14.21 0.969457 1.80748 2.54748 3.07341 2.68858 0.852033 -2.37999 -5.60366 -6.65203 -5.68939 -4.35191 -2.64707 0.622198 3.11599 3.98374 6.22185 7.11523 6.19238 4.01683 1.86208 1.36548 -0.251659 -1.37124
14.26 0.970923 1.75241 2.48554 3.06338 2.89815 1.33783 -2.03074 -5.4761 -6.66677 -5.75968 -4.55403 -3.06494 0.0922805 2.77017 3.77357 6.13483 7.20003 6.38377 4.26398 2.1408 1.68935 0.0834841 -1.04737
14.31 0.961361 1.70198 2.4426 3.08339 3.07716 1.75498 -1.70724 -5.35175 -6.67236 -5.8294 -4.7396 -3.42384 -0.375823 2.48863 3.57681 5.9897 7.23211 6.5602 4.50516 2.39972 1.98513 0.389456 -0.749525
14.36 0.945956 1.66714 2.43499 3.1502 3.19324 2.05512 -1.36242 -5.20874 -6.66289 -5.90865 -4.92875 -3.75376 -0.842053 2.39909 3.48926 5.68938 7.15893 6.73197 4.7706 2.65375 2.2561 0.662465 -0.484503
14.41 0.929438 1.6561 2.46968 3.25856 3.17136 2.24319 -0.882184 -4.98282 -6.61495 -6.03112 -5.16266 -4.06442 -1.30157 2.41399 3.55914 5.23078 6.95236 6.90273 5.0828 2.92083 2.51439 0.909309 -0.250469
14.46 0.920452 1.67584 2.53942 3.3675 2.89215 2.38691 -0.106521 -4.59013 -6.48039 -6.22454 -5.47829 -4.34897 -1.71345 2.28406 3.59558 4.79259 6.65007 7.07165 5.44429 3.22318 2.79044 1.16127 -0.022709
14.51 0.914913 1.69801 2.60575 3.47234 2.8277 2.2854 0.317075 -3.8453 -6.13043 -6.39055 -5.8167 -4.58748 -2.07852 1.66625 3.49992 4.64726 6.27311 7.2036 5.81894 3.5599 3.10221 1.44488 0.225982
14.56 0.924303 1.73267 2.67122 3.54966 2.8244 2.07652 0.604313 -2.99955 -5.64152 -6.4659 -6.11805 -4.82103 -2.51517 0.766332 3.44214 4.73134 5.81207 7.26106 6.15632 3.89899 3.43057 1.74843 0.490653
14.61 0.951027 1.76783 2.70618 3.55683 2.77974 2.01773 0.887739 -2.27523 -5.10041 -6.45985 -6.36941 -5.04866 -2.95715 -0.12484 3.22505 4.77727 5.42193 7.2942 6.4514 4.22102 3.75629 2.05676 0.762482
14.66 0.98025 1.78694 2.70673 3.52531 2.75456 2.14093 1.0854 -1.75612 -4.52978 -6.3825 -6.56108 -5.25047 -3.33756 -0.848616 2.75236 4.61488 5.19087 7.33088 6.70864 4.52493 4.07735 2.3674 1.04025
14.71 1.00188 1.78842 2.68569 3.48262 2.75046 2.34229 1.27291 -1.36122 -3.98855 -6.26176 -6.69106 -5.41727 -3.66224 -1.45449 2.13889 4.33024 5.04151 7.3391 6.91997 4.81646 4.39676 2.67428 1.31454
14.76 1.01622 1.77812 2.65419 3.44009 2.75439 2.55251 1.47861 -1.01456 -3.50765 -6.12302 -6.77425 -5.55705 -3.94597 -1.97327 1.4921 4.01985 4.92262 7.27026 7.06408 5.10315 4.72626 2.97869 1.58
14.81 1.02491 1.76072 2.61927 3.4041 2.76429 2.75127 1.69063 -0.701207 -3.08792 -5.97949 -6.82234 -5.67308 -4.19496 -2.42478 0.802721 3.80008 4.89746 7.04812 7.09833 5.38787 5.08217 3.28959 1.83858
14.86 1.03146 1.74152 2.58667 3.37808 2.77925 2.93093 1.89158 -0.425184 -2.72412 -5.83862 -6.84552 -5.7716 -4.42094 -2.83283 0.0605886 3.7459 5.0775 6.63498 6.98099 5.65024 5.46119 3.6117 2.09654
14.91 1.02317 1.71097 2.55123 3.36342 2.80964 3.10795 2.10872 -0.140548 -2.38607 -5.7087 -6.87349 -5.87728 -4.60855 -3.09255 -0.414097 3.25997 4.9497 6.44167 6.84569 5.91358 5.85221 3.94576 2.36546
14.96 1.00166 1.67218 2.5163 3.36048 2.8528 3.27957 2.3275 0.142684 -2.06275 -5.56994 -6.877 -5.95941 -4.75437 -3.28399 -0.836804 2.50793 4.79509 6.4308 6.6109 6.12019 6.2229 4.28905 2.65274
15.01 0.97505 1.63394 2.48918 3.3707 2.90243 3.4305 2.50977 0.397248 -1.72611 -5.38076 -6.82872 -6.02545 -4.89098 -3.46614 -1.28444 1.59147 4.8159 6.66302 6.2153 6.2065 6.52308 4.61925 2.95116
15.06 0.93817 1.59287 2.46724 3.39208 2.95659 3.5555 2.66641 0.606504 -1.31657 -5.03441 -6.69595 -6.14749 -5.11416 -3.67338 -1.64872 0.926391 4.51447 6.6358 6.08445 6.31207 6.75128 4.91051 3.23939
15.11 0.889932 1.54485 2.44362 3.41763 3.01877 3.6869 2.92978 0.668349 -1.0985 -4.39874 -6.38544 -6.2908 -5.42343 -3.92052 -1.97336 0.4046 3.91265 6.41416 6.18606 6.42308 6.90122 5.17049 3.52334
15.16 0.841382 1.50179 2.42789 3.44621 3.06544 3.7657 3.17632 0.775087 -0.893816 -3.70531 -5.94039 -6.39243 -5.75598 -4.20483 -2.31985 -0.10986 3.15017 6.15383 6.41929 6.48275 6.94648 5.39922 3.81146
15.21 0.807549 1.47271 2.41773 3.46043 3.06916 3.77533 3.38598 1.09539 -0.72984 -3.19429 -5.39334 -6.40439 -6.0527 -4.50224 -2.68706 -0.620228 2.35669 5.80473 6.69461 6.56526 6.88035 5.58636 4.09889
15.26 0.78496 1.44753 2.39976 3.45307 3.04316 3.76003 3.59581 1.56345 -0.608555 -2.86894 -4.811 -6.3424 -6.29387 -4.78594 -3.03923 -1.07044 1.6801 5.15977 6.84389 6.85357 6.76388 5.72263 4.35936
15.31 0.761747 1.41383 2.36657 3.42853 3.00713 3.7417 3.78386 2.02358 -0.368078 -2.55053 -4.29844 -6.25714 -6.48966 -5.04855 -3.36884 -1.46532 1.11487 4.41808 6.63641 7.13931 6.82742 5.8711 4.58452
15.36 0.731119 1.35927 2.30626 3.38204 2.97066 3.73378 3.95049 2.43896 -0.0162493 -2.18604 -3.86155 -6.16008 -6.64317 -5.2841 -3.6738 -1.82296 0.61523 3.70364 6.06102 7.26632 7.1448 6.07862 4.78036
15.41 0.689486 1.26228 2.19199 3.29721 2.94691 3.75845 4.11309 2.81781 0.368235 -1.80816 -3.4701 -6.04802 -6.75348 -5.48586 -3.95033 -2.15312 0.155255 3.02816 5.405 7.16039 7.42937 6.40212 5.0585
15.46 0.639755 1.09239 1.97886 3.14212 2.94905 3.84106 4.28846 3.16809 0.756192 -1.42641 -3.10433 -5.92282 -6.82806 -5.65958 -4.20602 -2.46697 -0.273699 2.41612 4.82218 6.83496 7.41332 6.7914 5.52666
15.51 0.613914 0.852555 1.64035 2.88367 2.97218 3.99087 4.48745 3.49907 1.1336 -1.04869 -2.75452 -5.78654 -6.87191 -5.80688 -4.4406 -2.76553 -0.679304 1.85085 4.29101 6.45791 7.22286 7.0127 5.984
15.56 0.654887 0.606807 1.19794 2.51033 2.9889 4.18825 4.71017 3.81874 1.49541 -0.676788 -2.40717 -5.63302 -6.88616 -5.93303 -4.65732 -3.04761 -1.06169 1.32508 3.78937 6.05133 6.93829 7.09528 6.3464
15.61 0.765637 0.461776 0.687033 2.0343 2.97344 4.40094 4.94685 4.12688 1.83092 -0.316011 -2.03128 -5.42798 -6.85851 -6.05517 -4.87526 -3.31756 -1.41977 0.837763 3.31393 5.63288 6.59782 7.06586 6.59253
15.66 0.849911 0.415077 0.221092 1.46499 2.91063 4.60041 5.18475 4.42103 2.14647 -0.0258941 -1.61016 -5.06893 -6.73799 -6.20143 -5.13989 -3.59537 -1.75922 0.387559 2.86689 5.21719 6.22624 6.94905 6.72485
15.71 0.872769 0.363778 -0.179134 0.868154 2.81203 4.77143 5.41442 4.71114 2.52409 0.112798 -1.36789 -4.43785 -6.43808 -6.35067 -5.4699 -3.90453 -2.1007 -0.0411945 2.44156 4.80997 5.83858 6.76606 6.75721
15.76 0.866592 0.276809 -0.565262 0.296602 2.69687 4.90772 5.61234 4.95321 2.9104 0.239863 -1.17951 -3.71044 -5.99388 -6.45813 -5.82376 -4.24203 -2.46323 -0.476136 2.01388 4.39782 5.43308 6.52763 6.70538
15.81 0.837525 0.161708 -0.932927 -0.238447 2.5711 4.99385 5.74287 5.10156 3.24453 0.622088 -0.960568 -3.16064 -5.45424 -6.4812 -6.1431 -4.58353 -2.84607 -0.930408 1.56673 3.96578 5.00131 6.23562 6.57796
15.86 0.789291 0.0343346 -1.28037 -0.749031 2.43595 5.03039 5.81421 5.19124 3.56283 1.19687 -0.764756 -2.81337 -4.87172 -6.41779 -6.39197 -4.89382 -3.21957 -1.38195 1.11624 3.52501 4.55204 5.9008 6.38383
15.91 0.72718 -0.101028 -1.61665 -1.23473 2.291 5.03086 5.84852 5.25003 3.84748 1.79328 -0.500093 -2.5194 -4.33846 -6.31244 -6.57471 -5.1595 -3.56512 -1.8141 0.67566 3.08547 4.09329 5.53321 6.13414
15.96 0.643551 -0.268653 -1.94727 -1.64009 2.12312 4.9997 5.85592 5.28868 4.08175 2.3173 -0.121889 -2.18591 -3.89422 -6.19452 -6.70472 -5.38093 -3.87698 -2.22007 0.251078 2.65216 3.6298 5.14003 5.8389
16.01 0.536578 -0.456322 -2.25647 -1.99239 1.94115 4.94251 5.84193 5.31966 4.28269 2.77575 0.290398 -1.83489 -3.5078 -6.06703 -6.79075 -5.56089 -4.15185 -2.59262 -0.148288 2.23455 3.17109 4.73233 5.50992
16.06 0.404477 -0.657778 -2.5168 -2.28905 1.72242 4.84561 5.80471 5.3597 4.47316 3.17847 0.694455 -1.48737 -3.16046 -5.93321 -6.84114 -5.70422 -4.39052 -2.92934 -0.517906 1.83855 2.72435 4.31965 5.15872
16.11 0.233125 -0.888597 -2.64133 -2.47189 1.3719 4.64809 5.71871 5.43572 4.69428 3.54818 1.0751 -1.15527 -2.83965 -5.79248 -6.86266 -5.82023 -4.60044 -3.23361 -0.85836 1.46568 2.29319 3.90832 4.79451
16.16 0.00310121 -1.14952 -2.48662 -2.51002 0.763934 4.27857 5.54224 5.57015 4.99234 3.91773 1.43506 -0.838709 -2.51785 -5.62176 -6.85179 -5.92838 -4.80419 -3.51844 -1.17674 1.11276 1.87733 3.50084 4.42312
16.21 -0.21902 -1.30911 -2.15638 -2.55202 0.040937 3.74109 5.25329 5.73816 5.36496 4.30445 1.78209 -0.553797 -2.14526 -5.33827 -6.77336 -6.06245 -5.04946 -3.80825 -1.48345 0.777149 1.47794 3.10043 4.04958
16.26 -0.399534 -1.43632 -2.09277 -2.38664 -0.300924 2.96905 4.81231 5.86291 5.75614 4.70866 2.17794 -0.417246 -1.87329 -4.80764 -6.5419 -6.22102 -5.36897 -4.12377 -1.78639 0.461129 1.1038 2.71934 3.68584
16.31 -0.54854 -1.52127 -2.09341 -2.19642 -0.537248 2.19234 4.32318 5.92909 6.10963 5.08797 2.6215 -0.360421 -1.74915 -4.09573 -6.14889 -6.35778 -5.73466 -4.47022 -2.10476 0.145084 0.742118 2.35298 3.33467
16.36 -0.655198 -1.54338 -2.06839 -2.11242 -0.769549 1.53278 3.84483 5.93207 6.37617 5.37033 3.02706 -0.133095 -1.57664 -3.47021 -5.66788 -6.4344 -6.09021 -4.83066 -2.44735 -0.192008 0.370842 1.9836 2.98596
16.41 -0.720406 -1.52397 -2.03541 -2.12302 -0.971767 0.998658 3.38657 5.86518 6.53284 5.54296 3.39587 0.422101 -1.4022 -3.10164 -5.12855 -6.42775 -6.39064 -5.17505 -2.79731 -0.544765 -0.0116215 1.60636 2.63389
16.46 -0.752017 -1.48533 -2.01117 -2.19863 -1.13195 0.560622 2.94937 5.74844 6.60932 5.64952 3.73897 1.09551 -1.1735 -2.86965 -4.61551 -6.37283 -6.62828 -5.48023 -3.12773 -0.889925 -0.388782 1.23215 2.28402
16.51 -0.759755 -1.44331 -2.00408 -2.31481 -1.26519 0.213299 2.53518 5.60477 6.63465 5.71672 4.0368 1.74214 -0.858012 -2.64957 -4.1776 -6.30134 -6.81413 -5.74435 -3.43035 -1.21726 -0.752201 0.867296 1.9406
16.56 -0.753329 -1.40638 -2.01246 -2.44578 -1.38707 -0.0800474 2.15489 5.45233 6.62811 5.75746 4.27639 2.28948 -0.429685 -2.36702 -3.83319 -6.23325 -6.96283 -5.97378 -3.70562 -1.52389 -1.09875 0.514321 1.6054
16.61 -0.741648 -1.37983 -2.03505 -2.58002 -1.49611 -0.332815 1.80556 5.29677 6.60063 5.7869 4.47904 2.75887 0.0133611 -2.0613 -3.53645 -6.16079 -7.07931 -6.17387 -3.95477 -1.80614 -1.42247 0.180105 1.28448
16.66 -0.730883 -1.3676 -2.07354 -2.71628 -1.58303 -0.53562 1.4649 5.1302 6.55649 5.82056 4.66462 3.16192 0.426681 -1.76083 -3.26232 -6.0736 -7.1643 -6.35307 -4.18532 -2.06502 -1.72075 -0.130731 0.982918
16.71 -0.725683 -1.37362 -2.12952 -2.84904 -1.61529 -0.689435 1.07971 4.91044 6.47987 5.88367 4.86936 3.5193 0.789929 -1.49133 -2.98859 -5.94189 -7.20769 -6.52883 -4.41925 -2.30944 -1.99458 -0.415028 0.705407
16.76 -0.728164 -1.39563 -2.19598 -2.96831 -1.64448 -0.744724 0.713995 4.50965 6.30308 5.99816 5.14657 3.86974 1.12225 -1.30394 -2.71592 -5.69476 -7.17456 -6.72474 -4.69668 -2.56115 -2.25248 -0.673535 0.455089
16.81 -0.739004 -1.42989 -2.2703 -3.08183 -1.77969 -0.636777 0.571136 3.86501 5.96051 6.12933 5.50173 4.2542 1.52761 -1.30638 -2.59637 -5.2294 -6.9995 -6.93279 -5.04042 -2.84407 -2.51197 -0.916151 0.228821
16.86 -0.767415 -1.47388 -2.32774 -3.1309 -1.85727 -0.63852 0.416206 3.27138 5.51178 6.23321 5.87513 4.63742 1.98793 -1.31346 -2.59788 -4.63085 -6.69911 -7.129 -5.43169 -3.16526 -2.79227 -1.16497 0.00860797
16.91 -0.800421 -1.50385 -2.34727 -3.12528 -1.93355 -0.888983 0.360379 2.93444 4.96932 6.25013 6.18017 4.93905 2.40503 -1.07699 -2.49527 -4.13643 -6.33964 -7.28784 -5.82672 -3.51093 -3.09995 -1.43727 -0.225171
16.96 -0.825899 -1.51616 -2.3422 -3.09837 -2.01082 -1.2254 0.286056 2.70258 4.4473 6.1951 6.38269 5.13939 2.78197 -0.475504 -2.31061 -3.88177 -5.93588 -7.38336 -6.18575 -3.85955 -3.42721 -1.73408 -0.479666
17.01 -0.848 -1.51947 -2.32405 -3.0576 -2.05534 -1.51859 0.0874043 2.44035 4.01907 6.10409 6.51131 5.29078 3.16895 0.29868 -2.13785 -3.78659 -5.50234 -7.41206 -6.48613 -4.18899 -3.7561 -2.04095 -0.745944
17.06 -0.86307 -1.51157 -2.29502 -3.01416 -2.08682 -1.78247 -0.181257 2.16441 3.6616 5.99622 6.59607 5.41708 3.5279 1.04098 -1.86921 -3.69318 -5.1205 -7.40633 -6.73089 -4.49146 -4.07561 -2.34548 -1.01406
17.11 -0.867138 -1.49167 -2.2593 -2.97812 -2.12139 -2.02792 -0.481805 1.88616 3.35496 5.88414 6.65382 5.52416 3.82733 1.64512 -1.43725 -3.478 -4.83464 -7.38047 -6.92799 -4.77741 -4.3929 -2.64778 -1.28137
17.16 -0.860143 -1.46228 -2.22152 -2.95392 -2.16445 -2.25803 -0.789582 1.61145 3.08159 5.76908 6.68957 5.61861 4.08415 2.14719 -0.951741 -3.20505 -4.58525 -7.2929 -7.06478 -5.06197 -4.7232 -2.9492 -1.54152
17.21 -0.844396 -1.42718 -2.18556 -2.94284 -2.21662 -2.47342 -1.08924 1.34596 2.83132 5.65282 6.70933 5.70567 4.30891 2.56556 -0.44415 -2.95231 -4.37949 -7.08629 -7.11138 -5.35488 -5.0857 -3.25954 -1.79623
17.26 -0.825155 -1.39224 -2.15589 -2.9446 -2.27471 -2.67049 -1.36737 1.10618 2.60385 5.52939 6.70797 5.78266 4.51424 2.94576 0.172058 -2.89767 -4.39395 -6.66376 -7.00706 -5.63514 -5.48238 -3.58959 -2.05583
17.31 -0.800108 -1.35636 -2.13186 -2.95919 -2.34175 -2.85466 -1.63558 0.892506 2.38348 5.37257 6.68807 5.8779 4.71625 3.24072 0.675961 -2.69001 -4.36247 -6.27189 -6.83005 -5.89358 -5.88624 -3.9316 -2.32674
17.36 -0.762636 -1.31446 -2.11028 -2.9863 -2.42405 -3.04171 -1.9518 0.769911 2.21545 5.07671 6.58787 5.99149 4.92953 3.45925 1.05603 -2.15702 -4.17338 -6.07918 -6.61479 -6.11752 -6.27416 -4.28184 -2.61545
17.41 -0.71883 -1.27338 -2.09719 -3.02664 -2.51338 -3.21019 -2.30339 0.713687 2.17973 4.58194 6.33036 6.1052 5.18818 3.68695 1.4543 -1.4399 -4.05464 -6.0731 -6.30873 -6.25684 -6.60678 -4.62525 -2.91853
17.46 -0.683517 -1.24841 -2.10101 -3.06984 -2.56793 -3.28097 -2.56027 0.451281 2.07008 4.13905 5.93959 6.19639 5.49094 3.96298 1.89464 -0.66835 -3.93801 -6.14094 -5.98607 -6.32402 -6.86479 -4.95109 -3.2338
17.51 -0.658237 -1.23 -2.09946 -3.08774 -2.57427 -3.29524 -2.82622 -0.122296 2.05695 3.95502 5.39933 6.21529 5.79067 4.25256 2.28489 -0.0862668 -3.44798 -5.91786 -5.91645 -6.41507 -7.0509 -5.24493 -3.54513
17.56 -0.636214 -1.20937 -2.08744 -3.087 -2.55793 -3.29241 -3.08873 -0.772104 1.98486 3.85893 4.86385 6.17958 6.04127 4.52228 2.64582 0.431328 -2.79347 -5.59505 -5.9679 -6.47061 -7.1377 -5.50098 -3.85055
17.61 -0.617221 -1.19036 -2.07458 -3.08186 -2.53317 -3.27313 -3.28803 -1.30293 1.67728 3.63162 4.47172 6.13476 6.24629 4.77164 2.994 0.930476 -2.05011 -5.24457 -6.10464 -6.47301 -7.10381 -5.71447 -4.154
17.66 -0.602326 -1.17262 -2.05844 -3.06823 -2.49825 -3.24722 -3.44869 -1.75711 1.24354 3.33364 4.16903 6.07821 6.41418 5.00459 3.32081 1.37589 -1.37279 -4.70516 -6.19453 -6.58705 -6.96789 -5.87565 -4.4447
17.71 -0.587572 -1.15012 -2.0331 -3.04437 -2.46005 -3.23153 -3.59852 -2.16585 0.771633 3.00705 3.90547 6.00819 6.55004 5.22138 3.62428 1.76431 -0.797333 -4.05055 -6.08277 -6.73237 -6.88195 -6.01415 -4.70425
17.76 -0.56764 -1.11532 -1.99244 -3.00955 -2.426 -3.23549 -3.74935 -2.53999 0.299762 2.66521 3.65599 5.92505 6.65482 5.41524 3.89788 2.10137 -0.30447 -3.36221 -5.66502 -6.83326 -6.98031 -6.15023 -4.91158
17.81 -0.537519 -1.05543 -1.92311 -2.95778 -2.40483 -3.26756 -3.90546 -2.88273 -0.14889 2.32068 3.40914 5.82877 6.72959 5.58445 4.14561 2.40488 0.132239 -2.72574 -5.09531 -6.76067 -7.12251 -6.35686 -5.16485
17.86 -0.490638 -0.940422 -1.78875 -2.86727 -2.40991 -3.34564 -4.07416 -3.19883 -0.564256 1.98365 3.15929 5.7165 6.77486 5.72958 4.37063 2.68471 0.531338 -2.13678 -4.5119 -6.49466 -7.16457 -6.63685 -5.4912
17.91 -0.434307 -0.733252 -1.53309 -2.69781 -2.45228 -3.49361 -4.26783 -3.49782 -0.949605 1.66543 2.90312 5.57409 6.78805 5.86115 4.5881 2.95483 0.904667 -1.6041 -4.00289 -6.14 -6.98099 -6.831 -5.88935
17.96 -0.411427 -0.442797 -1.12983 -2.41533 -2.51855 -3.71381 -4.49647 -3.79613 -1.33219 1.42832 2.65959 5.33701 6.73825 5.9927 4.82007 3.22338 1.25742 -1.11486 -3.5334 -5.76164 -6.7074 -6.89768 -6.20907
18.01 -0.471022 -0.13769 -0.603669 -2.01926 -2.57592 -3.97831 -4.75788 -4.10232 -1.74514 1.29142 2.52055 4.90646 6.56133 6.13606 5.10186 3.50804 1.59802 -0.662396 -3.09539 -5.37757 -6.38578 -6.86517 -6.4285
18.06 -0.636544 0.0804503 0.0259634 -1.54263 -2.60243 -4.24656 -5.02293 -4.38208 -2.16268 1.14368 2.43279 4.34337 6.23579 6.27687 5.44001 3.82669 1.9501 -0.22107 -2.66776 -4.98601 -6.03177 -6.75343 -6.55151
18.11 -0.782553 0.189487 0.594219 -0.986978 -2.57384 -4.46746 -5.23377 -4.56921 -2.51514 0.667016 2.2701 3.95567 5.77933 6.36147 5.78853 4.17588 2.33551 0.242868 -2.21774 -4.56645 -5.63904 -6.56797 -6.58447
18.16 -0.787206 0.259919 1.00574 -0.384938 -2.48329 -4.61377 -5.3798 -4.701 -2.88202 -0.0706621 2.16201 3.80984 5.21759 6.3497 6.08674 4.51475 2.72723 0.712454 -1.75844 -4.1311 -5.21918 -6.32105 -6.52968
18.21 -0.743722 0.331195 1.38338 0.199148 -2.35864 -4.70298 -5.48278 -4.80248 -3.22424 -0.818994 1.93457 3.66868 4.71151 6.29597 6.32789 4.82123 3.10241 1.17101 -1.30187 -3.68974 -4.78058 -6.02387 -6.39701
18.26 -0.685747 0.419122 1.75334 0.753424 -2.21865 -4.7523 -5.55501 -4.87818 -3.50123 -1.44379 1.48869 3.38477 4.34099 6.23542 6.52049 5.09339 3.4575 1.61803 -0.84624 -3.23998 -4.32181 -5.67999 -6.1951
18.31 -0.619011 0.520028 2.11887 1.28067 -2.073 -4.76884 -5.59922 -4.93753 -3.7356 -1.98673 0.959645 3.03829 4.03413 6.15709 6.66529 5.32819 3.78371 2.04097 -0.406023 -2.79553 -3.85507 -5.30255 -5.93541
18.36 -0.543949 0.627226 2.4803 1.78633 -1.93102 -4.76442 -5.62549 -4.99141 -3.94217 -2.46011 0.432026 2.67556 3.75386 6.06033 6.76561 5.52351 4.07485 2.4315 0.00880452 -2.36719 -3.39171 -4.90544 -5.63261
18.41 -0.462363 0.732477 2.83654 2.27929 -1.79844 -4.74821 -5.64191 -5.04651 -4.12957 -2.87085 -0.05823 2.31942 3.48739 5.94918 6.82788 5.68142 4.32956 2.78604 0.393064 -1.9614 -2.93965 -4.49973 -5.30032
18.46 -0.378951 0.823087 3.17689 2.77469 -1.66949 -4.71932 -5.65107 -5.11033 -4.30857 -3.22904 -0.498333 1.98436 3.23107 5.8252 6.85785 5.80764 4.55134 3.10499 0.745017 -1.58154 -2.50422 -4.09387 -4.95014
18.51 -0.271632 0.958278 3.45023 3.14896 -1.44989 -4.62681 -5.63417 -5.19989 -4.50597 -3.55333 -0.889296 1.68932 2.98571 5.67538 6.85392 5.91389 4.7523 3.39277 1.06449 -1.23047 -2.09038 -3.69538 -4.59221
18.56 -0.112677 1.15147 3.51689 3.34655 -1.00688 -4.37884 -5.54476 -5.34336 -4.77363 -3.88356 -1.26743 1.50007 2.77157 5.42654 6.78323 6.02367 4.9684 3.66752 1.35824 -0.908177 -1.70186 -3.31064 -4.23531
18.61 0.120433 1.39856 3.19668 3.37343 -0.200396 -3.93122 -5.34795 -5.54985 -5.14705 -4.25933 -1.6925 1.44997 2.68228 4.96468 6.57505 6.15341 5.24753 3.96174 1.64656 -0.604231 -1.33534 -2.94121 -3.8852
18.66 0.338331 1.52757 2.69531 3.43317 0.708545 -3.33729 -5.04244 -5.76408 -5.57344 -4.65041 -2.1617 1.39762 2.66424 4.35211 6.21753 6.28655 5.59388 4.29811 1.95867 -0.291943 -0.97177 -2.57572 -3.53841
18.71 0.506805 1.63483 2.55641 3.24248 1.1226 -2.51824 -4.58909 -5.88781 -5.93682 -4.9505 -2.56438 0.981395 2.5326 3.93588 5.75789 6.37039 5.94975 4.6616 2.30497 0.0500756 -0.590197 -2.19804 -3.18555
18.76 0.649759 1.71798 2.52432 2.9852 1.36077 -1.69515 -4.07987 -5.90262 -6.19065 -5.16874 -2.98029 0.223869 2.42497 3.79213 5.21008 6.36792 6.2593 5.01504 2.66147 0.408665 -0.197464 -1.81212 -2.82752
18.81 0.757711 1.74368 2.47011 2.81123 1.59016 -0.970043 -3.57623 -5.84395 -6.35943 -5.3337 -3.37773 -0.587859 2.19192 3.68739 4.71624 6.33086 6.51651 5.33633 3.00315 0.762693 0.191968 -1.42732 -2.4695
18.86 0.827194 1.72508 2.40213 2.72277 1.81563 -0.344469 -3.10423 -5.74357 -6.46683 -5.45762 -3.71564 -1.3013 1.78202 3.47988 4.34024 6.28877 6.72795 5.62308 3.32477 1.10696 0.574998 -1.04505 -2.11223
18.91 0.861854 1.6804 2.33521 2.69645 2.03089 0.204157 -2.6721 -5.61913 -6.52525 -5.54661 -3.99056 -1.89968 1.23872 3.16628 4.05851 6.24663 6.90218 5.87811 3.62317 1.43493 0.944881 -0.671002 -1.75942
18.96 0.871859 1.62591 2.27865 2.71011 2.22249 0.69006 -2.28137 -5.48371 -6.54928 -5.61507 -4.22464 -2.41472 0.688148 2.82228 3.80988 6.1923 7.03941 6.10123 3.8947 1.73941 1.29293 -0.314546 -1.41937
19.01 0.864896 1.57476 2.24719 2.77061 2.37754 1.07029 -1.90918 -5.34102 -6.55104 -5.67332 -4.42897 -2.85476 0.179153 2.48389 3.57522 6.11996 7.14091 6.29661 4.14162 2.0179 1.61436 0.0182129 -1.09837
19.06 0.85009 1.53569 2.24178 2.85964 2.4987 1.37168 -1.55503 -5.19553 -6.53914 -5.73038 -4.61459 -3.23038 -0.269984 2.18067 3.34588 6.00922 7.20028 6.47599 4.37784 2.27457 1.90775 0.322897 -0.801811
19.11 0.833542 1.51312 2.26235 2.96831 2.56983 1.60592 -1.18156 -5.02735 -6.51028 -5.80241 -4.80451 -3.56234 -0.673525 1.97639 3.14041 5.79745 7.18647 6.65763 4.63436 2.52379 2.17635 0.596538 -0.535254
19.16 0.822816 1.518 2.32007 3.09848 2.49451 1.7467 -0.662774 -4.76932 -6.43314 -5.92058 -5.05091 -3.89868 -1.115 1.99569 3.10377 5.37781 7.03336 6.84228 4.94132 2.78822 2.43297 0.843825 -0.299766
19.21 0.824541 1.54492 2.39126 3.20807 2.35428 1.79361 -0.109447 -4.28767 -6.23246 -6.09631 -5.39045 -4.24717 -1.57889 2.0445 3.19826 4.83182 6.75322 7.02363 5.30088 3.08394 2.69854 1.08496 -0.080502
19.26 0.830342 1.57761 2.46616 3.32001 2.40765 1.61442 0.1262 -3.52673 -5.84969 -6.25114 -5.75458 -4.54558 -1.97435 1.77434 3.15617 4.44009 6.41231 7.18398 5.68361 3.41226 2.99295 1.34817 0.149351
19.31 0.850315 1.61723 2.5241 3.37252 2.42779 1.50983 0.360064 -2.80259 -5.36758 -6.32233 -6.05954 -4.78623 -2.3757 1.06741 3.05028 4.32209 5.99815 7.28413 6.04796 3.75922 3.31805 1.64361 0.404219
19.36 0.88255 1.64906 2.54631 3.36465 2.43356 1.61464 0.507977 -2.29498 -4.80596 -6.28512 -6.28405 -4.99652 -2.80833 0.198461 2.91191 4.34679 5.56361 7.32359 6.36067 4.09121 3.6462 1.9496 0.670726
19.41 0.912968 1.66469 2.54094 3.33122 2.45175 1.83975 0.621826 -1.94174 -4.246 -6.18498 -6.44366 -5.1778 -3.2105 -0.609528 2.63894 4.31882 5.2087 7.33857 6.62289 4.39773 3.96432 2.25263 0.938257
19.46 0.934331 1.66493 2.5188 3.2893 2.46856 2.078 0.807002 -1.61964 -3.75791 -6.06824 -6.55948 -5.32987 -3.5432 -1.2535 2.14299 4.10701 4.98673 7.34788 6.84466 4.68914 4.28017 2.55569 1.20784
19.51 0.945711 1.65231 2.48664 3.24873 2.48671 2.30763 1.03788 -1.30633 -3.33636 -5.94172 -6.63653 -5.45876 -3.82981 -1.79582 1.57096 3.82088 4.81005 7.30324 7.01077 4.97624 4.60472 2.85753 1.4719
19.56 0.94855 1.63058 2.45033 3.21569 2.50986 2.52242 1.28562 -1.00644 -2.96818 -5.81197 -6.68469 -5.57033 -4.0801 -2.25512 0.971222 3.55053 4.6769 7.14571 7.09074 5.26737 4.95484 3.16476 1.7293
19.61 0.947122 1.60556 2.41586 3.19316 2.53776 2.71765 1.52581 -0.733592 -2.6478 -5.68252 -6.70669 -5.66253 -4.30378 -2.67263 0.27198 3.47867 4.75019 6.76924 7.02092 5.54733 5.33796 3.48805 1.98757
19.66 0.938631 1.57626 2.38353 3.18257 2.57508 2.89977 1.75924 -0.4728 -2.35441 -5.55786 -6.72472 -5.75973 -4.50608 -2.9948 -0.3032 3.26451 4.77912 6.40919 6.87056 5.80998 5.73305 3.82176 2.25265
19.71 0.915068 1.53746 2.3511 3.18454 2.62709 3.07827 1.99699 -0.202803 -2.06267 -5.42283 -6.73082 -5.85454 -4.67197 -3.20627 -0.715918 2.67424 4.6024 6.26537 6.67958 6.04773 6.12265 4.16778 2.53589
19.76 0.882226 1.4959 2.32434 3.1996 2.68747 3.23972 2.21296 0.0396089 -1.74936 -5.2156 -6.67825 -5.94363 -4.83483 -3.39281 -1.1272 1.88802 4.50172 6.31558 6.3748 6.19713 6.46208 4.51019 2.83452
19.81 0.845838 1.45645 2.3056 3.22633 2.75485 3.38959 2.45779 0.131485 -1.50844 -4.79614 -6.48981 -6.04994 -5.06025 -3.61168 -1.54723 1.08068 4.45718 6.47711 6.03888 6.26152 6.71851 4.82382 3.13397
19.86 0.80043 1.41382 2.28994 3.26114 2.82757 3.52571 2.75815 0.163273 -1.40087 -4.16096 -6.14502 -6.1794 -5.37399 -3.86987 -1.89667 0.52095 3.998 6.31739 6.02123 6.36921 6.9061 5.1013 3.42375
19.91 0.757596 1.3793 2.28221 3.29194 2.86665 3.58198 2.99988 0.39578 -1.23095 -3.6017 -5.68721 -6.26474 -5.70248 -4.15861 -2.25326 0.00129542 3.32511 6.04229 6.14756 6.45132 7.00652 5.35436 3.7196
19.96 0.729714 1.35553 2.27342 3.3011 2.8613 3.58489 3.23686 0.874691 -1.16178 -3.28926 -5.11704 -6.24686 -5.97712 -4.44406 -2.61821 -0.516674 2.54018 5.75249 6.38146 6.47628 6.98754 5.56577 4.014
20.01 0.710913 1.33457 2.25808 3.29351 2.83377 3.56883 3.45837 1.41112 -1.04801 -3.07499 -4.56812 -6.17684 -6.19739 -4.71042 -2.96495 -0.980872 1.83142 5.24811 6.57335 6.64545 6.86644 5.72178 4.29213
20.06 0.692437 1.30936 2.23405 3.27521 2.79831 3.54545 3.63747 1.87644 -0.749677 -2.78623 -4.13103 -6.10264 -6.3817 -4.96093 -3.29237 -1.39065 1.23006 4.56493 6.53653 6.89219 6.80378 5.8613 4.54229
20.11 0.66903 1.2705 2.19125 3.24013 2.75965 3.53024 3.7973 2.29543 -0.355788 -2.44543 -3.76214 -6.01957 -6.5303 -5.18935 -3.59394 -1.75259 0.711489 3.84637 6.13101 7.08249 6.96803 6.0084 4.74541
20.16 0.635899 1.20196 2.11149 3.17881 2.72927 3.54116 3.95375 2.67717 0.0648599 -2.0845 -3.42882 -5.92328 -6.64162 -5.3899 -3.86931 -2.08192 0.247308 3.17409 5.53284 7.06869 7.21468 6.25649 4.98897
20.21 0.589187 1.07398 1.95686 3.06772 2.72221 3.60069 4.11963 3.0269 0.477968 -1.72054 -3.11343 -5.81339 -6.71809 -5.56125 -4.11895 -2.38703 -0.179968 2.54888 4.9179 6.82877 7.34127 6.60422 5.33444
20.26 0.543344 0.861618 1.68101 2.86978 2.74585 3.72931 4.30838 3.35465 0.872472 -1.35928 -2.8051 -5.6905 -6.76556 -5.70986 -4.35129 -2.67895 -0.581023 1.98128 4.38152 6.47718 7.20351 6.87174 5.7869
20.31 0.543022 0.592727 1.27544 2.55898 2.78307 3.9223 4.52541 3.6698 1.24444 -1.00685 -2.49392 -5.54649 -6.78305 -5.84013 -4.56954 -2.95749 -0.959739 1.45537 3.88188 6.08986 6.95223 6.99443 6.16956
20.36 0.625826 0.349356 0.772007 2.13801 2.80299 4.1498 4.76494 3.97695 1.59273 -0.678331 -2.15798 -5.34028 -6.75374 -5.96868 -4.79407 -3.22832 -1.31655 0.968162 3.41036 5.68606 6.63524 7.00012 6.44629
20.41 0.768616 0.230918 0.209608 1.62358 2.78419 4.37954 5.01783 4.28476 1.95374 -0.464615 -1.84416 -4.9533 -6.61485 -6.11532 -5.06613 -3.51019 -1.65714 0.518035 2.96831 5.28296 6.28266 6.91447 6.612
20.46 0.840879 0.172877 -0.25495 1.02663 2.71684 4.58583 5.26863 4.58779 2.36482 -0.363888 -1.69655 -4.32697 -6.30409 -6.26022 -5.39766 -3.82147 -2.00002 0.0888487 2.54708 4.88595 5.91102 6.75944 6.67784
20.51 0.839436 0.108167 -0.656115 0.427038 2.62161 4.75191 5.47934 4.8234 2.74577 -0.169929 -1.5308 -3.68747 -5.86382 -6.36256 -5.74883 -4.1606 -2.36661 -0.350843 2.11795 4.47786 5.51613 6.54414 6.65807
20.56 0.809896 0.0203414 -1.03141 -0.133076 2.50619 4.85787 5.61632 4.96722 3.09072 0.334305 -1.37521 -3.28606 -5.31376 -6.37206 -6.05987 -4.50061 -2.75155 -0.808384 1.66983 4.04897 5.09322 6.27216 6.55945
20.61 0.76335 -0.0852822 -1.39011 -0.662721 2.37341 4.90965 5.69682 5.05983 3.4212 0.984171 -1.19143 -3.03833 -4.75126 -6.31014 -6.30469 -4.80802 -3.12368 -1.25973 1.22074 3.61233 4.65236 5.955 6.39063
20.66 0.706487 -0.197841 -1.74037 -1.17701 2.23402 4.92542 5.74229 5.1235 3.71109 1.61425 -0.895627 -2.78551 -4.26263 -6.21803 -6.48952 -5.07406 -3.46996 -1.69365 0.779364 3.17454 4.19914 5.60106 6.16211
20.71 0.644828 -0.307506 -2.08418 -1.68752 2.09581 4.91741 5.76364 5.16713 3.94697 2.15509 -0.468197 -2.4596 -3.86892 -6.11731 -6.62611 -5.30002 -3.78605 -2.10446 0.351067 2.73995 3.73766 5.21695 5.88312
20.76 0.566819 -0.447662 -2.42145 -2.12198 1.93599 4.88192 5.76472 5.20372 4.15015 2.62678 -0.0125376 -2.11051 -3.52475 -6.00503 -6.71965 -5.48618 -4.06656 -2.48281 -0.052597 2.3204 3.27956 4.81568 5.56648
20.81 0.460997 -0.622122 -2.72671 -2.47685 1.74734 4.81537 5.74692 5.24426 4.33679 3.03769 0.426471 -1.76335 -3.21153 -5.88392 -6.77715 -5.63577 -4.31083 -2.82509 -0.425942 1.92295 2.83322 4.40811 5.22487
20.86 0.322066 -0.821185 -2.94519 -2.74739 1.48013 4.68301 5.69682 5.30864 4.53641 3.40541 0.832046 -1.43259 -2.91941 -5.7542 -6.80489 -5.75644 -4.52453 -3.13337 -0.768501 1.55011 2.40322 4.00168 4.86866
20.91 0.126796 -1.06984 -2.93978 -2.85526 0.99237 4.39841 5.57345 5.42655 4.79914 3.76178 1.20617 -1.12655 -2.63271 -5.59855 -6.801 -5.86437 -4.72598 -3.41782 -1.08534 1.20023 1.99066 3.60034 4.50512
20.96 -0.115326 -1.29929 -2.59319 -2.89165 0.195375 3.94685 5.35082 5.60111 5.15144 4.13834 1.57004 -0.869626 -2.31998 -5.34101 -6.73364 -5.9904 -4.95957 -3.70298 -1.38879 0.868314 1.59471 3.20601 4.1391
21.01 -0.319943 -1.42641 -2.29657 -2.8673 -0.444926 3.28741 4.99003 5.7707 5.55887 4.55005 1.98697 -0.753925 -2.09826 -4.84553 -6.52125 -6.14219 -5.26599 -4.0147 -1.69164 0.551324 1.21872 2.82563 3.77865
21.06 -0.489282 -1.54408 -2.26736 -2.6352 -0.727451 2.46005 4.51303 5.87687 5.94624 4.94734 2.44457 -0.702848 -2.01513 -4.17094 -6.14922 -6.28091 -5.62422 -4.35581 -2.0055 0.238642 0.857986 2.46098 3.43003
21.11 -0.624378 -1.60717 -2.24788 -2.45005 -0.96436 1.69943 4.02452 5.91365 6.25045 5.25091 2.86246 -0.461057 -1.87659 -3.58617 -5.68021 -6.36481 -5.98134 -4.7156 -2.34547 -0.0953925 0.487782 2.09319 3.08347
21.16 -0.719054 -1.61458 -2.20599 -2.36402 -1.18601 1.06359 3.55046 5.87165 6.4401 5.44328 3.24777 0.140304 -1.73134 -3.27514 -5.14001 -6.36397 -6.28829 -5.06442 -2.69735 -0.448707 0.10369 1.71533 2.73183
21.21 -0.775213 -1.58662 -2.159 -2.35795 -1.3832 0.530363 3.09863 5.77252 6.54408 5.56782 3.61015 0.858983 -1.50967 -3.08574 -4.6296 -6.31684 -6.53543 -5.37683 -3.03226 -0.79674 -0.277005 1.33875 2.38079
21.26 -0.799989 -1.54263 -2.12182 -2.40831 -1.54913 0.0775614 2.67595 5.64267 6.59245 5.65065 3.92628 1.54447 -1.18418 -2.88834 -4.19998 -6.2538 -6.73159 -5.64982 -3.34162 -1.12936 -0.646111 0.969502 2.03441
21.31 -0.801325 -1.49668 -2.10495 -2.5027 -1.69097 -0.283594 2.2747 5.49588 6.60285 5.70303 4.1793 2.11961 -0.725299 -2.60732 -3.87267 -6.19552 -6.8907 -5.88855 -3.62457 -1.44269 -0.999808 0.61054 1.69463
21.36 -0.790946 -1.45819 -2.10691 -2.61616 -1.81331 -0.583237 1.90314 5.34279 6.58753 5.73959 4.39148 2.61228 -0.247081 -2.29603 -3.59294 -6.13203 -7.01658 -6.09698 -3.88084 -1.73178 -1.331 0.269797 1.36838
21.41 -0.777521 -1.43238 -2.12662 -2.7377 -1.91361 -0.83304 1.55424 5.1859 6.55627 5.77414 4.57933 3.03322 0.20099 -1.98629 -3.33511 -6.05454 -7.11049 -6.28185 -4.11594 -1.99667 -1.63671 -0.0479442 1.06091
21.46 -0.766055 -1.42397 -2.16837 -2.86923 -1.96694 -1.01904 1.18131 5.00082 6.50451 5.8257 4.76859 3.3984 0.596208 -1.70578 -3.08153 -5.93918 -7.16486 -6.45734 -4.34706 -2.24353 -1.91656 -0.33888 0.777191
21.51 -0.762181 -1.43791 -2.23146 -2.99456 -1.91665 -1.15246 0.692169 4.72136 6.40066 5.92701 5.01 3.74121 0.949551 -1.50453 -2.83179 -5.72269 -7.14928 -6.64587 -4.61074 -2.4912 -2.17722 -0.602717 0.520896
21.56 -0.767848 -1.4657 -2.30228 -3.11184 -1.95337 -1.11466 0.390783 4.1687 6.14031 6.06721 5.34324 4.11762 1.36087 -1.50488 -2.72226 -5.29641 -6.99855 -6.84717 -4.93662 -2.76458 -2.43454 -0.847085 0.290622
21.61 -0.785229 -1.50667 -2.37618 -3.2073 -2.04708 -0.974136 0.223393 3.46091 5.73847 6.20217 5.72538 4.50433 1.81997 -1.53358 -2.75381 -4.72606 -6.71824 -7.04183 -5.31413 -3.07307 -2.70615 -1.09037 0.0725812
21.66 -0.817104 -1.54825 -2.42107 -3.23228 -2.09321 -1.02295 0.0691773 2.9061 5.24642 6.27478 6.07079 4.83211 2.25475 -1.34411 -2.6992 -4.22682 -6.36868 -7.208 -5.70857 -3.41288 -3.00743 -1.3569 -0.157297
21.71 -0.847531 -1.57162 -2.43048 -3.2163 -2.15209 -1.27965 0.000417827 2.58107 4.69375 6.24493 6.3093 5.0552 2.64039 -0.746271 -2.53222 -3.98414 -5.97192 -7.31508 -6.07549 -3.76198 -3.33246 -1.6508 -0.40946
21.76 -0.874419 -1.58213 -2.42032 -3.18168 -2.19922 -1.56918 -0.116375 2.31534 4.18716 6.15431 6.46067 5.22211 3.0401 0.0524846 -2.38378 -3.92315 -5.53618 -7.35215 -6.38516 -4.09359 -3.65991 -1.95499 -0.673053
21.81 -0.895531 -1.58162 -2.39713 -3.13829 -2.22683 -1.82986 -0.330687 2.03267 3.76451 6.04419 6.56229 5.36031 3.41513 0.830672 -2.13226 -3.86455 -5.15337 -7.35607 -6.64093 -4.39904 -3.97844 -2.25776 -0.939311
21.86 -0.90627 -1.56828 -2.36452 -3.09781 -2.25335 -2.07289 -0.595414 1.74532 3.40574 5.92889 6.63299 5.47665 3.72869 1.46573 -1.69913 -3.66992 -4.87839 -7.3459 -6.85139 -4.68663 -4.29342 -2.55921 -1.20648
21.91 -0.905641 -1.54394 -2.32739 -3.06676 -2.28656 -2.30096 -0.880289 1.46033 3.09125 5.80984 6.67744 5.57661 3.99571 1.99326 -1.1914 -3.40021 -4.65021 -7.2842 -7.00635 -4.97008 -4.61757 -2.85905 -1.46765
21.96 -0.89574 -1.51241 -2.2902 -3.04763 -2.32821 -2.51411 -1.16466 1.1844 2.80832 5.68993 6.70318 5.66686 4.22846 2.43389 -0.663237 -3.13655 -4.45758 -7.11513 -7.07814 -5.2601 -4.96947 -3.16503 -1.72223
22.01 -0.881087 -1.47918 -2.25759 -3.04099 -2.37641 -2.70976 -1.43242 0.93064 2.55372 5.568 6.70932 5.74535 4.43718 2.82687 -0.0435518 -3.04582 -4.44784 -6.74256 -7.00892 -5.54348 -5.35711 -3.48896 -1.9791
22.06 -0.861956 -1.44556 -2.23072 -3.04695 -2.43229 -2.89002 -1.6823 0.697706 2.31122 5.43243 6.70289 5.83324 4.63676 3.14857 0.519355 -2.90794 -4.48687 -6.32611 -6.83945 -5.80286 -5.75679 -3.82556 -2.24478
22.11 -0.829355 -1.40516 -2.20614 -3.06579 -2.50174 -3.06508 -1.94268 0.492241 2.06092 5.22388 6.65656 5.94082 4.83117 3.3688 0.912839 -2.39795 -4.30878 -6.12185 -6.64242 -6.03914 -6.14923 -4.17322 -2.52852
22.16 -0.787885 -1.36191 -2.18616 -3.09652 -2.58381 -3.24081 -2.2659 0.425444 1.93527 4.79962 6.46912 6.05375 5.06275 3.58175 1.30575 -1.68984 -4.18135 -6.10432 -6.35498 -6.19666 -6.49355 -4.51685 -2.82698
22.21 -0.747721 -1.32756 -2.18068 -3.13926 -2.65867 -3.36519 -2.56665 0.346062 1.87106 4.24863 6.12514 6.1565 5.34887 3.83918 1.74287 -0.887852 -4.13763 -6.23822 -6.0021 -6.26308 -6.76065 -4.84073 -3.1343
22.26 -0.714281 -1.30354 -2.18091 -3.17062 -2.68912 -3.40323 -2.81111 -0.0187103 1.76124 3.84851 5.66015 6.22798 5.66978 4.12954 2.13537 -0.286031 -3.69445 -6.06474 -5.92099 -6.36243 -6.96274 -5.13708 -3.4418
22.31 -0.689385 -1.28225 -2.17199 -3.1767 -2.68061 -3.40618 -3.07357 -0.618736 1.73408 3.68668 5.09408 6.21056 5.94487 4.41069 2.50457 0.245245 -3.04895 -5.76099 -5.9777 -6.43662 -7.07394 -5.40028 -3.74623
22.36 -0.668902 -1.26125 -2.15748 -3.17101 -2.65676 -3.39352 -3.30394 -1.19992 1.57625 3.52021 4.59758 6.15538 6.16441 4.66735 2.85707 0.753528 -2.298 -5.441 -6.13952 -6.44866 -7.06443 -5.61865 -4.04498
22.41 -0.652418 -1.24216 -2.14145 -3.1594 -2.62383 -3.36732 -3.47715 -1.67433 1.21814 3.24331 4.22981 6.09645 6.34618 4.90803 3.19202 1.21453 -1.59785 -4.94611 -6.26657 -6.55643 -6.95043 -5.78854 -4.33513
22.46 -0.636886 -1.21908 -2.11654 -3.13666 -2.58483 -3.34528 -3.62933 -2.0956 0.784159 2.92287 3.9238 6.02614 6.49411 5.13208 3.50407 1.61992 -0.992049 -4.30156 -6.23007 -6.72868 -6.84816 -5.92804 -4.59807
22.51 -0.616247 -1.18226 -2.07368 -3.09994 -2.54825 -3.34158 -3.77886 -2.4801 0.328921 2.57998 3.64556 5.94403 6.61073 5.33486 3.78698 1.9699 -0.479642 -3.59983 -5.87563 -6.8789 -6.9224 -6.05943 -4.81374
22.56 -0.584435 -1.11562 -1.99563 -3.04096 -2.52456 -3.3684 -3.93351 -2.83258 -0.115642 2.22953 3.37781 5.84914 6.69622 5.51292 4.04343 2.2833 -0.0289594 -2.94692 -5.31192 -6.85075 -7.10109 -6.27038 -5.04891
22.61 -0.536714 -0.987814 -1.8431 -2.9355 -2.52817 -3.44578 -4.1019 -3.15746 -0.532271 1.88437 3.11298 5.74043 6.7514 5.66476 4.27448 2.57025 0.382199 -2.33737 -4.7084 -6.63277 -7.21371 -6.55174 -5.34957
22.66 -0.486432 -0.768801 -1.56413 -2.74364 -2.56685 -3.59492 -4.29653 -3.46507 -0.920576 1.54899 2.84328 5.61133 6.77826 5.79988 4.49373 2.84551 0.765789 -1.78712 -4.1826 -6.28609 -7.06845 -6.79615 -5.76983
22.71 -0.479761 -0.482017 -1.14548 -2.43752 -2.62283 -3.81136 -4.52304 -3.76584 -1.28803 1.24651 2.56466 5.42792 6.76212 5.92913 4.71549 3.11424 1.12772 -1.28063 -3.69834 -5.90818 -6.81441 -6.90077 -6.12476
22.76 -0.560031 -0.205791 -0.617721 -2.02121 -2.66286 -4.06412 -4.77909 -4.07574 -1.67874 1.06236 2.33301 5.08326 6.64658 6.06929 4.97453 3.39078 1.47204 -0.814956 -3.24797 -5.52048 -6.50206 -6.89647 -6.37933
22.81 -0.727003 -0.0422015 -0.00297634 -1.52161 -2.66765 -4.31892 -5.04759 -4.38347 -2.1071 0.956848 2.23495 4.52552 6.3749 6.21576 5.29356 3.6943 1.81459 -0.375941 -2.82172 -5.13273 -6.15771 -6.80807 -6.53191
22.86 -0.827172 0.0444647 0.506603 -0.939418 -2.62199 -4.53846 -5.28293 -4.62153 -2.48626 0.694931 2.08158 3.9789 5.97311 6.33337 5.64589 4.03181 2.18254 0.0722695 -2.38723 -4.72853 -5.78144 -6.64755 -6.59289
22.91 -0.817021 0.11203 0.905016 -0.3428 -2.53055 -4.68857 -5.44438 -4.7739 -2.84488 0.0945351 1.95977 3.6902 5.43515 6.35792 5.96846 4.3782 2.57307 0.538705 -1.93356 -4.30103 -5.37248 -6.42111 -6.56615
22.96 -0.774172 0.190399 1.27711 0.226322 -2.40734 -4.77635 -5.55034 -4.88117 -3.19537 -0.631342 1.78873 3.52633 4.88728 6.31497 6.23142 4.6972 2.9539 0.999719 -1.47837 -3.86422 -4.94229 -6.14141 -6.45874
23.01 -0.718417 0.286108 1.64149 0.767339 -2.26845 -4.82123 -5.62075 -4.96071 -3.50072 -1.30498 1.46628 3.30506 4.43249 6.2466 6.43853 4.97994 3.3142 1.448 -1.02624 -3.42161 -4.49432 -5.81592 -6.28082
23.06 -0.655999 0.391136 2.0028 1.28836 -2.12436 -4.83479 -5.66291 -5.01763 -3.74815 -1.87427 0.985585 2.97893 4.08142 6.1691 6.59842 5.22636 3.64909 1.87781 -0.582564 -2.97744 -4.03237 -5.45129 -6.04131
23.11 -0.587597 0.497862 2.36029 1.79558 -1.98312 -4.82619 -5.68448 -5.06492 -3.96126 -2.37114 0.473663 2.62087 3.77294 6.07434 6.71259 5.43374 3.95089 2.27817 -0.160412 -2.545 -3.56929 -5.06188 -5.75374
23.16 -0.514604 0.598374 2.71087 2.2987 -1.85063 -4.80457 -5.69435 -5.11185 -4.15169 -2.80266 -0.0171135 2.26045 3.48597 5.96501 6.78681 5.60293 4.21665 2.64386 0.23335 -2.13229 -3.11421 -4.65968 -5.43197
23.21 -0.427145 0.72226 3.04179 2.7357 -1.69358 -4.75848 -5.69238 -5.16752 -4.33277 -3.17875 -0.464669 1.91582 3.21401 5.84454 6.82766 5.73821 4.44756 2.9732 0.59505 -1.74441 -2.67391 -4.25443 -5.08839
23.26 -0.303751 0.895425 3.28946 3.04878 -1.44477 -4.64438 -5.65975 -5.24796 -4.53111 -3.51778 -0.86532 1.60111 2.9546 5.70808 6.83803 5.84904 4.65221 3.26942 0.924504 -1.38388 -2.25306 -3.85364 -4.73348
23.31 -0.126469 1.11832 3.31639 3.19925 -0.970818 -4.37409 -5.55337 -5.38314 -4.79785 -3.85433 -1.23536 1.34091 2.70117 5.51403 6.80273 5.95692 4.85885 3.54744 1.22841 -1.04901 -1.85324 -3.46177 -4.37488
23.36 0.116169 1.36447 2.96561 3.22144 -0.150162 -3.91864 -5.34177 -5.57744 -5.16545 -4.23412 -1.64407 1.22621 2.5124 5.13471 6.65628 6.08631 5.11849 3.83789 1.52302 -0.73329 -1.47392 -3.08197 -4.01881
23.41 0.329363 1.4892 2.541 3.24751 0.654542 -3.29245 -5.01056 -5.77526 -5.58932 -4.64079 -2.1005 1.16668 2.44058 4.54469 6.35307 6.22941 5.45127 4.16474 1.83039 -0.420485 -1.10614 -2.71144 -3.66757
23.46 0.499956 1.60423 2.45658 3.02663 1.00265 -2.45967 -4.54476 -5.89495 -5.97099 -4.99275 -2.54476 0.979983 2.35639 3.96329 5.92714 6.33984 5.81217 4.5197 2.16125 -0.0940574 -0.736575 -2.34284 -3.31979
23.51 0.640613 1.67998 2.42973 2.79525 1.23965 -1.66068 -4.04579 -5.91821 -6.23977 -5.23183 -2.94812 0.377011 2.23514 3.67192 5.40023 6.36867 6.14348 4.88089 2.5168 0.259674 -0.348537 -1.96122 -2.9651
23.56 0.744518 1.69845 2.37833 2.65263 1.46614 -0.969466 -3.55348 -5.86271 -6.41083 -5.40051 -3.34474 -0.394093 2.04589 3.52774 4.87471 6.33999 6.41905 5.21397 2.86444 0.615893 0.0415939 -1.57696 -2.60824
23.61 0.809826 1.67597 2.3162 2.59277 1.68171 -0.377967 -3.08923 -5.75965 -6.5124 -5.52223 -3.70221 -1.14947 1.74312 3.37187 4.42471 6.28833 6.64231 5.51048 3.19118 0.961557 0.423938 -1.19701 -2.25359
23.66 0.840708 1.63065 2.25803 2.59164 1.88292 0.141415 -2.66357 -5.63388 -6.56636 -5.60626 -3.98846 -1.77717 1.25807 3.09355 4.09804 6.24188 6.82615 5.77332 3.49521 1.29341 0.796413 -0.822075 -1.90121
23.71 0.846413 1.57813 2.21531 2.63613 2.05639 0.583698 -2.268 -5.49328 -6.58368 -5.66624 -4.2271 -2.3156 0.727549 2.76535 3.8258 6.18844 6.97341 6.00384 3.77256 1.60316 1.14919 -0.462084 -1.559
23.76 0.837137 1.5317 2.19786 2.72016 2.1967 0.92788 -1.89232 -5.34469 -6.57688 -5.71398 -4.43211 -2.77576 0.220748 2.43062 3.57782 6.12216 7.08602 6.20481 4.02347 1.88699 1.47653 -0.123934 -1.23378
23.81 0.822551 1.49798 2.20277 2.82259 2.30819 1.20842 -1.5392 -5.19404 -6.55599 -5.76026 -4.61623 -3.16813 -0.233995 2.1166 3.33932 6.03033 7.16225 6.3855 4.25758 2.14722 1.77664 0.188249 -0.930559
23.86 0.807729 1.4812 2.23248 2.94184 2.36996 1.4219 -1.16407 -5.01926 -6.51763 -5.82252 -4.80302 -3.5099 -0.630905 1.8616 3.10586 5.87231 7.1843 6.56334 4.49961 2.39408 2.05076 0.47097 -0.654603
23.91 0.799629 1.49026 2.2935 3.07142 2.2977 1.56135 -0.650565 -4.75543 -6.43046 -5.93161 -5.04409 -3.84751 -1.03683 1.79426 2.96069 5.54389 7.09578 6.75124 4.78682 2.65044 2.30915 0.726009 -0.408989
23.96 0.804155 1.51861 2.36466 3.1823 2.21875 1.57763 -0.186166 -4.24918 -6.20837 -6.09407 -5.38233 -4.21073 -1.48349 1.836 2.99262 5.0327 6.86669 6.941 5.13215 2.93595 2.57065 0.968169 -0.184972
24.01 0.815927 1.55608 2.44082 3.28972 2.29031 1.39954 0.0158117 -3.50086 -5.81739 -6.24343 -5.76155 -4.56201 -1.93837 1.78251 3.04247 4.50441 6.54129 7.11549 5.51367 3.25439 2.85238 1.21896 0.0362257
24.06 0.840441 1.59712 2.49478 3.33229 2.31848 1.34578 0.230266 -2.82999 -5.33867 -6.3228 -6.08484 -4.82666 -2.32493 1.26456 2.9039 4.23177 6.16831 7.25133 5.8959 3.60094 3.16966 1.50453 0.282514
24.11 0.872878 1.62668 2.51273 3.32128 2.34374 1.50811 0.342366 -2.39453 -4.77689 -6.28521 -6.30985 -5.03601 -2.74519 0.451029 2.79273 4.18884 5.7241 7.31074 6.23174 3.94335 3.50031 1.80899 0.545799
24.16 0.902625 1.64101 2.50607 3.28788 2.37339 1.75809 0.449318 -2.07786 -4.23046 -6.18505 -6.46313 -5.2089 -3.15207 -0.381199 2.57949 4.18026 5.32457 7.33169 6.51301 4.25946 3.82177 2.11255 0.812161
24.21 0.925174 1.64221 2.48446 3.24572 2.39331 2.00206 0.639416 -1.77162 -3.7633 -6.0694 -6.57302 -5.35572 -3.50538 -1.09011 2.19275 4.04686 5.0323 7.33948 6.7488 4.55442 4.13697 2.41521 1.0808
24.26 0.936536 1.62973 2.45261 3.20564 2.41445 2.23509 0.88113 -1.46599 -3.36272 -5.94679 -6.64743 -5.47829 -3.80043 -1.66797 1.66138 3.78552 4.82386 7.31884 6.93816 4.84021 4.45512 2.71649 1.34713
24.31 0.938153 1.60724 2.41625 3.17356 2.44109 2.45351 1.14189 -1.16902 -3.01195 -5.82038 -6.69386 -5.58475 -4.05655 -2.15423 1.09869 3.49804 4.645 7.21539 7.05779 5.12739 4.79119 3.01913 1.60605
24.36 0.932636 1.57905 2.3803 3.15236 2.47454 2.6556 1.40062 -0.88923 -2.70155 -5.69412 -6.7184 -5.677 -4.28157 -2.57237 0.488485 3.30086 4.56432 6.95395 7.06424 5.41665 5.16063 3.33362 1.86171
24.41 0.924625 1.55074 2.34945 3.14296 2.51324 2.83842 1.64031 -0.638259 -2.42598 -5.5682 -6.72486 -5.75948 -4.48921 -2.95202 -0.190538 3.27343 4.70346 6.5026 6.91859 5.68063 5.55314 3.66347 2.12214
24.46 0.903738 1.5146 2.3193 3.14609 2.56586 3.0162 1.88103 -0.380322 -2.15131 -5.43542 -6.73074 -5.85672 -4.67024 -3.19748 -0.631117 2.84231 4.56813 6.25652 6.75447 5.9362 5.95014 4.00498 2.39671
24.51 0.870603 1.473 2.29272 3.16198 2.62917 3.18233 2.11423 -0.14249 -1.8581 -5.23342 -6.68545 -5.9543 -4.84337 -3.39063 -1.02558 2.1614 4.40495 6.18991 6.50841 6.13267 6.31869 4.3519 2.68939
24.56 0.832643 1.43225 2.27333 3.18952 2.70097 3.34106 2.38898 -0.0582791 -1.65811 -4.81966 -6.49955 -6.05668 -5.06159 -3.60326 -1.45295 1.3252 4.39983 6.35213 6.13222 6.21808 6.61436 4.68284 2.99162
24.61 0.790901 1.39391 2.26204 3.22726 2.77436 3.47331 2.69106 -0.0209824 -1.5758 -4.21367 -6.15644 -6.17495 -5.36383 -3.86178 -1.83867 0.670385 4.12615 6.32195 5.96899 6.30842 6.83683 4.97847 3.2876
24.66 0.750861 1.36269 2.25692 3.25854 2.81115 3.52364 2.93365 0.255585 -1.41959 -3.70447 -5.70237 -6.26086 -5.69246 -4.15019 -2.20459 0.128431 3.53253 6.06919 6.01771 6.40688 6.98681 5.25109 3.58755
24.71 0.723153 1.33908 2.24758 3.26652 2.80504 3.52735 3.18138 0.780608 -1.36485 -3.444 -5.13288 -6.24592 -5.96989 -4.43417 -2.56968 -0.392535 2.79524 5.76446 6.17867 6.4547 7.02949 5.48716 3.88651
24.76 0.703838 1.31832 2.23282 3.25983 2.77895 3.51287 3.4073 1.33596 -1.24436 -3.25187 -4.59643 -6.17907 -6.18872 -4.69587 -2.92094 -0.883326 2.0441 5.38712 6.38127 6.51654 6.95518 5.67257 4.17542
24.81 0.686963 1.29663 2.21315 3.24506 2.74466 3.48805 3.58329 1.80259 -0.931445 -2.97011 -4.181 -6.10888 -6.37048 -4.94043 -3.25127 -1.31933 1.38357 4.77409 6.47571 6.72387 6.82691 5.81327 4.44431
24.86 0.667388 1.26556 2.17924 3.21616 2.70573 3.4694 3.73928 2.22054 -0.526488 -2.63708 -3.83321 -6.03086 -6.52002 -5.16804 -3.55741 -1.69776 0.83186 4.05993 6.25933 6.93681 6.84032 5.95386 4.67871
24.91 0.639498 1.21187 2.11706 3.16664 2.67207 3.47303 3.89239 2.60258 -0.0934196 -2.2805 -3.51789 -5.94008 -6.63477 -5.37087 -3.83651 -2.03431 0.351052 3.37332 5.71738 7.00912 7.06841 6.14185 4.88454
24.96 0.598216 1.11132 1.99756 3.07984 2.65762 3.51723 4.05217 2.95176 0.330356 -1.92119 -3.21973 -5.83617 -6.71505 -5.54437 -4.08761 -2.34119 -0.0861942 2.72783 5.09353 6.88816 7.27586 6.40738 5.15313
25.01 0.547175 0.930106 1.77118 2.92092 2.67487 3.62562 4.23208 3.27733 0.732809 -1.56464 -2.92641 -5.71861 -6.76602 -5.69477 -4.31996 -2.63136 -0.491186 2.14345 4.53135 6.56156 7.22802 6.73867 5.57748
25.06 0.52202 0.670784 1.40894 2.65553 2.71672 3.80507 4.44087 3.58901 1.11096 -1.21753 -2.63076 -5.58138 -6.78806 -5.82708 -4.53882 -2.90927 -0.873048 1.60585 4.02145 6.18982 7.01788 6.91519 5.98825
25.11 0.569715 0.397258 0.931547 2.27538 2.75346 4.03243 4.67675 3.89413 1.46756 -0.895694 -2.3176 -5.38828 -6.76634 -5.95508 -4.76108 -3.1795 -1.23319 1.10874 3.54349 5.79503 6.72578 6.96525 6.30589
25.16 0.70742 0.212885 0.363723 1.79964 2.75896 4.27363 4.93188 4.20315 1.84004 -0.686624 -2.03059 -5.02769 -6.64259 -6.0982 -5.02523 -3.4584 -1.5759 0.650561 3.09645 5.39652 6.38889 6.91551 6.51442
25.21 0.828004 0.133715 -0.166206 1.23172 2.7164 4.49917 5.19084 4.50965 2.25851 -0.579018 -1.8975 -4.43477 -6.3534 -6.24442 -5.34988 -3.76523 -1.91817 0.216861 2.67237 5.00224 6.02797 6.78962 6.62031
25.26 0.844478 0.06979 -0.584986 0.625428 2.63484 4.68464 5.41273 4.75041 2.64379 -0.368038 -1.73989 -3.82415 -5.93162 -6.3553 -5.70189 -4.10278 -2.28396 -0.225296 2.24185 4.59616 5.64123 6.59858 6.63688
25.31 0.818298 -0.00748135 -0.966432 0.0505676 2.52669 4.80702 5.56046 4.89984 2.99491 0.16363 -1.59355 -3.45478 -5.38902 -6.37457 -6.02008 -4.44609 -2.67107 -0.686334 1.79164 4.16796 5.2244 6.34669 6.57041
25.36 0.773307 -0.104004 -1.33031 -0.491524 2.39641 4.87179 5.6512 4.99939 3.33453 0.840378 -1.41749 -3.23523 -4.82918 -6.3215 -6.27452 -4.75964 -3.04761 -1.14235 1.33959 3.73098 4.78799 6.04592 6.42887
25.41 0.717399 -0.21228 -1.68662 -1.0126 2.25617 4.89766 5.70616 5.07001 3.63262 1.48937 -1.11806 -2.99556 -4.3473 -6.2384 -6.46996 -5.03381 -3.40058 -1.58292 0.893379 3.29104 4.33705 5.70452 6.22273
25.46 0.656035 -0.321556 -2.03861 -1.52441 2.1153 4.89722 5.73539 5.11905 3.87422 2.04236 -0.673529 -2.6688 -3.96522 -6.14641 -6.61714 -5.26924 -3.72541 -2.00256 0.458009 2.85204 3.87521 5.32892 5.96116
25.51 0.589668 -0.429278 -2.38412 -2.02563 1.97649 4.87722 5.7461 5.15962 4.08134 2.52457 -0.197027 -2.31398 -3.63068 -6.04032 -6.71983 -5.46515 -4.01598 -2.39151 0.0453184 2.42603 3.41424 4.93237 5.65708
25.56 0.501608 -0.57627 -2.71531 -2.43443 1.81002 4.83005 5.74063 5.20181 4.26847 2.9437 0.261689 -1.9597 -3.32453 -5.92324 -6.78456 -5.62332 -4.26985 -2.74447 -0.337478 2.02134 2.96352 4.52672 5.32388
25.61 0.381961 -0.757903 -2.98903 -2.75632 1.59199 4.73785 5.71247 5.25858 4.45578 3.31303 0.683148 -1.62204 -3.03849 -5.79714 -6.81796 -5.74982 -4.49049 -3.06168 -0.688283 1.64189 2.52887 4.12068 4.97308
25.66 0.21927 -0.973191 -3.10841 -2.95538 1.22112 4.53207 5.63077 5.35722 4.6862 3.65924 1.06671 -1.31163 -2.76305 -5.65138 -6.82098 -5.85767 -4.69171 -3.3505 -1.01034 1.28735 2.11254 3.71948 4.61326
25.71 -0.0109808 -1.23687 -2.905 -2.98544 0.544231 4.13762 5.45177 5.51823 5.00551 4.019 1.43153 -1.05037 -2.47755 -5.42797 -6.77085 -5.97382 -4.91041 -3.63101 -1.31347 0.954053 1.71456 3.32589 4.25028
25.76 -0.240783 -1.39595 -2.46802 -3.03712 -0.30333 3.59084 5.16498 5.71045 5.40553 4.42113 1.84501 -0.925912 -2.25458 -4.98811 -6.59219 -6.11764 -5.1969 -3.93491 -1.61514 0.634704 1.33415 2.94302 3.88984
25.81 -0.423823 -1.51753 -2.33803 -2.87155 -0.717606 2.80094 4.72548 5.85157 5.81329 4.82733 2.30344 -0.867794 -2.1728 -4.34795 -6.25164 -6.26065 -5.54538 -4.26988 -1.92592 0.321891 0.969834 2.57489 3.53896
25.86 -0.57603 -1.61011 -2.32254 -2.63845 -0.963824 1.98613 4.23452 5.91876 6.15126 5.15546 2.73645 -0.660115 -2.05863 -3.75335 -5.8006 -6.35819 -5.90614 -4.62801 -2.26148 -0.00813769 0.600486 2.20705 3.19181
25.91 -0.690668 -1.64255 -2.28485 -2.49344 -1.19332 1.28327 3.74809 5.90134 6.3736 5.36922 3.13066 -0.0664527 -1.92132 -3.43918 -5.26451 -6.37137 -6.22564 -4.98351 -2.61575 -0.362105 0.214376 1.82728 2.83855
25.96 -0.765573 -1.6291 -2.2324 -2.43779 -1.40638 0.690868 3.27984 5.81803 6.50396 5.51226 3.50778 0.669637 -1.71327 -3.2613 -4.74478 -6.33205 -6.48615 -5.30589 -2.95706 -0.714411 -0.170961 1.4469 2.48458
26.01 -0.805266 -1.59014 -2.18231 -2.44762 -1.59576 0.183096 2.84297 5.69793 6.57246 5.61043 3.84167 1.38391 -1.40117 -3.07885 -4.30172 -6.27263 -6.69427 -5.58959 -3.27456 -1.05328 -0.546264 1.07263 2.13427
26.06 -0.81649 -1.54154 -2.1475 -2.50814 -1.75878 -0.244318 2.43391 5.55898 6.5994 5.67505 4.10871 1.98114 -0.93437 -2.7982 -3.97011 -6.21799 -6.86382 -5.83882 -3.56692 -1.37505 -0.908489 0.706371 1.78868
26.11 -0.810115 -1.49653 -2.13487 -2.60461 -1.89589 -0.58414 2.0476 5.4083 6.59533 5.71966 4.33124 2.49274 -0.436919 -2.47988 -3.69038 -6.15788 -6.99856 -6.0563 -3.83191 -1.67293 -1.24897 0.357271 1.45543
26.16 -0.796931 -1.46239 -2.14179 -2.71597 -2.01015 -0.865902 1.68961 5.25528 6.57307 5.7572 4.52432 2.92951 0.0341649 -2.15924 -3.43469 -6.08511 -7.10047 -6.24737 -4.07308 -1.94572 -1.56399 0.0306015 1.14012
26.21 -0.783282 -1.44343 -2.16935 -2.83818 -2.09124 -1.08968 1.33461 5.09047 6.53591 5.80232 4.70662 3.30426 0.453286 -1.86323 -3.18651 -5.98153 -7.16506 -6.42375 -4.30378 -2.19764 -1.85247 -0.269707 0.847676
26.26 -0.773713 -1.44541 -2.22271 -2.96997 -2.0885 -1.24717 0.901105 4.86477 6.46499 5.88187 4.91717 3.64218 0.82088 -1.63573 -2.94201 -5.7952 -7.16822 -6.60586 -4.555 -2.44302 -2.1179 -0.541259 0.582951
26.31 -0.775756 -1.46936 -2.29143 -3.08525 -2.01723 -1.31785 0.41462 4.46198 6.29456 6.01805 5.21392 4.00097 1.22507 -1.60627 -2.80816 -5.41468 -7.0475 -6.80205 -4.86348 -2.70841 -2.3754 -0.790365 0.345698
26.36 -0.785711 -1.50376 -2.36697 -3.20013 -2.10139 -1.17907 0.215627 3.77347 5.94583 6.1666 5.58576 4.38156 1.67651 -1.64427 -2.84216 -4.86966 -6.79048 -6.99562 -5.22709 -3.00582 -2.6411 -1.03172 0.126079
26.41 -0.811034 -1.5481 -2.42993 -3.25982 -2.15412 -1.09745 0.0227576 3.09447 5.49675 6.27897 5.955 4.72655 2.12449 -1.52252 -2.83462 -4.34868 -6.45105 -7.16796 -5.61853 -3.33756 -2.93422 -1.29132 -0.09972
26.46 -0.842305 -1.58056 -2.45555 -3.25992 -2.19675 -1.25171 -0.09319 2.64676 4.9587 6.28914 6.23117 4.97136 2.5131 -0.962833 -2.67384 -4.08399 -6.06481 -7.28972 -5.99479 -3.68742 -3.25706 -1.58244 -0.349878
26.51 -0.872008 -1.59757 -2.45397 -3.23252 -2.24477 -1.52537 -0.170115 2.35374 4.40832 6.21038 6.40935 5.15506 2.92129 -0.160259 -2.54334 -4.02802 -5.62374 -7.33648 -6.31654 -4.02405 -3.58577 -1.8864 -0.612936
26.56 -0.896941 -1.60299 -2.43688 -3.19198 -2.27431 -1.7875 -0.342113 2.06589 3.93609 6.10227 6.52973 5.30614 3.31003 0.642153 -2.31127 -3.98998 -5.23088 -7.34765 -6.58412 -4.33454 -3.90571 -2.18957 -0.879177
26.61 -0.912775 -1.59553 -2.40822 -3.14976 -2.29771 -2.03221 -0.580968 1.77213 3.53763 5.98643 6.61491 5.43391 3.64019 1.30876 -1.8987 -3.82013 -4.94685 -7.34584 -6.80632 -4.62531 -4.2207 -2.49182 -1.14734
26.66 -0.917129 -1.57585 -2.3728 -3.11449 -2.32579 -2.26262 -0.852251 1.47916 3.19252 5.86582 6.67015 5.54188 3.9187 1.85854 -1.38198 -3.55297 -4.72489 -7.30331 -6.97734 -4.90929 -4.54152 -2.79222 -1.41102
26.71 -0.911839 -1.54771 -2.33558 -3.08989 -2.36141 -2.47802 -1.13021 1.19479 2.8858 5.74351 6.70335 5.63773 4.16083 2.31886 -0.842295 -3.27622 -4.53336 -7.16547 -7.07189 -5.19771 -4.88556 -3.09626 -1.66741
26.76 -0.900453 -1.51597 -2.30113 -3.07731 -2.40407 -2.6768 -1.39736 0.929335 2.61127 5.621 6.71712 5.72119 4.37526 2.7204 -0.235107 -3.12905 -4.47841 -6.84735 -7.03963 -5.48501 -5.26523 -3.41563 -1.92335
26.81 -0.886027 -1.4845 -2.27258 -3.07701 -2.453 -2.85807 -1.644 0.688827 2.35938 5.49355 6.71671 5.80422 4.57675 3.07 0.385884 -3.05817 -4.57399 -6.40313 -6.87701 -5.74609 -5.66239 -3.74935 -2.1864
26.86 -0.858185 -1.44575 -2.24569 -3.08955 -2.51559 -3.03351 -1.89179 0.44878 2.0965 5.3312 6.69979 5.90524 4.76092 3.29856 0.796409 -2.58496 -4.40957 -6.17587 -6.69512 -5.99254 -6.05837 -4.0948 -2.46607
26.91 -0.819853 -1.40304 -2.22297 -3.11418 -2.58951 -3.20376 -2.17014 0.30856 1.86779 5.01505 6.58364 6.01437 4.96577 3.50049 1.18661 -1.89346 -4.26204 -6.13 -6.42664 -6.16884 -6.41513 -4.44072 -2.76231
26.96 -0.779173 -1.36383 -2.20979 -3.15123 -2.67001 -3.35957 -2.49642 0.287056 1.815 4.46989 6.29288 6.11821 5.22617 3.73813 1.61858 -1.07358 -4.25513 -6.29075 -6.05255 -6.23956 -6.69424 -4.76684 -3.06616
27.01 -0.740524 -1.33398 -2.20795 -3.19017 -2.7224 -3.43244 -2.75066 0.0757647 1.68193 3.94866 5.88607 6.22115 5.54952 4.01939 2.00923 -0.451432 -3.88166 -6.17472 -5.9384 -6.3376 -6.90775 -5.06424 -3.36945
27.06 -0.710806 -1.31076 -2.20246 -3.20628 -2.72825 -3.44687 -3.00431 -0.42973 1.62661 3.67067 5.3438 6.24045 5.85031 4.30885 2.38236 0.0884473 -3.2563 -5.88911 -5.98814 -6.42367 -7.03914 -5.33413 -3.67391
27.11 -0.688378 -1.28896 -2.18903 -3.20369 -2.70853 -3.43995 -3.25215 -1.02764 1.54884 3.51473 4.79136 6.19141 6.09085 4.57621 2.73983 0.601283 -2.51328 -5.57606 -6.14741 -6.45119 -7.05412 -5.56034 -3.97217
27.16 -0.670792 -1.26927 -2.17379 -3.19473 -2.67916 -3.41811 -3.44497 -1.53314 1.27562 3.27257 4.36101 6.12981 6.28667 4.8247 3.0821 1.07675 -1.7892 -5.13647 -6.30601 -6.53367 -6.95953 -5.73875 -4.26266
27.21 -0.654914 -1.24741 -2.15182 -3.1757 -2.64159 -3.3931 -3.60357 -1.97048 0.877398 2.96286 4.01875 6.06073 6.448 5.0569 3.40229 1.49686 -1.15653 -4.50416 -6.33184 -6.72125 -6.84052 -5.87875 -4.52978
27.26 -0.63528 -1.21414 -2.11382 -3.1427 -2.60328 -3.38206 -3.75401 -2.3677 0.435103 2.62197 3.71778 5.98084 6.57765 5.26981 3.69524 1.85961 -0.626196 -3.79597 -6.04261 -6.89777 -6.88072 -6.01495 -4.75596
27.31 -0.606001 -1.15533 -2.04511 -3.08918 -2.57437 -3.39785 -3.90685 -2.73157 -0.00956039 2.26781 3.43451 5.88796 6.67467 5.45782 3.96106 2.18281 -0.162266 -3.12776 -5.48508 -6.9145 -7.08365 -6.21402 -4.97606
27.36 -0.561828 -1.04353 -1.91219 -2.99528 -2.56885 -3.45884 -4.07025 -3.06549 -0.431905 1.91626 3.15911 5.7819 6.73987 5.61803 4.19986 2.47768 0.26004 -2.50185 -4.87014 -6.74036 -7.24492 -6.4846 -5.25511
27.41 -0.509998 -0.845058 -1.66294 -2.82313 -2.59756 -3.58802 -4.25706 -3.37931 -0.827389 1.57103 2.88212 5.65971 6.77722 5.75857 4.42344 2.75858 0.652488 -1.93706 -4.32914 -6.40153 -7.13681 -6.76979 -5.68334
27.46 -0.491459 -0.570718 -1.27409 -2.5404 -2.64868 -3.78755 -4.4746 -3.68267 -1.19766 1.24424 2.59692 5.50324 6.78044 5.88711 4.64089 3.02975 1.02256 -1.417 -3.83357 -6.02593 -6.90097 -6.9052 -6.06309
27.51 -0.55258 -0.290961 -0.77112 -2.14412 -2.68998 -4.03011 -4.72094 -3.98791 -1.56775 0.997683 2.31103 5.2365 6.71322 6.02202 4.88098 3.30147 1.37261 -0.938012 -3.37107 -5.63462 -6.59654 -6.92387 -6.34508
27.56 -0.706798 -0.110126 -0.174402 -1.65863 -2.69848 -4.28199 -4.98593 -4.29906 -1.97577 0.860063 2.14634 4.75085 6.50319 6.16922 5.17768 3.5933 1.71309 -0.49298 -2.93773 -5.24346 -6.25582 -6.85213 -6.52147
27.61 -0.825014 -0.022592 0.356891 -1.0849 -2.65806 -4.51004 -5.23922 -4.57793 -2.39174 0.721651 2.03857 4.13697 6.14147 6.3031 5.52338 3.91816 2.06738 -0.0551737 -2.5123 -4.8476 -5.88903 -6.70826 -6.60207
27.66 -0.829518 0.0444534 0.767671 -0.483044 -2.57449 -4.67971 -5.42672 -4.7595 -2.74597 0.275821 1.87058 3.70314 5.65639 6.36986 5.86506 4.26568 2.45141 0.404402 -2.06558 -4.42717 -5.48832 -6.49674 -6.59521
27.71 -0.793351 0.120595 1.1425 0.0893403 -2.45849 -4.78217 -5.54746 -4.88031 -3.10221 -0.410472 1.74023 3.49668 5.08867 6.34356 6.14975 4.59658 2.8376 0.868049 -1.61041 -3.99255 -5.06301 -6.22877 -6.50579
27.76 -0.742025 0.214739 1.50642 0.632892 -2.32261 -4.8351 -5.62523 -4.96789 -3.42944 -1.11407 1.50349 3.30986 4.57482 6.27515 6.37443 4.89173 3.20456 1.31917 -1.15907 -3.5532 -4.62086 -5.91477 -6.34405
27.81 -0.682761 0.31961 1.86627 1.15596 -2.1799 -4.85526 -5.67399 -5.02998 -3.69447 -1.71112 1.07741 3.0109 4.1813 6.19807 6.54915 5.14969 3.54775 1.75503 -0.712411 -3.10903 -4.16222 -5.55928 -6.11885
27.86 -0.617931 0.42646 2.22236 1.66626 -2.03808 -4.85048 -5.69896 -5.07756 -3.91786 -2.23083 0.582599 2.66156 3.84865 6.10557 6.67708 5.36904 3.85982 2.16443 -0.283525 -2.6726 -3.69857 -5.17491 -5.84194
27.91 -0.548523 0.527856 2.57176 2.17255 -1.90393 -4.83048 -5.70962 -5.1218 -4.11429 -2.68291 0.0913475 2.30075 3.54583 5.99815 6.76299 5.54946 4.13632 2.54049 0.118977 -2.25343 -3.24018 -4.77442 -5.52719
27.96 -0.463197 0.65671 2.90576 2.60673 -1.74689 -4.78673 -5.70767 -5.17185 -4.29682 -3.076 -0.364629 1.95007 3.26207 5.87963 6.81368 5.69414 4.37688 2.8801 0.49009 -1.85783 -2.79482 -4.36841 -5.18752
28.01 -0.34396 0.83059 3.17237 2.93082 -1.51915 -4.68802 -5.68016 -5.24123 -4.4878 -3.4258 -0.775672 1.62381 2.99337 5.74929 6.83416 5.81074 4.58734 3.18492 0.82867 -1.48899 -2.36771 -3.96499 -4.83394
28.06 -0.176857 1.04598 3.2551 3.11279 -1.10497 -4.45548 -5.58992 -5.3589 -4.73435 -3.76258 -1.14941 1.33695 2.73054 5.58229 6.81803 5.91678 4.78874 3.46604 1.13969 -1.14585 -1.96068 -3.56889 -4.47448
28.11 0.0591777 1.30428 2.98453 3.13483 -0.359966 -4.03007 -5.39644 -5.53855 -5.07803 -4.13029 -1.5355 1.1625 2.48811 5.27739 6.71814 6.04059 5.02839 3.75003 1.43614 -0.823858 -1.57404 -3.18348 -4.11538
28.16 0.283001 1.4467 2.5319 3.1818 0.493556 -3.44977 -5.09235 -5.73898 -5.49428 -4.53683 -1.97515 1.08609 2.36715 4.73999 6.46516 6.18543 5.34261 4.06632 1.73933 -0.510203 -1.20242 -2.80882 -3.76083
28.21 0.460603 1.56458 2.41592 2.99129 0.885359 -2.63756 -4.64099 -5.87378 -5.89469 -4.92208 -2.44322 1.00385 2.31752 4.09625 6.06853 6.31177 5.70165 4.41314 2.05974 -0.19259 -0.838155 -2.44317 -3.41363
28.26 0.607151 1.65011 2.39426 2.75494 1.12882 -1.82568 -4.14657 -5.92085 -6.19559 -5.19263 -2.84339 0.553845 2.17042 3.67923 5.57846 6.37296 6.04898 4.77606 2.40957 0.153266 -0.456362 -2.06623 -3.06173
28.31 0.718144 1.67749 2.34885 2.60385 1.355 -1.12404 -3.65467 -5.88141 -6.38757 -5.37793 -3.24398 -0.177199 2.0259 3.49625 5.03351 6.35519 6.34174 5.11962 2.76188 0.510445 -0.0663906 -1.68279 -2.70579
28.36 0.789608 1.66045 2.28996 2.53971 1.57006 -0.525726 -3.18565 -5.78613 -6.50134 -5.50853 -3.6152 -0.946081 1.77457 3.35258 4.54615 6.30541 6.57974 5.42699 3.09489 0.859026 0.317291 -1.30266 -2.35139
28.41 0.82596 1.61852 2.23372 2.5384 1.76801 -0.0059417 -2.75314 -5.66355 -6.56355 -5.59972 -3.92129 -1.60945 1.35156 3.11394 4.1768 6.25464 6.7733 5.69827 3.40486 1.19458 0.691935 -0.927089 -1.99926
28.46 0.834972 1.56728 2.19197 2.58489 1.94027 0.438811 -2.35113 -5.5242 -6.58617 -5.66224 -4.17126 -2.17213 0.837111 2.80054 3.88534 6.20224 6.93038 5.93701 3.68904 1.51012 1.04961 -0.563473 -1.65474
28.51 0.827351 1.52059 2.17443 2.6713 2.08131 0.786894 -1.96951 -5.37481 -6.58146 -5.70946 -4.38364 -2.65387 0.328176 2.46909 3.62713 6.13972 7.05272 6.14502 3.94601 1.80032 1.38317 -0.219926 -1.32536
28.56 0.813419 1.48569 2.17845 2.77578 2.19563 1.07169 -1.61356 -5.22364 -6.56095 -5.75257 -4.57134 -3.0646 -0.137094 2.14893 3.38327 6.05796 7.14067 6.32964 4.18243 2.06586 1.69002 0.0990243 -1.01635
28.61 0.798936 1.46671 2.20521 2.89436 2.26972 1.29463 -1.25049 -5.05599 -6.5251 -5.80713 -4.75472 -3.41895 -0.543913 1.87064 3.14254 5.92767 7.18323 6.50603 4.41788 2.31415 1.97029 0.389671 -0.732763
28.66 0.789095 1.47085 2.26133 3.02541 2.23633 1.44484 -0.779981 -4.8139 -6.44892 -5.902 -4.9785 -3.75145 -0.924014 1.71817 2.93816 5.66958 7.13953 6.69295 4.68886 2.56461 2.23082 0.651364 -0.478946
28.71 0.792477 1.49741 2.33176 3.13808 2.14513 1.49481 -0.283018 -4.36784 -6.25832 -6.05421 -5.29756 -4.11479 -1.36183 1.7558 2.91549 5.19921 6.95103 6.88534 5.01954 2.84148 2.48985 0.895375 -0.250281
28.76 0.80308 1.53327 2.408 3.25034 2.21909 1.33342 -0.0786741 -3.6453 -5.88924 -6.20617 -5.67666 -4.48563 -1.83384 1.78402 2.997 4.63286 6.64589 7.06758 5.3951 3.15074 2.76301 1.13954 -0.0322661
28.81 0.826969 1.57574 2.46752 3.30388 2.25871 1.25613 0.130265 -2.95972 -5.42794 -6.30636 -6.02262 -4.77811 -2.22847 1.42161 2.8883 4.26013 6.29218 7.22195 5.7837 3.4922 3.07087 1.41472 0.205504
28.86 0.858472 1.60714 2.4903 3.29936 2.28952 1.40435 0.250129 -2.50592 -4.87739 -6.29121 -6.26929 -4.99901 -2.6359 0.687673 2.76392 4.13961 5.8653 7.30547 6.13781 3.84002 3.40049 1.71551 0.464652
28.91 0.888652 1.62342 2.48675 3.26905 2.32576 1.66034 0.341652 -2.1939 -4.32456 -6.19955 -6.43371 -5.17659 -3.04711 -0.147541 2.58811 4.12878 5.44409 7.33494 6.435 4.16436 3.72516 2.01981 0.730301
28.96 0.913028 1.62732 2.46774 3.22754 2.34871 1.91038 0.520072 -1.89421 -3.85003 -6.08616 -6.54906 -5.32707 -3.42035 -0.90803 2.28033 4.05293 5.10258 7.34143 6.68259 4.46465 4.04156 2.32228 0.997696
29.01 0.926512 1.61728 2.43745 3.18646 2.37054 2.14837 0.75896 -1.59177 -3.44617 -5.96668 -6.6299 -5.45273 -3.72825 -1.51729 1.78294 3.81944 4.8719 7.33331 6.88722 4.75188 4.35761 2.62405 1.26541
29.06 0.929543 1.59623 2.40154 3.15269 2.39733 2.37199 1.02304 -1.29488 -3.09406 -5.84233 -6.68109 -5.5609 -3.99382 -2.02899 1.23549 3.53377 4.67587 7.25973 7.03064 5.03742 4.68632 2.92529 1.52634
29.11 0.924175 1.56804 2.36483 3.1296 2.43132 2.58012 1.2897 -1.01089 -2.78164 -5.71744 -6.71059 -5.65618 -4.22589 -2.4612 0.659731 3.28695 4.53637 7.05841 7.07896 5.32822 5.04522 3.23485 1.78176
29.16 0.915657 1.53896 2.3327 3.11829 2.47049 2.76888 1.53899 -0.755131 -2.50588 -5.59226 -6.71829 -5.7366 -4.43649 -2.85915 -0.024683 3.25821 4.63717 6.63058 6.96895 5.60133 5.43488 3.56174 2.04043
29.21 0.898359 1.50529 2.30319 3.11941 2.52075 2.94787 1.78103 -0.504098 -2.23967 -5.46351 -6.7247 -5.83106 -4.62784 -3.14408 -0.526873 2.96977 4.58798 6.30232 6.80894 5.86096 5.8327 3.89952 2.3095
29.26 0.8673 1.46451 2.27589 3.13332 2.58361 3.11892 2.02103 -0.259938 -1.95814 -5.28396 -6.69581 -5.93003 -4.80258 -3.34648 -0.921007 2.36284 4.40752 6.16975 6.59436 6.08248 6.21572 4.24715 2.59724
29.31 0.828848 1.42248 2.25455 3.15911 2.65573 3.28199 2.29231 -0.141948 -1.73171 -4.92221 -6.54665 -6.03507 -5.01133 -3.55056 -1.3308 1.57926 4.33398 6.24153 6.26612 6.20836 6.53927 4.58592 2.89799
29.36 0.788632 1.38442 2.24271 3.19653 2.73247 3.42626 2.60525 -0.123727 -1.6689 -4.33939 -6.2266 -6.14467 -5.29243 -3.80054 -1.74541 0.8281 4.2226 6.33947 5.97924 6.27624 6.78206 4.89389 3.19775
29.41 0.748242 1.35287 2.23851 3.23165 2.77786 3.48917 2.85366 0.113886 -1.51715 -3.8123 -5.79741 -6.2435 -5.62227 -4.08546 -2.11566 0.266934 3.70145 6.12642 5.97515 6.38015 6.95969 5.17605 3.49799
29.46 0.718844 1.32887 2.23076 3.24375 2.77798 3.49853 3.10376 0.62366 -1.4589 -3.53334 -5.24016 -6.24633 -5.91256 -4.37287 -2.48289 -0.258137 3.00506 5.82194 6.09209 6.44688 7.04089 5.42677 3.79925
29.51 0.698131 1.30774 2.21683 3.23914 2.75476 3.48738 3.33996 1.19744 -1.36408 -3.35638 -4.69121 -6.1859 -6.14075 -4.63705 -2.83786 -0.763024 2.23783 5.49794 6.29715 6.47191 6.99947 5.62889 4.09254
29.56 0.681273 1.28738 2.19964 3.22734 2.72262 3.46354 3.52353 1.68081 -1.07397 -3.09313 -4.26498 -6.11884 -6.32915 -4.88349 -3.17274 -1.21482 1.54795 4.9448 6.43921 6.64298 6.86614 5.77998 4.3714
29.61 0.66354 1.26092 2.17164 3.20322 2.68399 3.44148 3.68093 2.10786 -0.674681 -2.77021 -3.91607 -6.04491 -6.48566 -5.11523 -3.48595 -1.6088 0.969321 4.25376 6.32761 6.85502 6.81687 5.92009 4.6205
29.66 0.639466 1.21734 2.12152 3.16186 2.64755 3.43753 3.83296 2.49748 -0.238572 -2.41938 -3.60391 -5.95877 -6.60795 -5.32346 -3.77113 -1.95498 0.470297 3.55282 5.86588 6.98471 6.99441 6.07492 4.81869
29.71 0.603479 1.13732 2.02736 3.09171 2.62564 3.46726 3.98905 2.8535 0.1937 -2.06136 -3.31002 -5.85962 -6.69623 -5.50404 -4.02911 -2.26881 0.0225582 2.89804 5.26435 6.92709 7.20002 6.31272 5.07627
29.76 0.553372 0.987044 1.84428 2.96362 2.63279 3.55354 4.16098 3.18273 0.604128 -1.70621 -3.02256 -5.74685 -6.75367 -5.65882 -4.26413 -2.56059 -0.389002 2.29586 4.67367 6.64491 7.25164 6.6472 5.44105
29.81 0.512531 0.749308 1.52896 2.73915 2.67097 3.71236 4.36019 3.49537 0.98944 -1.35894 -2.73386 -5.61679 -6.78309 -5.79485 -4.48525 -2.8404 -0.77571 1.74727 4.15315 6.28546 7.07715 6.86576 5.86747
29.86 0.529694 0.467311 1.08512 2.39899 2.71614 3.93035 4.58892 3.80015 1.35167 -1.03249 -2.43236 -5.44283 -6.77411 -5.92232 -4.70434 -3.11114 -1.14056 1.24023 3.66794 5.89714 6.80572 6.95004 6.21353
29.91 0.637316 0.230774 0.545492 1.95415 2.73732 4.17391 4.84102 4.10779 1.72063 -0.802421 -2.13749 -5.13037 -6.67963 -6.06153 -4.95611 -3.3862 -1.48637 0.773094 3.214 5.50026 6.48051 6.92737 6.45325
29.96 0.788953 0.122418 -0.0342816 1.42134 2.71679 4.41205 5.10372 4.41741 2.13234 -0.678789 -1.98543 -4.58562 -6.42806 -6.20952 -5.26837 -3.68596 -1.82721 0.335176 2.78615 5.10661 6.12693 6.82277 6.58805
30.01 0.841564 0.0550747 -0.487563 0.818674 2.64924 4.61574 5.34136 4.67885 2.53445 -0.512862 -1.85354 -3.9617 -6.03267 -6.33261 -5.61909 -4.01797 -2.18703 -0.10357 2.35917 4.70559 5.74872 6.65089 6.63056
30.06 0.824044 -0.0145689 -0.878036 0.22989 2.55016 4.75819 5.50716 4.84353 2.88683 -0.026361 -1.69703 -3.55461 -5.5143 -6.37422 -5.94953 -4.36422 -2.57315 -0.563771 1.91075 4.28084 5.33858 6.41528 6.58822
30.11 0.782601 -0.102568 -1.24606 -0.324303 2.42517 4.83857 5.611 4.95273 3.23396 0.650737 -1.54129 -3.33616 -4.94909 -6.3331 -6.21824 -4.68611 -2.95433 -1.02319 1.45735 3.84483 4.90669 6.12767 6.46768
30.16 0.728822 -0.205911 -1.60531 -0.853354 2.28621 4.87522 5.67539 5.03072 3.546 1.32457 -1.27471 -3.12034 -4.44893 -6.25541 -6.42678 -4.96991 -3.31372 -1.4684 1.00902 3.40526 4.45949 5.79742 6.27945
30.21 0.668525 -0.314302 -1.96056 -1.36836 2.14417 4.88291 5.71253 5.08498 3.79812 1.89697 -0.839993 -2.80548 -4.05927 -6.16928 -6.58613 -5.21543 -3.64681 -1.89524 0.568636 2.96391 3.99879 5.4298 6.03245
30.26 0.603731 -0.419499 -2.31043 -1.87783 2.00616 4.86967 5.729 5.12786 4.01229 2.39607 -0.357109 -2.45307 -3.72314 -6.06846 -6.6998 -5.42165 -3.94688 -2.29321 0.148788 2.53324 3.5364 5.03787 5.73908
30.31 0.52778 -0.540437 -2.65154 -2.33987 1.85773 4.83608 5.73118 5.17035 4.20303 2.82985 0.114569 -2.0957 -3.41631 -5.95503 -6.77368 -5.58948 -4.21067 -2.65636 -0.242781 2.122 3.08198 4.63377 5.41291
30.36 0.42222 -0.705966 -2.95566 -2.69985 1.66676 4.76639 5.71498 5.22225 4.38627 3.20901 0.549796 -1.75243 -3.13007 -5.83222 -6.81461 -5.72349 -4.43947 -2.98289 -0.602106 1.7357 2.64269 4.22742 5.06627
30.41 0.279179 -0.903254 -3.1482 -2.95641 1.36809 4.61283 5.65929 5.30548 4.59596 3.55519 0.9439 -1.43503 -2.85745 -5.69458 -6.82585 -5.83418 -4.64338 -3.27778 -0.930776 1.37529 2.22185 3.82515 4.70874
30.46 0.0728362 -1.15768 -3.07035 -3.0336 0.803046 4.2836 5.51814 5.44861 4.88389 3.90405 1.31005 -1.16049 -2.58236 -5.50127 -6.79328 -5.94432 -4.8518 -3.55686 -1.23638 1.03818 1.82016 3.43046 4.34703
30.51 -0.170317 -1.36325 -2.63826 -3.08417 -0.0765871 3.80101 5.27704 5.64202 5.26449 4.293 1.71021 -1.01328 -2.3413 -5.12455 -6.65286 -6.0804 -5.11728 -3.85166 -1.53574 0.717398 1.43656 3.0458 3.98654
30.56 -0.366547 -1.48364 -2.38184 -3.01301 -0.656338 3.08432 4.8867 5.81056 5.68178 4.70381 2.16036 -0.945949 -2.24056 -4.52422 -6.35062 -6.22704 -5.45315 -4.17913 -1.84319 0.404295 1.06897 2.6744 3.63342
30.61 -0.52993 -1.5945 -2.3561 -2.76603 -0.926292 2.24701 4.4022 5.90469 6.04937 5.06108 2.61201 -0.808674 -2.15948 -3.89461 -5.92165 -6.3392 -5.81552 -4.53277 -2.1714 0.0809835 0.703249 2.30865 3.2869
30.66 -0.658717 -1.64856 -2.32627 -2.58046 -1.15998 1.49651 3.91062 5.91328 6.30497 5.29932 3.00837 -0.27673 -2.01862 -3.53247 -5.40231 -6.37332 -6.14887 -4.89307 -2.5249 -0.270125 0.318797 1.93007 2.93427
30.71 -0.748469 -1.64985 -2.27501 -2.488 -1.37991 0.861214 3.43211 5.84703 6.46045 5.46005 3.39598 0.456602 -1.83682 -3.35082 -4.87024 -6.34297 -6.42378 -5.2251 -2.87146 -0.624931 -0.0687068 1.54831 2.57945
30.76 -0.800623 -1.61802 -2.22015 -2.4706 -1.5808 0.319828 2.98193 5.73586 6.54651 5.57135 3.74729 1.19785 -1.55707 -3.18815 -4.40406 -6.28625 -6.64453 -5.51911 -3.1958 -0.968063 -0.447485 1.17173 2.22758
30.81 -0.82144 -1.57055 -2.175 -2.50587 -1.7585 -0.1512 2.56668 5.60402 6.58755 5.64627 4.03024 1.82197 -1.10612 -2.92329 -4.0568 -6.2333 -6.82434 -5.77782 -3.49595 -1.29611 -0.815324 0.801241 1.87905
30.86 -0.820049 -1.52211 -2.15169 -2.58737 -1.90745 -0.525309 2.17105 5.45644 6.59337 5.69746 4.26411 2.35565 -0.601617 -2.6072 -3.77143 -6.17637 -6.96853 -6.00414 -3.76893 -1.60146 -1.16307 0.44598 1.54099
30.91 -0.808273 -1.48258 -2.14962 -2.69137 -2.03136 -0.830157 1.80337 5.30463 6.57756 5.73782 4.46463 2.8117 -0.114826 -2.28205 -3.51429 -6.10841 -7.07931 -6.20195 -4.0163 -1.88142 -1.48586 0.112176 1.21972
30.96 -0.7941 -1.4568 -2.16742 -2.80643 -2.12814 -1.08072 1.4532 5.14797 6.54777 5.78014 4.64732 3.20132 0.323601 -1.975 -3.26788 -6.01592 -7.15477 -6.38097 -4.2482 -2.13862 -1.782 -0.196114 0.920112
31.01 -0.781791 -1.44981 -2.21073 -2.93622 -2.16209 -1.26068 1.05684 4.95204 6.49417 5.84601 4.8422 3.54412 0.705305 -1.7226 -3.02342 -5.85816 -7.17728 -6.55942 -4.49031 -2.38381 -2.05303 -0.475519 0.647387
31.06 -0.779208 -1.46773 -2.27703 -3.05775 -2.07002 -1.38183 0.522004 4.63935 6.37542 5.96743 5.10634 3.88977 1.09558 -1.6429 -2.85046 -5.5333 -7.09254 -6.75231 -4.78191 -2.6418 -2.31093 -0.729398 0.403383
31.11 -0.786062 -1.49793 -2.34979 -3.17414 -2.10502 -1.30466 0.237363 4.02618 6.08396 6.1205 5.4614 4.26556 1.53838 -1.68246 -2.86289 -5.01806 -6.86515 -6.94656 -5.13202 -2.92981 -2.57267 -0.970748 0.180784
31.16 -0.805177 -1.5404 -2.42196 -3.26062 -2.17648 -1.15986 0.0493261 3.30087 5.66347 6.25336 5.84173 4.62792 2.00269 -1.6448 -2.90535 -4.46418 -6.53831 -7.12458 -5.51844 -3.25212 -2.85635 -1.22227 -0.0401379
31.21 -0.835043 -1.5787 -2.46162 -3.27873 -2.21159 -1.21968 -0.114009 2.74897 5.15572 6.303 6.15086 4.89453 2.39129 -1.16717 -2.75621 -4.14937 -6.16778 -7.263 -5.9028 -3.60019 -3.17389 -1.5073 -0.285329
31.26 -0.866164 -1.6012 -2.46832 -3.25846 -2.25651 -1.46219 -0.188811 2.41252 4.59319 6.24479 6.35554 5.09329 2.80045 -0.388397 -2.63354 -4.06853 -5.72883 -7.32468 -6.23923 -3.9426 -3.50367 -1.8103 -0.54685
31.31 -0.893308 -1.61076 -2.45615 -3.22142 -2.29063 -1.72868 -0.324099 2.12382 4.0856 6.14133 6.49252 5.25424 3.19851 0.428445 -2.4229 -4.04145 -5.32439 -7.34427 -6.52002 -4.25912 -3.82557 -2.11392 -0.812783
31.36 -0.91296 -1.60801 -2.43106 -3.17855 -2.3132 -1.97644 -0.540995 1.82875 3.65841 6.02611 6.58917 5.39099 3.54805 1.13821 -2.05976 -3.91523 -5.01329 -7.34589 -6.75327 -4.55367 -4.14084 -2.41622 -1.08064
31.41 -0.92108 -1.5921 -2.39734 -3.14036 -2.33849 -2.21053 -0.801652 1.53223 3.29176 5.90593 6.65416 5.50546 3.83864 1.71362 -1.54973 -3.66076 -4.78782 -7.32006 -6.93981 -4.83856 -4.45889 -2.71706 -1.34621
31.46 -0.919116 -1.56662 -2.3603 -3.11171 -2.37045 -2.42964 -1.07592 1.2429 2.96852 5.78285 6.69418 5.60584 4.09051 2.19607 -1.00868 -3.37747 -4.5912 -7.21286 -7.0573 -5.12537 -4.79536 -3.01934 -1.60437
31.51 -0.909763 -1.53582 -2.32448 -3.09472 -2.40991 -2.6329 -1.34497 0.96895 2.67961 5.65983 6.71468 5.69426 4.31177 2.60817 -0.423729 -3.17485 -4.4854 -6.95247 -7.06425 -5.41569 -5.16601 -3.33385 -1.85946
31.56 -0.898128 -1.50555 -2.29456 -3.08984 -2.45455 -2.81688 -1.59256 0.723958 2.42096 5.53446 6.71641 5.77367 4.51708 2.9855 0.244716 -3.15851 -4.61389 -6.49204 -6.91613 -5.68061 -5.56077 -3.66484 -2.12012
31.61 -0.874586 -1.46873 -2.26642 -3.09768 -2.51236 -2.99436 -1.83811 0.476689 2.15832 5.39213 6.71313 5.87197 4.70247 3.23375 0.682528 -2.75591 -4.48282 -6.22464 -6.74792 -5.93551 -5.95914 -4.00728 -2.39506
31.66 -0.838905 -1.42665 -2.24187 -3.11809 -2.58148 -3.16318 -2.0923 0.281672 1.88842 5.14751 6.64225 5.97748 4.89185 3.4329 1.07092 -2.10128 -4.31403 -6.13641 -6.50461 -6.13377 -6.32944 -4.35494 -2.68795
31.71 -0.79857 -1.3853 -2.2242 -3.15008 -2.66061 -3.32924 -2.41146 0.244778 1.7875 4.66074 6.40657 6.08234 5.13065 3.65501 1.49425 -1.28754 -4.29354 -6.27202 -6.13883 -6.22484 -6.62828 -4.68695 -2.99035
31.76 -0.7584 -1.35176 -2.21924 -3.19117 -2.72714 -3.43405 -2.68976 0.133853 1.6853 4.09094 6.03505 6.19296 5.44138 3.92493 1.89479 -0.613505 -4.03673 -6.24981 -5.95018 -6.31037 -6.85525 -4.98885 -3.29194
31.81 -0.724149 -1.32595 -2.21576 -3.21627 -2.7483 -3.46321 -2.93489 -0.267304 1.57934 3.7038 5.53818 6.24839 5.75942 4.21625 2.26918 -0.0637835 -3.45154 -5.99054 -5.97687 -6.40613 -7.00942 -5.26598 -3.59592
31.86 -0.699579 -1.3037 -2.20449 -3.21857 -2.73473 -3.46138 -3.18815 -0.851213 1.5283 3.52244 4.97011 6.21533 6.01986 4.49258 2.63138 0.453958 -2.72901 -5.67718 -6.11428 -6.45227 -7.05548 -5.5039 -3.89581
31.91 -0.680982 -1.28343 -2.18948 -3.21088 -2.70749 -3.44427 -3.40213 -1.39526 1.33988 3.32172 4.48463 6.15086 6.2272 4.7467 2.9792 0.943487 -1.98243 -5.29858 -6.29719 -6.50081 -6.98417 -5.69315 -4.18766
31.96 -0.664879 -1.26265 -2.17007 -3.19522 -2.67184 -3.4182 -3.56836 -1.84904 0.975803 3.02714 4.114 6.08366 6.39943 4.98449 3.30583 1.37851 -1.32158 -4.69674 -6.38366 -6.68486 -6.85023 -5.83639 -4.46102
32.01 -0.646413 -1.2329 -2.13689 -3.16612 -2.6328 -3.40159 -3.72045 -2.25812 0.546052 2.69249 3.79716 6.0068 6.54012 5.20533 3.60748 1.75454 -0.770716 -3.99149 -6.17835 -6.88028 -6.84188 -5.97455 -4.69954
