50.005 0
50.055 0.000177534
50.105 0.000178777
50.155 0.000183641
50.205 0.000188612
50.255 0.00018989
50.305 0.000186407
50.355 0.000180591
50.405 0.000174606
50.455 0.000165843
50.505 0.00015973
50.555 0.000159589
50.605 0.00016659
50.655 0.000172676
50.705 0.000181017
50.755 0.000187652
50.805 0.000189557
50.855 0.000186939
50.905 0.000181709
50.955 0.000174875
51.005 0.000166731
51.055 0.000159641
51.105 0.000168508
51.155 0.000185392
51.205 0.000191994
51.255 0.000184973
51.305 0.000174359
51.355 0.000162425
51.405 0.000150208
51.455 0.000137905
51.505 0.000125853
51.555 0.000111249
51.605 0.000108857
51.655 0.000111117
51.705 0.000117352
51.755 0.000129595
51.805 0.00014708
51.855 0.000163313
51.905 0.000168575
51.955 0.00016736
52.005 0.000160291
52.055 0.000150761
52.105 0.000149055
52.155 0.000149494
52.205 0.000151706
52.255 0.000157818
52.305 0.000169197
52.355 0.000182038
52.405 0.000191186
52.455 0.00019329
52.505 0.000188324
52.555 0.000182101
52.605 0.000179819
52.655 0.000178968
52.705 0.000177693
52.755 0.000178256
52.805 0.000182627
52.855 0.000187921
52.905 0.000190018
52.955 0.000187336
53.005 0.000181683
53.055 0.00017562
53.105 0.000167431
53.155 0.000160417
53.205 0.000159128
53.255 0.000164764
53.305 0.000171381
53.355 0.000179529
53.405 0.000186773
53.455 0.000189594
53.505 0.000187655
53.555 0.000182756
53.605 0.00017639
53.655 0.000168103
53.705 0.000160756
53.755 0.000164634
53.805 0.000183107
53.855 0.00019132
53.905 0.00018664
53.955 0.00017638
54.005 0.000164597
54.055 0.000152366
54.105 0.000140113
54.155 0.000127996
54.205 0.000113941
54.255 0.000108939
54.305 0.000110308
54.355 0.000115828
54.405 0.000126974
54.455 0.000143734
54.505 0.000162058
54.555 0.000168052
54.605 0.000168072
54.655 0.000161856
54.705 0.000150977
54.755 0.000149134
54.805 0.000149319
54.855 0.000151119
54.905 0.000156316
54.955 0.000166909
55.005 0.000179883
55.055 0.000190028
55.105 0.000193486
55.155 0.000189594
55.205 0.00018252
55.255 0.000180067
55.305 0.000179011
55.355 0.000177943
55.405 0.00017787
55.455 0.000181645
55.505 0.00018712
55.555 0.000189987
55.605 0.000188143
55.655 0.000182739
55.705 0.000176658
55.755 0.000169126
55.805 0.00016129
55.855 0.000158886
55.905 0.000163196
55.955 0.000170247
56.005 0.000178009
56.055 0.000185743
56.105 0.000189473
56.155 0.000188279
56.205 0.00018376
56.255 0.000177646
56.305 0.000169517
56.355 0.000161956
56.405 0.000159995
56.455 0.000180232
56.505 0.000190399
56.555 0.00018824
56.605 0.000178353
56.655 0.000166755
56.705 0.000154536
56.755 0.000142348
56.805 0.000130106
56.855 0.000116712
56.905 0.000109072
56.955 0.000109684
57.005 0.000114508
57.055 0.000124543
57.105 0.000140451
57.155 0.000159026
57.205 0.000167315
57.255 0.000168581
57.305 0.00016331
57.355 0.00015241
57.405 0.00014934
57.455 0.000149214
57.505 0.000150634
57.555 0.000155004
57.605 0.000164701
57.655 0.000177637
57.705 0.000188641
57.755 0.000193427
57.805 0.000190725
57.855 0.00018298
57.905 0.000180399
57.955 0.0001791
58.005 0.000178276
58.055 0.000177617
58.105 0.000180724
58.155 0.000186229
58.205 0.000189799
58.255 0.000188817
58.305 0.00018372
58.355 0.000177722
58.405 0.000170894
58.455 0.000162339
58.505 0.000158854
58.555 0.000161883
58.605 0.000169331
58.655 0.000176486
58.705 0.000184577
58.755 0.000189188
58.805 0.000188797
58.855 0.000184716
58.905 0.000178805
58.955 0.000170964
59.005 0.000163228
59.055 0.000157224
59.105 0.0001772
59.155 0.000189238
59.205 0.000189788
59.255 0.000180268
59.305 0.000168893
59.355 0.000156713
59.405 0.000144612
59.455 0.000132233
59.505 0.000119553
59.555 0.000109148
59.605 0.000109243
59.655 0.000113397
59.705 0.000122306
59.755 0.000137267
59.805 0.00015583
59.855 0.000166383
59.905 0.000168877
59.955 0.000164636
60.005 0.000154666
60.055 0.000149667
60.105 0.000149199
60.155 0.000150234
60.205 0.000153878
60.255 0.000162602
60.305 0.000175328
60.355 0.000187044
60.405 0.000193099
60.455 0.000191693
60.505 0.000184536
60.555 0.00018081
60.605 0.000179242
60.655 0.000178692
60.705 0.000177492
60.755 0.000179889
60.805 0.000185271
60.855 0.00018946
60.905 0.00018935
60.955 0.000184681
61.005 0.000178809
61.055 0.000172674
61.105 0.000163554
61.155 0.000159028
61.205 0.000160815
61.255 0.000168722
61.305 0.000174992
61.355 0.000183294
61.405 0.000188738
61.455 0.000189198
61.505 0.000185618
61.555 0.000179939
61.605 0.000172442
61.655 0.000164555
61.705 0.000158055
61.755 0.000174029
61.805 0.000187874
61.855 0.000191343
61.905 0.000182122
61.955 0.000171007
62.005 0.000158897
62.055 0.000146754
62.105 0.000134383
62.155 0.000122454
62.205 0.000108971
62.255 0.000108971
62.305 0.000112505
62.355 0.000120252
62.405 0.000134213
62.455 0.000152527
62.505 0.000165288
62.555 0.000168948
62.605 0.000165814
62.655 0.000156895
62.705 0.000150079
62.755 0.000149175
62.805 0.000149903
62.855 0.000152926
62.905 0.000160641
62.955 0.000172985
63.005 0.00018526
63.055 0.000192537
63.105 0.000192476
63.155 0.000186044
63.205 0.000181285
63.255 0.000179448
63.305 0.000178988
63.355 0.000177484
63.405 0.000179163
63.455 0.000184269
63.505 0.000188977
63.555 0.000189731
63.605 0.000185777
63.655 0.000179909
63.705 0.000173993
63.755 0.000164924
63.805 0.000159401
63.855 0.000159986
63.905 0.00016785
63.955 0.00017354
64.005 0.000181913
64.055 0.00018812
64.105 0.000189462
64.155 0.000186457
64.205 0.000181043
64.255 0.000173941
64.305 0.000165905
64.355 0.000159002
64.405 0.000170695
64.455 0.000186362
64.505 0.000192287
64.555 0.000183908
64.605 0.000173092
64.655 0.00016108
64.705 0.000148884
64.755 0.000136553
64.805 0.000124552
64.855 0.000109629
64.905 0.000108858
64.955 0.000111716
65.005 0.000118399
65.055 0.000131309
65.105 0.000149167
65.155 0.000164082
65.205 0.000168791
65.255 0.000166826
65.305 0.000159075
65.355 0.00015052
65.405 0.000149068
65.455 0.000149633
65.505 0.00015213
65.555 0.000158842
65.605 0.000170638
65.655 0.000183313
65.705 0.000191781
65.755 0.000193049
65.805 0.000187482
65.855 0.000181792
65.905 0.000179702
65.955 0.000178962
66.005 0.000177582
66.055 0.000178561
66.105 0.00018325
66.155 0.000188361
66.205 0.000189957
66.255 0.000186774
66.305 0.00018101
66.355 0.00017499
66.405 0.000166435
66.455 0.000159971
66.505 0.000159388
66.555 0.000165864
66.605 0.000172167
66.655 0.000180458
66.705 0.000187338
66.755 0.000189592
66.805 0.000187224
66.855 0.000182114
66.905 0.000175454
66.955 0.00016725
67.005 0.000160056
67.055 0.000167102
67.105 0.000184796
67.155 0.00019177
67.205 0.00018562
67.255 0.000175138
67.305 0.000163258
67.355 0.000151032
67.405 0.000138747
67.455 0.000126666
67.505 0.000112268
67.555 0.000108879
67.605 0.000110789
67.655 0.000116749
67.705 0.000128576
67.755 0.000145803
67.805 0.000162848
67.855 0.000168406
67.905 0.000167658
67.955 0.000160902
68.005 0.000150881
68.055 0.000149071
68.105 0.00014942
68.155 0.000151469
68.205 0.000157223
68.255 0.000168318
68.305 0.000181229
68.355 0.000190773
68.405 0.000193395
68.455 0.000188823
68.505 0.000182275
68.555 0.000179903
68.605 0.000178978
68.655 0.000177776
68.705 0.000178091
68.755 0.000182246
68.805 0.000187625
68.855 0.000190023
68.905 0.000187658
68.955 0.000182091
69.005 0.000176012
69.055 0.000168067
69.105 0.000160729
69.155 0.000159012
69.205 0.000164137
69.255 0.000170927
69.305 0.000178954
69.355 0.0001864
69.405 0.000189569
69.455 0.000187906
69.505 0.000183145
69.555 0.000176919
69.605 0.000168639
69.655 0.000161205
69.705 0.000162997
69.755 0.000182032
69.805 0.000191001
69.855 0.000187259
69.905 0.000177141
69.955 0.000165425
70.005 0.000153195
70.055 0.000140965
70.105 0.000128801
70.155 0.000114991
70.205 0.000108993
70.255 0.000110051
70.305 0.000115303
70.355 0.000126027
70.405 0.000142476
70.455 0.00016093
70.505 0.000167801
70.555 0.000168296
70.605 0.000162428
70.655 0.000151016
70.705 0.0001492
70.755 0.000149271
70.805 0.000150924
70.855 0.000155794
70.905 0.000166057
70.955 0.000179037
71.005 0.000189526
71.055 0.000193495
71.105 0.000190043
71.155 0.00018264
71.205 0.000180184
71.255 0.000179038
71.305 0.000178059
71.355 0.000177757
71.405 0.000181283
71.455 0.000186788
71.505 0.000189932
71.555 0.000188415
71.605 0.000183122
71.655 0.000177061
71.705 0.000169795
71.755 0.00016167
71.805 0.00015885
71.855 0.000162667
71.905 0.00016987
71.955 0.00017743
72.005 0.000185316
72.055 0.000189387
72.105 0.000188492
72.155 0.000184132
72.205 0.000178091
72.255 0.000170066
72.305 0.000162434
72.355 0.000157829
72.405 0.00017909
72.455 0.000189983
72.505 0.000188834
72.555 0.000179091
72.605 0.000167575
72.655 0.000155368
72.705 0.00014321
72.755 0.000130917
72.805 0.000117789
72.855 0.000109127
72.905 0.000109499
72.955 0.000114063
73.005 0.000123671
73.055 0.000139228
73.105 0.000157829
73.155 0.000166987
73.205 0.000168725
73.255 0.000163836
73.305 0.000153274
73.355 0.000149452
73.405 0.000149198
73.455 0.000150474
73.505 0.000154554
73.555 0.000163887
73.605 0.000176764
73.655 0.000188056
73.705 0.000193335
73.755 0.000191115
73.805 0.000183577
73.855 0.000180546
73.905 0.000179146
73.955 0.000178425
74.005 0.000177554
74.055 0.000180392
74.105 0.000185869
74.155 0.000189686
74.205 0.000189037
74.255 0.000184063
74.305 0.000178134
74.355 0.000171579
74.405 0.000162783
74.455 0.000158896
74.505 0.000161447
74.555 0.000169062
74.605 0.000175914
74.655 0.000184104
74.705 0.00018904
74.755 0.000188968
74.805 0.000185069
74.855 0.000179241
74.905 0.000171526
74.955 0.000163729
75.005 0.000157528
75.055 0.000176007
75.105 0.000188741
75.155 0.000190383
75.205 0.000180986
75.255 0.000169706
75.305 0.00015755
75.355 0.00014545
75.405 0.000133054
75.455 0.000120655
75.505 0.000109123
75.555 0.00010912
75.605 0.000113034
75.655 0.000121503
75.705 0.000136091
75.755 0.000154585
75.805 0.000165988
75.855 0.000168935
75.905 0.000165107
75.955 0.000155522
76.005 0.000149813
76.055 0.000149223
76.105 0.000150101
76.155 0.000153496
76.205 0.000161837
76.255 0.000174438
76.305 0.000186385
76.355 0.000192899
76.405 0.000192015
76.455 0.000185118
76.505 0.000180983
76.555 0.000179311
76.605 0.00017887
76.655 0.000177474
76.705 0.000179597
76.755 0.000184891
76.805 0.000189291
76.855 0.000189512
76.905 0.00018511
76.955 0.000179227
77.005 0.000173336
77.055 0.000164059
77.105 0.000159147
77.155 0.000160472
77.205 0.000168595
77.255 0.000174439
77.305 0.00018278
77.355 0.000188525
77.405 0.000189317
77.455 0.000185948
77.505 0.000180365
77.555 0.000173013
77.605 0.000165072
77.655 0.000158404
77.705 0.000172784
77.755 0.000187311
77.805 0.000191958
77.855 0.000182815
77.905 0.00017181
77.955 0.000159733
78.005 0.000147567
78.055 0.000135211
78.105 0.000123263
78.155 0.000108752
78.205 0.000108911
78.255 0.000112227
78.305 0.000119524
78.355 0.00013309
78.405 0.000151254
78.455 0.000164841
78.505 0.000168919
78.555 0.000166223
78.605 0.000157736
78.655 0.000150249
78.705 0.000149122
78.755 0.000149793
78.805 0.000152606
78.855 0.000159935
78.905 0.00017209
78.955 0.000184535
79.005 0.00019228
79.055 0.00019272
79.105 0.000186602
79.155 0.000181475
79.205 0.000179545
79.255 0.000178971
79.305 0.000177508
79.355 0.000178916
79.405 0.000183879
79.455 0.000188755
79.505 0.000189835
79.555 0.00018617
79.605 0.00018033
79.655 0.00017437
79.705 0.000165485
79.755 0.000159597
79.805 0.000159733
79.855 0.000167064
79.905 0.000173006
79.955 0.000181368
80.005 0.000187843
80.055 0.000189531
80.105 0.000186761
80.155 0.000181457
80.205 0.000174518
80.255 0.000166413
80.305 0.000159393
80.355 0.000169377
80.405 0.000185767
80.455 0.000192123
80.505 0.000184573
80.555 0.00017388
80.605 0.000161915
80.655 0.000149705
80.705 0.00013739
80.755 0.000125355
80.805 0.000110627
80.855 0.000108854
80.905 0.000111342
80.955 0.000117749
81.005 0.00013025
81.055 0.000147887
81.105 0.000163614
81.155 0.000168675
81.205 0.00016717
81.255 0.000159894
81.305 0.000150683
81.355 0.000149056
81.405 0.000149545
81.455 0.000151864
81.505 0.000158204
81.555 0.000169749
81.605 0.000182533
81.655 0.000191426
81.705 0.000193209
81.755 0.000188006
81.805 0.000181983
81.855 0.000179769
81.905 0.000178962
81.955 0.000177643
82.005 0.000178364
82.055 0.000182862
82.105 0.000188092
82.155 0.000189999
82.205 0.000187124
82.255 0.000181426
82.305 0.000175377
82.355 0.000167044
82.405 0.000160239
82.455 0.00015922
82.505 0.000165176
82.555 0.000171678
82.605 0.00017989
82.655 0.000187
82.705 0.000189604
82.755 0.000187496
82.805 0.000182513
82.855 0.000176032
82.905 0.000167775
82.955 0.000160484
83.005 0.000165614
83.055 0.000183769
83.105 0.000191508
83.155 0.000186254
83.205 0.000175909
83.255 0.000164088
83.305 0.000151858
83.355 0.000139592
83.405 0.000127491
83.455 0.000113298
83.505 0.000108919
83.555 0.000110488
83.605 0.000116176
83.655 0.000127585
83.705 0.000144531
83.755 0.000162409
83.805 0.000168206
83.855 0.00016793
83.905 0.000161501
83.955 0.000150972
84.005 0.000149107
84.055 0.000149356
84.105 0.00015125
84.155 0.000156657
84.205 0.000167448
84.255 0.000180405
84.305 0.000190325
84.355 0.000193463
84.405 0.000189304
84.455 0.00018244
84.505 0.00018
84.555 0.000178995
84.605 0.000177873
84.655 0.000177946
84.705 0.00018187
84.755 0.000187316
84.805 0.000190006
84.855 0.000187961
84.905 0.000182491
84.955 0.000176409
85.005 0.000168717
85.055 0.000161067
85.105 0.000158925
85.155 0.000163547
85.205 0.000170502
85.255 0.000178376
85.305 0.000186006
85.355 0.000189522
85.405 0.000188144
85.455 0.000183529
85.505 0.00017737
85.555 0.000169179
85.605 0.000161666
85.655 0.000161168
85.705 0.000180927
85.755 0.000190641
85.805 0.000187868
85.855 0.000177894
85.905 0.00016625
85.955 0.000154025
86.005 0.00014182
86.055 0.000129608
86.105 0.000116051
86.155 0.000109053
86.205 0.000109821
86.255 0.000114809
86.305 0.00012511
86.355 0.000141231
86.405 0.000159773
86.455 0.000167519
86.505 0.000168489
86.555 0.000162983
86.605 0.000151877
86.655 0.000149281
86.705 0.000149234
86.755 0.000150743
86.805 0.0001553
86.855 0.000165218
86.905 0.000178179
86.955 0.000188991
87.005 0.000193466
87.055 0.00019047
87.105 0.000182718
87.155 0.000180312
87.205 0.000179073
87.255 0.000178188
87.305 0.000177663
87.355 0.000180932
87.405 0.000186445
87.455 0.000189855
87.505 0.000188669
87.555 0.000183495
87.605 0.000177468
87.655 0.000170475
87.705 0.000162074
87.755 0.000158843
87.805 0.000162173
87.855 0.000169531
87.905 0.000176852
87.955 0.000184872
88.005 0.000189277
88.055 0.00018869
88.105 0.000184498
88.155 0.000178534
88.205 0.00017062
88.255 0.000162922
88.305 0.000157047
88.355 0.000177931
88.405 0.000189536
88.455 0.000189431
88.505 0.000179825
88.555 0.000168394
88.605 0.000156203
88.655 0.000144078
88.705 0.000131732
88.755 0.000118878
88.805 0.000109145
88.855 0.000109337
88.905 0.000113648
88.955 0.000122828
89.005 0.00013802
89.055 0.00015661
89.105 0.00016663
89.155 0.000168835
89.205 0.00016434
89.255 0.000154136
89.305 0.000149578
89.355 0.000149195
89.405 0.000150324
89.455 0.000154131
89.505 0.00016309
89.555 0.000175882
89.605 0.000187442
89.655 0.000193202
89.705 0.00019148
89.755 0.00018417
89.805 0.000180703
89.855 0.000179201
89.905 0.000178584
89.955 0.000177508
90.005 0.000180075
90.055 0.0001855
90.105 0.000189551
90.155 0.000189235
90.205 0.000184407
90.255 0.000178549
90.305 0.000172257
90.355 0.000163252
90.405 0.000158969
90.455 0.000161048
90.505 0.000168839
90.555 0.000175347
90.605 0.000183614
90.655 0.000188866
90.705 0.000189119
90.755 0.000185413
90.805 0.000179675
90.855 0.000172091
90.905 0.000164238
90.955 0.000157849
91.005 0.0001748
91.055 0.000188216
91.105 0.000190979
91.155 0.000181695
91.205 0.000170515
91.255 0.000158386
91.305 0.000146258
91.355 0.000133876
91.405 0.000121765
91.455 0.000109038
91.505 0.000109024
91.555 0.000112701
91.605 0.000120727
91.655 0.000134932
91.705 0.000153326
91.755 0.000165568
91.805 0.000168959
91.855 0.000165554
91.905 0.000156372
91.955 0.000149977
92.005 0.000149216
92.055 0.000149977
92.105 0.000153138
92.155 0.000161094
92.205 0.000173544
92.255 0.0001857
92.305 0.000192679
92.355 0.000192309
92.405 0.000185691
92.455 0.000181165
92.505 0.00017939
92.555 0.000178998
92.605 0.000177472
92.655 0.000179321
92.705 0.000184505
92.755 0.0001891
92.805 0.000189652
92.855 0.000185525
92.905 0.000179647
92.955 0.000173759
93.005 0.000164587
93.055 0.000159296
93.105 0.000160164
93.155 0.000168363
93.205 0.000173885
93.255 0.000182253
93.305 0.000188287
93.355 0.000189416
93.405 0.000186268
93.455 0.000180786
93.505 0.000173586
93.555 0.000165592
93.605 0.000158769
93.655 0.000171517
93.705 0.000186734
93.755 0.000192378
93.805 0.000183497
93.855 0.000172606
93.905 0.000160569
93.955 0.000148383
94.005 0.000136042
94.055 0.00012406
94.105 0.000109021
94.155 0.000108876
94.205 0.000111969
94.255 0.000118826
94.305 0.00013199
94.355 0.000149975
94.405 0.000164384
94.455 0.000168858
94.505 0.000166609
94.555 0.000158569
94.605 0.000150429
94.655 0.000149087
94.705 0.000149693
94.755 0.000152308
94.805 0.000159255
94.855 0.000171195
94.905 0.000183789
94.955 0.000191985
95.005 0.000192934
95.055 0.000187148
95.105 0.000181671
95.155 0.000179656
95.205 0.000178962
95.255 0.000177546
95.305 0.000178689
95.355 0.000183488
95.405 0.000188515
95.455 0.000189915
95.505 0.000186546
95.555 0.000180749
95.605 0.000174751
95.655 0.000166065
95.705 0.00015982
95.755 0.000159512
95.805 0.000166315
95.855 0.000172486
95.905 0.000180813
95.955 0.000187544
96.005 0.000189579
96.055 0.000187053
96.105 0.000181866
96.155 0.000175096
96.205 0.000166928
96.255 0.000159799
96.305 0.000167987
96.355 0.000185172
96.405 0.000191919
96.455 0.000185223
96.505 0.000174661
96.555 0.000162747
96.605 0.000150526
96.655 0.000138229
96.705 0.000126165
96.755 0.000111637
96.805 0.000108872
96.855 0.000110997
96.905 0.000117128
96.955 0.000129216
97.005 0.000146608
97.055 0.000163152
97.105 0.000168528
97.155 0.000167487
97.205 0.000160532
97.255 0.000150819
97.305 0.000149063
97.355 0.000149467
97.405 0.000151617
97.455 0.000157593
97.505 0.000168866
97.555 0.000181736
97.605 0.000191036
97.655 0.000193335
97.705 0.000188515
97.755 0.000182173
97.805 0.000179848
97.855 0.000178969
97.905 0.00017772
97.955 0.000178188
98.005 0.000182478
98.055 0.000187807
98.105 0.00019002
98.155 0.000187458
98.205 0.000181837
98.255 0.000175768
98.305 0.00016767
98.355 0.000160533
98.405 0.000159083
98.455 0.000164526
98.505 0.000171211
98.555 0.000179319
98.605 0.000186642
98.655 0.000189594
98.705 0.000187757
98.755 0.000182907
98.805 0.000176611
98.855 0.000168307
98.905 0.000160926
98.955 0.000164017
99.005 0.000182705
99.055 0.000191207
99.105 0.000186881
99.155 0.000176675
99.205 0.000164918
99.255 0.000152686
99.305 0.000140442
99.355 0.000128306
99.405 0.000114341
99.455 0.000108968
99.505 0.000110213
99.555 0.000115634
99.605 0.000126622
99.655 0.000143269
99.705 0.000161648
99.755 0.000167974
99.805 0.000168172
99.855 0.000162083
99.905 0.000150983
99.955 0.000149158
100.005 0.000149302
100.055 0.000151046
100.105 0.000156118
100.155 0.000166588
100.205 0.000179567
100.255 0.000189844
100.305 0.000193495
100.355 0.000189766
100.405 0.00018257
100.455 0.000180108
100.505 0.000179018
100.555 0.000177982
100.605 0.000177821
100.655 0.000181503
100.705 0.000186992
100.755 0.000189966
100.805 0.000188246
100.855 0.000182884
100.905 0.00017681
100.955 0.00016938
101.005 0.000161431
101.055 0.00015887
101.105 0.000162994
101.155 0.000170106
101.205 0.000177797
101.255 0.000185592
101.305 0.000189451
101.355 0.000188367
101.405 0.000183905
101.455 0.000177817
101.505 0.000169726
101.555 0.000162138
101.605 0.000159183
101.655 0.000179803
101.705 0.000190249
101.755 0.000188473
101.805 0.000178641
101.855 0.000167074
101.905 0.000154858
101.955 0.000142681
102.005 0.000130419
102.055 0.000117124
102.105 0.000109096
102.155 0.000109616
102.205 0.000114344
102.255 0.000124219
102.305 0.000139998
102.355 0.000158589
102.405 0.000167206
102.455 0.000168651
102.505 0.000163519
102.555 0.00015274
102.605 0.000149381
102.655 0.000149208
102.705 0.000150574
102.755 0.000154833
102.805 0.000164393
102.855 0.00017731
102.905 0.000188425
102.955 0.000193398
103.005 0.000190875
103.055 0.000183205
103.105 0.00018045
103.155 0.000179114
103.205 0.000178328
103.255 0.000177588
103.305 0.000180593
103.355 0.00018609
103.405 0.000189755
103.455 0.0001889
103.505 0.000183855
103.555 0.000177878
103.605 0.000171153
103.655 0.000162505
103.705 0.000158869
103.755 0.000161717
103.805 0.000169231
103.855 0.000176276
103.905 0.000184409
103.955 0.000189143
104.005 0.00018887
104.055 0.000184855
104.105 0.000178973
104.155 0.000171179
104.205 0.000163419
104.255 0.000157339
104.305 0.000176758
104.355 0.000189059
104.405 0.000190023
104.455 0.000180549
104.505 0.00016921
104.555 0.000157038
104.605 0.000144951
104.655 0.000132551
104.705 0.000119974
104.755 0.000109141
104.805 0.000109198
104.855 0.000113263
104.905 0.000122007
104.955 0.00013683
105.005 0.000155373
105.055 0.000166248
105.105 0.000168913
105.155 0.000164824
105.205 0.000154996
105.255 0.000149723
105.305 0.000149207
105.355 0.000150184
105.405 0.000153733
105.455 0.000162312
105.505 0.000174994
105.555 0.000186799
105.605 0.000193029
105.655 0.000191819
105.705 0.000184756
105.755 0.000180871
105.805 0.000179264
105.855 0.000178754
105.905 0.000177479
105.955 0.000179772
106.005 0.000185123
106.055 0.000189394
106.105 0.000189411
106.155 0.000184843
106.205 0.000178967
106.255 0.000172922
106.305 0.000163744
106.355 0.000159072
106.405 0.000160684
106.455 0.000168666
106.505 0.000174788
106.555 0.000183109
106.605 0.000188667
106.655 0.000189251
106.705 0.000185748
106.755 0.000180103
106.805 0.000172659
106.855 0.000164752
106.905 0.000158187
106.955 0.000173568
107.005 0.000187669
107.055 0.000191575
107.105 0.000182392
107.155 0.000171318
107.205 0.000159221
107.255 0.000147068
107.305 0.000134702
107.355 0.000122774
107.405 0.000108903
107.455 0.000108952
107.505 0.000112402
107.555 0.000119981
107.605 0.000133795
107.655 0.000152058
107.705 0.000165134
107.755 0.000168953
107.805 0.000165981
107.855 0.00015722
107.905 0.000150152
107.955 0.000149157
108.005 0.000149863
108.055 0.000152805
108.105 0.000160374
108.155 0.000172649
108.205 0.00018499
108.255 0.000192446
108.305 0.000192573
108.355 0.000186256
108.405 0.000181356
108.455 0.000179481
108.505 0.000178978
108.555 0.000177487
108.605 0.000179064
108.655 0.000184117
108.705 0.000188891
108.755 0.00018977
108.805 0.000185926
108.855 0.000180067
108.905 0.000174135
108.955 0.000165135
109.005 0.000159474
109.055 0.000159889
109.105 0.000167553
109.155 0.000173342
109.205 0.000181715
109.255 0.000188026
109.305 0.000189497
109.355 0.000186578
109.405 0.000181203
109.455 0.000174161
109.505 0.000166098
109.555 0.00015915
109.605 0.000170199
109.655 0.000186142
109.705 0.000192234
109.755 0.000184166
109.805 0.000173397
109.855 0.000161403
109.905 0.000149201
109.955 0.000136876
