50.005 0
50.055 0.000123419
50.105 0.000129865
50.155 0.000148081
50.205 0.000186348
50.255 0.000225807
50.305 0.000237451
50.355 0.000228099
50.405 0.00021621
50.455 0.000209858
50.505 0.000213368
50.555 0.000232246
50.605 0.000259378
50.655 0.000271709
50.705 0.000263391
50.755 0.000248236
50.805 0.00024427
50.855 0.000270314
50.905 0.000305975
50.955 0.000312202
51.005 0.000292041
51.055 0.000264484
51.105 0.00023638
51.155 0.000213159
51.205 0.000202652
51.255 0.00020534
51.305 0.000215267
51.355 0.000224952
51.405 0.000233948
51.455 0.000243915
51.505 0.000253996
51.555 0.000260992
51.605 0.000258836
51.655 0.000248894
51.705 0.000233311
51.755 0.000215392
51.805 0.000197252
51.855 0.000180373
51.905 0.00016614
51.955 0.000155383
52.005 0.000147528
52.055 0.000141017
52.105 0.000134653
52.155 0.000128363
52.205 0.00012352
52.255 0.0001214
52.305 0.000122063
52.355 0.000126081
52.405 0.000137457
52.455 0.00016644
52.505 0.000210538
52.555 0.000235713
52.605 0.000233604
52.655 0.000221299
52.705 0.000211842
52.755 0.000210173
52.805 0.000221419
52.855 0.000247274
52.905 0.000268866
52.955 0.000269595
53.005 0.000254665
53.055 0.000243065
53.105 0.000255022
53.155 0.000291236
53.205 0.000313912
53.255 0.000303155
53.305 0.000277419
53.355 0.000249484
53.405 0.000222925
53.455 0.000205649
53.505 0.000202559
53.555 0.000210471
53.605 0.000220645
53.655 0.000229761
53.705 0.000239177
53.755 0.000249491
53.805 0.000258444
53.855 0.000260837
53.905 0.000254362
53.955 0.000240992
54.005 0.00022376
54.055 0.000205551
54.105 0.000187909
54.155 0.000172299
54.205 0.000159913
54.255 0.000150884
54.305 0.000143952
54.355 0.000137608
54.405 0.000131203
54.455 0.000125451
54.505 0.000122047
54.555 0.000121386
54.605 0.000123728
54.655 0.000130714
54.705 0.00015033
54.755 0.0001899
54.805 0.000227785
54.855 0.000237189
54.905 0.000227106
54.955 0.000215461
55.005 0.000209708
55.055 0.000214217
55.105 0.00023433
55.155 0.000261119
55.205 0.000271729
55.255 0.000262161
55.305 0.000247382
55.355 0.000245308
55.405 0.000273276
55.455 0.000307818
55.505 0.000311296
55.555 0.000290016
55.605 0.000262315
55.655 0.000234318
55.705 0.00021182
55.755 0.000202466
55.805 0.000205994
55.855 0.000216063
55.905 0.000225652
55.955 0.000234674
56.005 0.000244723
56.055 0.000254705
56.105 0.000261116
56.155 0.000258332
56.205 0.000247847
56.255 0.000231961
56.305 0.000213973
56.355 0.000195879
56.405 0.000179158
56.455 0.000165179
56.505 0.000154688
56.555 0.000146997
56.605 0.00014053
56.655 0.000134158
56.705 0.000127914
56.755 0.000123261
56.805 0.000121352
56.855 0.000122248
56.905 0.0001266
56.955 0.000138943
57.005 0.000169584
57.055 0.000213372
57.105 0.0002365
57.155 0.000232759
57.205 0.000220369
57.255 0.000211376
57.305 0.000210493
57.355 0.000222989
57.405 0.000249445
57.455 0.000269679
57.505 0.000268898
57.555 0.000253454
57.605 0.000242651
57.655 0.000257249
57.705 0.000294092
57.755 0.000314141
57.805 0.000301449
57.855 0.000275256
57.905 0.000247186
57.955 0.000221147
58.005 0.000204923
58.055 0.000202867
58.105 0.000211277
58.155 0.000221389
58.205 0.000230453
58.255 0.000239963
58.305 0.000250279
58.355 0.000258979
58.405 0.000260626
58.455 0.000253544
58.505 0.000239751
58.555 0.000222364
58.605 0.000204142
58.655 0.000186607
58.705 0.000171211
58.755 0.000159101
58.805 0.000150294
58.855 0.000143455
58.905 0.000137115
58.955 0.000130715
59.005 0.000125088
59.055 0.000121903
59.105 0.000121456
59.155 0.000124053
59.205 0.000131629
59.255 0.00015271
59.305 0.00019346
59.355 0.000229534
59.405 0.000236805
59.455 0.000226105
59.505 0.000214746
59.555 0.000209617
59.605 0.000215166
59.655 0.000236436
59.705 0.000262737
59.755 0.000271617
59.805 0.000260896
59.855 0.000246597
59.905 0.000246539
59.955 0.000276289
60.005 0.000309422
60.055 0.000310229
60.105 0.000287952
60.155 0.00026015
60.205 0.000232298
60.255 0.00021057
60.305 0.000202277
60.355 0.00020669
60.405 0.000216855
60.455 0.00022635
60.505 0.000235413
60.555 0.000245534
60.605 0.000255398
60.655 0.000261191
60.705 0.000257782
60.755 0.000246769
60.805 0.000230599
60.855 0.000212554
60.905 0.000194512
60.955 0.000177957
61.005 0.000164237
61.055 0.000154007
61.105 0.000146469
61.155 0.000140038
61.205 0.000133656
61.255 0.000127468
61.305 0.000123013
61.355 0.000121312
61.405 0.000122442
61.455 0.000127152
61.505 0.000140538
61.555 0.00017282
61.605 0.000216105
61.655 0.000237131
61.705 0.000231866
61.755 0.000219465
61.805 0.000210964
61.855 0.000210901
61.905 0.00022467
61.955 0.000251582
62.005 0.000270353
62.055 0.000267907
62.105 0.000252282
62.155 0.000242363
62.205 0.000259623
62.255 0.000296812
62.305 0.000314134
62.355 0.000299656
62.405 0.000273083
62.455 0.000244928
62.505 0.000219343
62.555 0.000204287
62.605 0.000203248
62.655 0.000212088
62.705 0.000222125
62.755 0.000231149
62.805 0.000240755
62.855 0.000251056
62.905 0.000259476
62.955 0.000260363
63.005 0.000252681
63.055 0.000238485
63.105 0.000220961
63.155 0.000202735
63.205 0.000185315
63.255 0.00017014
63.305 0.000158306
63.355 0.000149709
63.405 0.000142954
63.455 0.000136615
63.505 0.000130224
63.555 0.000124733
63.605 0.000121765
63.655 0.000121534
63.705 0.000124395
63.755 0.000132618
63.805 0.00015522
63.855 0.000197005
63.905 0.000231102
63.955 0.000236313
64.005 0.000225109
64.055 0.000214076
64.105 0.000209596
64.155 0.000216225
64.205 0.000238592
64.255 0.000264241
64.305 0.000271403
64.355 0.000259623
64.405 0.000245828
64.455 0.000247948
64.505 0.000279338
64.555 0.00031079
64.605 0.000309018
64.655 0.000285856
64.705 0.000257987
64.755 0.000230317
64.805 0.000209403
64.855 0.000202158
64.905 0.000207414
64.955 0.000217637
65.005 0.000227043
65.055 0.000236158
65.105 0.000246341
65.155 0.000256064
65.205 0.000261212
65.255 0.000257179
65.305 0.000245654
65.355 0.000229221
65.405 0.000211132
65.455 0.000193154
65.505 0.000176772
65.555 0.000163315
65.605 0.000153341
65.655 0.000145944
65.705 0.000139542
65.755 0.000133151
65.805 0.000127028
65.855 0.000122776
65.905 0.000121283
65.955 0.000122651
66.005 0.00012775
66.055 0.000142252
66.105 0.000176142
66.155 0.000218729
66.205 0.000237435
66.255 0.000230945
66.305 0.000218597
66.355 0.000210609
66.405 0.000211399
66.455 0.000226458
66.505 0.000253674
66.555 0.000270898
66.605 0.000266851
66.655 0.000251172
66.705 0.000242605
66.755 0.000262146
66.805 0.000299391
66.855 0.00031392
66.905 0.000297801
66.955 0.000270905
67.005 0.000242705
67.055 0.000217643
67.105 0.000203738
67.155 0.000203692
67.205 0.000212896
67.255 0.000222852
67.305 0.000231848
67.355 0.000241549
67.405 0.000251818
67.455 0.00025993
67.505 0.000260045
67.555 0.000251772
67.605 0.000237196
67.655 0.000219551
67.705 0.000201333
67.755 0.000184037
67.805 0.000169091
67.855 0.000157532
67.905 0.000149137
67.955 0.000142456
68.005 0.000136113
68.055 0.000129737
68.105 0.000124392
68.155 0.000121641
68.205 0.000121632
68.255 0.000124768
68.305 0.000133695
68.355 0.000157866
68.405 0.00020053
68.455 0.000232502
68.505 0.000235733
68.555 0.000224124
68.605 0.00021345
68.655 0.000209643
68.705 0.000217389
68.755 0.00024078
68.805 0.000265621
68.855 0.000271092
68.905 0.000258356
68.955 0.000244967
69.005 0.000249499
69.055 0.000282404
69.105 0.00031193
69.155 0.000307688
69.205 0.000283742
69.255 0.000255832
69.305 0.000228377
69.355 0.00020832
69.405 0.000202129
69.455 0.000208162
69.505 0.00021841
69.555 0.000227731
69.605 0.000236909
69.655 0.000247142
69.705 0.000256702
69.755 0.000261184
69.805 0.000256526
69.855 0.000244508
69.905 0.000227832
69.955 0.000209712
70.005 0.000191806
70.055 0.000175608
70.105 0.000162418
70.155 0.000152694
70.205 0.00014543
70.255 0.000139049
70.305 0.000132651
70.355 0.000126605
70.405 0.000122562
70.455 0.000121277
70.505 0.000122888
70.555 0.000128407
70.605 0.000144099
70.655 0.000179546
70.705 0.000221246
70.755 0.000237582
70.805 0.000229998
70.855 0.000217758
70.905 0.000210305
70.955 0.000211981
71.005 0.000228339
71.055 0.000255697
71.105 0.000271308
71.155 0.000265733
71.205 0.000250119
71.255 0.000243028
71.305 0.000264811
71.355 0.000301814
71.405 0.000313519
71.455 0.000295896
71.505 0.000268727
71.555 0.00024052
71.605 0.000216034
71.655 0.00020328
71.705 0.000204198
71.755 0.000213702
71.805 0.000223569
71.855 0.000232552
71.905 0.000242346
71.955 0.000252568
72.005 0.000260346
72.055 0.000259676
72.105 0.000250827
72.155 0.00023589
72.205 0.000218139
72.255 0.000199939
72.305 0.000182776
72.355 0.000168067
72.405 0.000156782
72.455 0.00014858
72.505 0.000141965
72.555 0.000135616
72.605 0.000129262
72.655 0.000124077
72.705 0.000121541
72.755 0.000121758
72.805 0.000125178
72.855 0.000134871
72.905 0.000160652
72.955 0.000204025
73.005 0.000233742
73.055 0.000235075
73.105 0.000223149
73.155 0.000212863
73.205 0.000209755
73.255 0.000218655
73.305 0.000242985
73.355 0.000266861
73.405 0.000270676
73.455 0.000257091
73.505 0.000244215
73.555 0.000251201
73.605 0.000285455
73.655 0.000312835
73.705 0.00030625
73.755 0.000281612
73.805 0.000253687
73.855 0.000226483
73.905 0.000207327
73.955 0.00020219
74.005 0.000208929
74.055 0.000219174
74.105 0.000228418
74.155 0.000237669
74.205 0.000247942
74.255 0.000257317
74.305 0.000261111
74.355 0.00025583
74.405 0.000243336
74.455 0.000226449
74.505 0.000208295
74.555 0.000190471
74.605 0.000174465
74.655 0.000161545
74.705 0.000152064
74.755 0.000144922
74.805 0.00013856
74.855 0.000132156
74.905 0.000126198
74.955 0.00012237
75.005 0.000121295
75.055 0.00012315
75.105 0.000129126
75.155 0.000146081
75.205 0.000183018
75.255 0.000223649
75.305 0.00023758
75.355 0.000229028
75.405 0.000216945
75.455 0.000210048
75.505 0.000212649
75.555 0.000230306
75.605 0.000257634
75.655 0.000271577
75.705 0.000264554
75.755 0.000249122
75.805 0.000243596
75.855 0.000267598
75.905 0.000304057
75.955 0.000312935
76.005 0.000293943
76.055 0.00026655
76.105 0.000238376
76.155 0.000214515
76.205 0.000202915
76.255 0.000204761
76.305 0.000214507
76.355 0.000224281
76.405 0.000233263
76.455 0.000243149
76.505 0.000253307
76.555 0.000260723
76.605 0.000259265
76.655 0.000249847
76.705 0.000234569
76.755 0.000216725
76.805 0.000198553
76.855 0.000181532
76.905 0.000167065
76.955 0.000156053
77.005 0.000148034
77.055 0.000141477
77.105 0.000135122
77.155 0.000128797
77.205 0.000123783
77.255 0.000121462
77.305 0.000121905
77.355 0.000125624
77.405 0.000136148
77.455 0.000163567
77.505 0.000207468
77.555 0.000234825
77.605 0.000234345
77.655 0.000222187
77.705 0.000212315
77.755 0.000209933
77.805 0.000220023
77.855 0.000245193
77.905 0.000267958
77.955 0.000270161
78.005 0.000255833
78.055 0.000243569
78.105 0.000253081
78.155 0.000288462
78.205 0.000313504
78.255 0.000304707
78.305 0.000279466
78.355 0.000251554
78.405 0.000224635
78.455 0.000206425
78.505 0.000202342
78.555 0.000209717
78.605 0.000219934
78.655 0.000229106
78.705 0.000238439
78.755 0.000248738
78.805 0.000257909
78.855 0.000260992
78.905 0.000255094
78.955 0.00024214
79.005 0.000225067
79.055 0.000206881
79.105 0.000189146
79.155 0.00017334
79.205 0.000160694
79.255 0.000151449
79.305 0.00014442
79.355 0.00013807
79.405 0.000131664
79.455 0.000125806
79.505 0.000122195
79.555 0.000121331
79.605 0.000123433
79.655 0.000129906
79.705 0.000148196
79.755 0.000186535
79.805 0.000225923
79.855 0.000237434
79.905 0.00022804
79.955 0.000216163
80.005 0.000209844
80.055 0.000213408
80.105 0.000232356
80.155 0.000259474
80.205 0.000271713
80.255 0.000263325
80.305 0.000248191
80.355 0.000244317
80.405 0.000270482
80.455 0.000306095
80.505 0.000312173
80.555 0.000291945
80.605 0.000264375
80.655 0.000236273
80.705 0.000213089
80.755 0.000202643
80.805 0.000205374
80.855 0.000215309
80.905 0.000224987
80.955 0.000233983
81.005 0.000243955
81.055 0.000254032
81.105 0.000260996
81.155 0.000258805
81.205 0.000248833
81.255 0.000233233
81.305 0.000215309
81.355 0.000197173
81.405 0.000180302
81.455 0.000166084
81.505 0.000155341
81.555 0.000147495
81.605 0.000140988
81.655 0.000134625
81.705 0.000128337
81.755 0.000123504
81.805 0.000121395
81.855 0.000122069
81.905 0.000126103
81.955 0.000137528
82.005 0.000166601
82.055 0.000210686
82.105 0.00023575
82.155 0.000233551
82.205 0.000221242
82.255 0.000211812
82.305 0.000210186
82.355 0.000221499
82.405 0.000247391
82.455 0.000268911
82.505 0.000269558
82.555 0.000254598
82.605 0.000243041
82.655 0.000255141
82.705 0.0002914
82.755 0.000313937
82.805 0.000303072
82.855 0.000277309
82.905 0.000249366
82.955 0.000222834
83.005 0.000205611
83.055 0.000202575
83.105 0.000210514
83.155 0.000220684
83.205 0.000229796
83.255 0.000239216
83.305 0.000249531
83.355 0.00025847
83.405 0.000260822
83.455 0.000254313
83.505 0.00024092
83.555 0.000223679
83.605 0.00020547
83.655 0.000187834
83.705 0.000172236
83.755 0.000159864
83.805 0.000150849
83.855 0.000143921
83.905 0.000137579
83.955 0.000131174
84.005 0.000125428
84.055 0.000122035
84.105 0.000121384
84.155 0.000123738
84.205 0.000130754
84.255 0.000150447
84.305 0.000190082
84.355 0.000227872
84.405 0.000237162
84.455 0.000227046
84.505 0.000215418
84.555 0.0002097
84.605 0.000214266
84.655 0.000234442
84.705 0.000261208
84.755 0.000271725
84.805 0.000262094
84.855 0.000247339
84.905 0.000245373
84.955 0.000273441
85.005 0.000307915
85.055 0.000311247
85.105 0.00028991
85.155 0.000262202
85.205 0.000234211
85.255 0.000211752
85.305 0.00020246
85.355 0.000206031
85.405 0.000216105
85.455 0.000225688
85.505 0.000234711
85.555 0.000244763
85.605 0.000254738
85.655 0.000261115
85.705 0.000258298
85.755 0.000247784
85.805 0.000231882
85.855 0.000213893
85.905 0.000195802
85.955 0.000179089
86.005 0.000165125
86.055 0.000154648
86.105 0.000146965
86.155 0.000140501
86.205 0.000134128
86.255 0.000127887
86.305 0.000123244
86.355 0.000121345
86.405 0.000122253
86.455 0.000126623
86.505 0.00013902
86.555 0.000169748
86.605 0.000213511
86.655 0.000236527
86.705 0.000232706
86.755 0.000220317
86.805 0.000211353
86.855 0.000210514
86.905 0.00022308
86.955 0.000249564
87.005 0.000269722
87.055 0.000268851
87.105 0.000253394
87.155 0.000242636
87.205 0.000257376
87.255 0.000294247
87.305 0.00031415
87.355 0.000301356
87.405 0.000275143
87.455 0.000247065
87.505 0.000221049
87.555 0.000204887
87.605 0.000202885
87.655 0.000211319
87.705 0.000221427
87.755 0.000230488
87.805 0.000240001
87.855 0.000250316
87.905 0.000259001
87.955 0.000260606
88.005 0.000253492
88.055 0.000239678
88.105 0.000222285
88.155 0.000204064
88.205 0.000186535
88.255 0.000171152
88.305 0.000159057
88.355 0.000150261
88.405 0.000143427
88.455 0.000137087
88.505 0.000130688
88.555 0.000125067
88.605 0.000121894
88.655 0.000121458
88.705 0.000124069
88.755 0.000131677
88.805 0.000152838
88.855 0.000193644
88.905 0.000229614
88.955 0.000236775
89.005 0.000226048
89.055 0.000214709
89.105 0.000209614
89.155 0.000215222
89.205 0.000236552
89.255 0.000262824
89.305 0.000271614
89.355 0.000260834
89.405 0.000246564
89.455 0.000246616
89.505 0.000276458
89.555 0.00030951
89.605 0.000310172
89.655 0.000287844
89.705 0.000260035
89.755 0.000232191
89.805 0.000210504
89.855 0.000202267
89.905 0.000206727
89.955 0.000216895
90.005 0.000226385
90.055 0.000235449
90.105 0.000245573
90.155 0.000255429
90.205 0.000261187
90.255 0.000257746
90.305 0.000246705
90.355 0.000230521
90.405 0.000212476
90.455 0.000194439
90.505 0.000177894
90.555 0.000164189
90.605 0.000153973
90.655 0.000146442
90.705 0.000140013
90.755 0.000133631
90.805 0.000127447
90.855 0.000123002
90.905 0.000121313
90.955 0.000122455
91.005 0.000127185
91.055 0.000140628
91.105 0.000172996
91.155 0.000216246
91.205 0.000237148
91.255 0.000231814
91.305 0.000219416
91.355 0.000210942
91.405 0.000210923
91.455 0.000224762
91.505 0.000251696
91.555 0.000270387
91.605 0.000267856
91.655 0.000252225
91.705 0.000242356
91.755 0.000259763
91.805 0.000296965
91.855 0.000314137
91.905 0.000299564
91.955 0.000272969
92.005 0.000244809
92.055 0.000219248
92.105 0.000204254
92.155 0.000203269
92.205 0.00021213
92.255 0.000222163
92.305 0.000231185
92.355 0.000240795
92.405 0.000251095
92.455 0.000259499
92.505 0.000260344
92.555 0.000252631
92.605 0.000238415
92.655 0.000220885
92.705 0.000202661
92.755 0.000185248
92.805 0.000170087
92.855 0.000158268
92.905 0.000149683
92.955 0.000142932
93.005 0.000136593
93.055 0.000130203
93.105 0.000124719
93.155 0.000121764
93.205 0.000121546
93.255 0.000124421
93.305 0.000132678
93.355 0.000155362
93.405 0.000197198
93.455 0.000231181
93.505 0.000236281
93.555 0.000225051
93.605 0.000214037
93.655 0.000209592
93.705 0.00021628
93.755 0.000238704
93.805 0.000264314
93.855 0.000271386
93.905 0.000259554
93.955 0.000245778
94.005 0.000248031
94.055 0.000279507
94.105 0.000310865
94.155 0.000308955
94.205 0.000285746
94.255 0.000257873
94.305 0.000230213
94.355 0.000209343
94.405 0.000202155
94.455 0.000207455
94.505 0.000217679
94.555 0.00022708
94.605 0.000236197
94.655 0.000246383
94.705 0.000256099
94.755 0.000261213
94.805 0.000257146
94.855 0.000245595
94.905 0.000229148
94.955 0.000211058
95.005 0.000193085
95.055 0.000176714
95.105 0.000163272
95.155 0.000153312
95.205 0.000145924
95.255 0.000139523
95.305 0.000133132
95.355 0.000127014
95.405 0.000122774
95.455 0.000121292
95.505 0.000122673
95.555 0.000127791
95.605 0.000142354
95.655 0.00017633
95.705 0.000218871
95.755 0.000237447
95.805 0.000230889
95.855 0.000218545
95.905 0.000210585
95.955 0.000211421
96.005 0.000226549
96.055 0.000253777
96.105 0.000270915
96.155 0.000266784
96.205 0.000251108
96.255 0.000242621
96.305 0.000262287
96.355 0.00029953
96.405 0.000313907
96.455 0.000297702
96.505 0.000270788
96.555 0.000242587
96.605 0.000217555
96.655 0.000203713
96.705 0.00020372
96.755 0.000212941
96.805 0.000222891
96.855 0.000231887
96.905 0.000241593
96.955 0.000251861
97.005 0.000259958
97.055 0.00026003
97.105 0.000251726
97.155 0.00023713
97.205 0.000219479
97.255 0.000201262
97.305 0.000183974
97.355 0.000169041
97.405 0.000157498
97.455 0.000149114
97.505 0.000142437
97.555 0.000136094
97.605 0.00012972
97.655 0.000124384
97.705 0.000121646
97.755 0.000121648
97.805 0.000124797
97.855 0.000133763
97.905 0.000158019
97.955 0.000200725
98.005 0.000232575
98.055 0.000235697
98.105 0.000224065
98.155 0.000213411
98.205 0.000209641
98.255 0.000217448
98.305 0.000240891
98.355 0.000265681
98.405 0.00027106
98.455 0.000258277
98.505 0.000244915
98.555 0.000249579
98.605 0.000282566
98.655 0.000311982
98.705 0.000307611
98.755 0.000283625
98.805 0.000255716
98.855 0.000228274
98.905 0.000208267
98.955 0.000202133
99.005 0.000208206
99.055 0.000218454
99.105 0.00022777
99.155 0.000236952
99.205 0.000247189
99.255 0.000256741
99.305 0.000261187
99.355 0.000256495
99.405 0.000244451
99.455 0.000227762
99.505 0.00020964
99.555 0.000191739
99.605 0.000175552
99.655 0.000162377
99.705 0.000152667
99.755 0.00014541
99.805 0.000139031
99.855 0.000132633
99.905 0.000126591
99.955 0.00012256
100.005 0.000121287
100.055 0.00012291
100.105 0.000128452
100.155 0.000144209
100.205 0.000179738
100.255 0.000221382
100.305 0.000237584
100.355 0.000229942
100.405 0.000217709
100.455 0.000210284
100.505 0.000212009
100.555 0.000228437
100.605 0.000255796
100.655 0.000271315
100.705 0.00026566
100.755 0.000250055
100.805 0.000243047
100.855 0.000264952
100.905 0.000301934
100.955 0.000313485
101.005 0.000295785
101.055 0.000268606
101.105 0.000240403
101.155 0.000215949
101.205 0.000203259
101.255 0.000204229
101.305 0.000213749
101.355 0.00022361
101.405 0.000232593
101.455 0.000242393
101.505 0.000252611
101.555 0.000260372
101.605 0.000259661
101.655 0.00025078
101.705 0.000235825
101.755 0.000218068
101.805 0.00019987
101.855 0.000182715
101.905 0.000168019
101.955 0.00015675
102.005 0.000148558
102.055 0.000141947
102.105 0.000135597
102.155 0.000129245
102.205 0.000124069
102.255 0.000121546
102.305 0.000121774
102.355 0.00012521
102.405 0.000134945
102.455 0.000160813
102.505 0.000204218
102.555 0.000233807
102.605 0.000235036
102.655 0.000223095
102.705 0.000212829
102.755 0.000209758
102.805 0.000218722
102.855 0.000243099
102.905 0.000266918
102.955 0.000270645
103.005 0.000257016
103.055 0.00024417
103.105 0.000251293
103.155 0.000285613
103.205 0.000312871
103.255 0.000306162
103.305 0.000281491
103.355 0.000253568
103.405 0.00022638
103.455 0.000207275
103.505 0.000202197
103.555 0.000208974
103.605 0.000219218
103.655 0.000228457
103.705 0.000237713
103.755 0.000247987
103.805 0.000257354
103.855 0.00026111
103.905 0.000255797
103.955 0.000243277
104.005 0.00022638
104.055 0.000208225
104.105 0.000190406
104.155 0.000174411
104.205 0.000161507
104.255 0.000152039
104.305 0.000144904
104.355 0.000138542
104.405 0.000132139
104.455 0.000126185
104.505 0.00012237
104.555 0.000121307
104.605 0.000123176
104.655 0.000129176
104.705 0.000146201
104.755 0.000183216
104.805 0.000223781
104.855 0.000237578
104.905 0.000228975
104.955 0.0002169
105.005 0.000210032
105.055 0.000212683
105.105 0.000230411
105.155 0.000257731
105.205 0.000271583
105.255 0.000264485
105.305 0.000249067
105.355 0.000243627
105.405 0.000267748
105.455 0.00030417
105.505 0.000312893
105.555 0.000293832
105.605 0.000266428
105.655 0.000238258
105.705 0.000214434
105.755 0.000202896
105.805 0.000204793
105.855 0.000214552
105.905 0.000224321
105.955 0.000233304
106.005 0.000243194
106.055 0.00025335
106.105 0.000260747
106.155 0.000259246
106.205 0.000249799
106.255 0.000234504
106.305 0.000216656
106.355 0.000198486
106.405 0.000181474
106.455 0.000167021
106.505 0.000156024
106.555 0.000148015
106.605 0.000141461
106.655 0.000135105
106.705 0.000128782
106.755 0.000123779
106.805 0.00012147
106.855 0.000121928
106.905 0.000125663
106.955 0.000136233
107.005 0.000163741
107.055 0.000207665
107.105 0.000234888
107.155 0.000234307
107.205 0.000222135
107.255 0.000212283
107.305 0.000209939
107.355 0.000220094
107.405 0.000245305
107.455 0.000268007
107.505 0.000270127
107.555 0.000255762
107.605 0.000243534
107.655 0.000253186
107.705 0.000288622
107.755 0.000313534
107.805 0.00030462
107.855 0.000279348
107.905 0.000251436
107.955 0.000224534
108.005 0.000206377
108.055 0.000202352
108.105 0.00020976
108.155 0.000219976
108.205 0.000229145
108.255 0.000238483
108.305 0.000248786
108.355 0.000257946
108.405 0.000260991
108.455 0.00025506
108.505 0.000242083
108.555 0.000225001
108.605 0.000206813
108.655 0.000189084
108.705 0.00017329
108.755 0.000160659
108.805 0.000151428
108.855 0.000144405
108.905 0.000138056
108.955 0.00013165
109.005 0.000125799
109.055 0.000122201
109.105 0.00012135
109.155 0.000123466
109.205 0.000129965
109.255 0.00014833
109.305 0.000186744
109.355 0.000226059
109.405 0.000237432
109.455 0.000227987
109.505 0.000216117
109.555 0.000209827
109.605 0.000213442
109.655 0.000232459
109.705 0.00025956
109.755 0.000271706
109.805 0.000263249
109.855 0.000248136
109.905 0.000244355
109.955 0.000270639
