0.01 -4.49998 2.13767e-14 1.08479e-07
0.02 -4.49996 1.16914e-13 3.78663e-07
0.03 -4.49994 4.0142e-13 9.70506e-07
0.04 -4.49992 1.39023e-12 3.63284e-06
0.05 -4.4999 4.63098e-12 1.16737e-05
0.06 -4.49988 1.4302e-11 3.35055e-05
0.07 -4.49986 4.07503e-11 8.78733e-05
0.08 -4.49984 1.07791e-10 0.000213721
0.09 -4.49983 2.66857e-10 0.000487059
0.1 -4.49981 6.22909e-10 0.00104805
0.11 -4.49979 1.37942e-09 0.00214183
0.12 -4.49977 2.91264e-09 0.00417585
0.13 -4.49975 5.88807e-09 0.00779401
0.14 -4.49973 1.1434e-08 0.0139617
0.15 -4.49971 2.13854e-08 0.0240449
0.16 -4.4997 3.86052e-08 0.0398487
0.17 -4.49968 6.73731e-08 0.0635617
0.18 -4.49966 1.13807e-07 0.0975373
0.19 -4.49964 1.86246e-07 0.143863
0.2 -4.49962 2.95497e-07 0.203739
0.21 -4.4996 4.54837e-07 0.276827
0.22 -4.49959 6.79707e-07 0.360847
0.23 -4.49957 9.87102e-07 0.451707
0.24 -4.49955 1.39477e-06 0.544234
0.25 -4.49953 1.92036e-06 0.633232
0.26 -4.49951 2.58072e-06 0.714465
0.27 -4.4995 3.39133e-06 0.785203
0.28 -4.49948 4.36604e-06 0.844286
0.29 -4.49946 5.51697e-06 0.891839
0.3 -4.49944 6.85457e-06 0.928852
0.31 -4.49942 8.38779e-06 0.956775
0.32 -4.4994 1.01243e-05 0.977217
0.33 -4.49938 1.20705e-05 0.991739
0.34 -4.49936 1.42322e-05 1.00175
0.35 -4.49934 1.66144e-05 1.00846
0.36 -4.49932 1.92215e-05 1.01286
0.37 -4.4993 2.20577e-05 1.01576
0.38 -4.49928 2.51269e-05 1.01778
0.39 -4.49926 2.84328e-05 1.01942
0.4 -4.49924 3.19794e-05 1.02104
0.41 -4.49922 3.57702e-05 1.02291
0.42 -4.4992 3.98092e-05 1.02522
0.43 -4.49918 4.41004e-05 1.02812
0.44 -4.49916 4.86479e-05 1.03167
0.45 -4.49913 5.34561e-05 1.03595
0.46 -4.49911 5.85295e-05 1.04096
0.47 -4.49909 6.38729e-05 1.04671
0.48 -4.49907 6.94911e-05 1.05318
0.49 -4.49905 7.53895e-05 1.06035
0.5 -4.49903 8.15734e-05 1.06817
0.51 -4.499 8.80484e-05 1.07661
0.52 -4.49898 9.48203e-05 1.08562
0.53 -4.49896 0.000101895 1.09514
0.54 -4.49894 0.000109279 1.10512
0.55 -4.49891 0.000116979 1.11552
0.56 -4.49889 0.000125 1.12628
0.57 -4.49887 0.000133351 1.13734
0.58 -4.49885 0.000142037 1.14865
0.59 -4.49882 0.000151065 1.16018
0.6 -4.4988 0.000160443 1.17186
0.61 -4.49878 0.000170178 1.18365
0.62 -4.49875 0.000180277 1.19552
0.63 -4.49873 0.000190746 1.20741
0.64 -4.49871 0.000201594 1.2193
0.65 -4.49868 0.000212827 1.23114
0.66 -4.49866 0.000224454 1.24291
0.67 -4.49864 0.00023648 1.25457
0.68 -4.49861 0.000248913 1.26611
0.69 -4.49859 0.000261761 1.27748
0.7 -4.49857 0.00027503 1.28868
0.71 -4.49854 0.000288727 1.29968
0.72 -4.49852 0.000302859 1.31047
0.73 -4.4985 0.000317433 1.32103
0.74 -4.49847 0.000332454 1.33134
0.75 -4.49845 0.000347931 1.3414
0.76 -4.49842 0.000363867 1.3512
0.77 -4.4984 0.000380271 1.36073
0.78 -4.49838 0.000397146 1.36998
0.79 -4.49835 0.0004145 1.37896
0.8 -4.49833 0.000432337 1.38765
0.81 -4.49831 0.000450661 1.39606
0.82 -4.49828 0.000469479 1.40418
0.83 -4.49826 0.000488793 1.41202
0.84 -4.49823 0.00050861 1.41958
0.85 -4.49821 0.000528931 1.42685
0.86 -4.49819 0.000549762 1.43385
0.87 -4.49816 0.000571105 1.44057
0.88 -4.49814 0.000592963 1.44702
0.89 -4.49812 0.000615339 1.4532
0.9 -4.4981 0.000638235 1.45912
0.91 -4.49807 0.000661653 1.46478
0.92 -4.49805 0.000685595 1.47019
0.93 -4.49803 0.000710061 1.47535
0.94 -4.49801 0.000735053 1.48026
0.95 -4.49798 0.000760571 1.48493
0.96 -4.49796 0.000786616 1.48938
0.97 -4.49794 0.000813186 1.49359
0.98 -4.49792 0.000840282 1.49758
0.99 -4.4979 0.000867901 1.50135
1 -4.49788 0.000896044 1.50491
1.01 -4.49786 0.000924708 1.50826
1.02 -4.49784 0.00095389 1.5114
1.03 -4.49782 0.000983589 1.51435
1.04 -4.4978 0.0010138 1.5171
1.05 -4.49778 0.00104452 1.51966
1.06 -4.49776 0.00107575 1.52203
1.07 -4.49774 0.00110748 1.52421
1.08 -4.49772 0.00113971 1.52621
1.09 -4.49771 0.00117243 1.52804
1.1 -4.49769 0.00120564 1.52968
1.11 -4.49767 0.00123932 1.53116
1.12 -4.49766 0.00127349 1.53246
1.13 -4.49764 0.00130812 1.53359
1.14 -4.49762 0.00134322 1.53456
1.15 -4.49761 0.00137877 1.53536
1.16 -4.49759 0.00141477 1.53599
1.17 -4.49758 0.00145121 1.53645
1.18 -4.49757 0.00148808 1.53675
1.19 -4.49755 0.00152537 1.53689
1.2 -4.49754 0.00156358 1.53686
1.21 -4.49753 0.00160272 1.53666
1.22 -4.49751 0.00164279 1.5363
1.23 -4.4975 0.00168381 1.53576
1.24 -4.49749 0.00172577 1.53506
1.25 -4.49748 0.00176869 1.53418
1.26 -4.49747 0.00181257 1.53313
1.27 -4.49746 0.00185743 1.5319
1.28 -4.49745 0.00190325 1.5305
1.29 -4.49744 0.00195006 1.5289
1.3 -4.49743 0.00199784 1.52712
1.31 -4.49742 0.00204662 1.52515
1.32 -4.49742 0.00209638 1.52297
1.33 -4.49741 0.00214713 1.5206
1.34 -4.4974 0.00219889 1.51802
1.35 -4.4974 0.00225163 1.51522
1.36 -4.49739 0.00230538 1.5122
1.37 -4.49739 0.00236012 1.50896
1.38 -4.49739 0.00241586 1.50548
1.39 -4.49739 0.0024726 1.50176
1.4 -4.49738 0.00253033 1.49779
1.41 -4.49738 0.00258905 1.49356
1.42 -4.49738 0.00264877 1.48906
1.43 -4.49738 0.00270948 1.48428
1.44 -4.49739 0.00277116 1.47921
1.45 -4.49739 0.00283383 1.47385
1.46 -4.49739 0.00289747 1.46817
1.47 -4.4974 0.00296209 1.46217
1.48 -4.49741 0.00302766 1.45584
1.49 -4.49741 0.00309419 1.44917
1.5 -4.49742 0.00316166 1.44214
1.51 -4.49743 0.00323008 1.43474
1.52 -4.49744 0.00329943 1.42695
1.53 -4.49745 0.0033697 1.41876
1.54 -4.49747 0.00344088 1.41017
1.55 -4.49748 0.00351296 1.40115
1.56 -4.4975 0.00358593 1.39169
1.57 -4.49751 0.00365978 1.38178
1.58 -4.49753 0.0037345 1.3714
1.59 -4.49755 0.00381007 1.36055
1.6 -4.49757 0.00388648 1.3492
1.61 -4.49759 0.00396372 1.33734
1.62 -4.49761 0.00404178 1.32497
1.63 -4.49764 0.00412063 1.31206
1.64 -4.49767 0.00420027 1.29862
1.65 -4.49769 0.00428069 1.28462
1.66 -4.49772 0.00436186 1.27007
1.67 -4.49775 0.00444377 1.25494
1.68 -4.49778 0.00452641 1.23925
1.69 -4.49782 0.00460976 1.22297
1.7 -4.49785 0.00469381 1.20612
1.71 -4.49789 0.00477854 1.18868
1.72 -4.49792 0.00486394 1.17066
1.73 -4.49796 0.00494998 1.15207
1.74 -4.498 0.00503667 1.1329
1.75 -4.49805 0.00512397 1.11318
1.76 -4.49809 0.00521188 1.0929
1.77 -4.49813 0.00530039 1.07208
1.78 -4.49818 0.00538947 1.05073
1.79 -4.49823 0.00547912 1.02889
1.8 -4.49828 0.00556933 1.00656
1.81 -4.49833 0.00566007 0.983778
1.82 -4.49838 0.00575135 0.960564
1.83 -4.49843 0.00584314 0.936949
1.84 -4.49849 0.00593544 0.912966
1.85 -4.49855 0.00602823 0.888648
1.86 -4.4986 0.00612152 0.864033
1.87 -4.49866 0.00621528 0.839158
1.88 -4.49872 0.00630951 0.814064
1.89 -4.49879 0.00640421 0.78879
1.9 -4.49885 0.00649936 0.763379
1.91 -4.49891 0.00659497 0.737874
1.92 -4.49898 0.00669102 0.712317
1.93 -4.49905 0.00678751 0.68675
1.94 -4.49912 0.00688444 0.661217
1.95 -4.49919 0.0069818 0.635757
1.96 -4.49926 0.0070796 0.610412
1.97 -4.49933 0.00717782 0.585219
1.98 -4.4994 0.00727648 0.560216
1.99 -4.49948 0.00737556 0.535437
2 -4.49955 0.00747508 0.510914
2.01 -4.49963 0.00757502 0.486675
2.02 -4.49971 0.00767539 0.462747
2.03 -4.49979 0.0077762 0.439154
2.04 -4.49986 0.00787743 0.415913
2.05 -4.49995 0.00797911 0.393042
2.06 -4.50003 0.00808123 0.370552
2.07 -4.50011 0.00818379 0.348452
2.08 -4.50019 0.00828679 0.326745
2.09 -4.50028 0.00839025 0.305433
2.1 -4.50036 0.00849417 0.284513
2.11 -4.50045 0.00859854 0.263976
2.12 -4.50054 0.00870338 0.243813
2.13 -4.50063 0.00880869 0.224008
2.14 -4.50071 0.00891447 0.204543
2.15 -4.5008 0.00902074 0.185397
2.16 -4.50089 0.00912749 0.166544
2.17 -4.50098 0.00923473 0.147958
2.18 -4.50108 0.00934248 0.129607
2.19 -4.50117 0.00945073 0.111457
2.2 -4.50126 0.00955949 0.093474
2.21 -4.50135 0.00966877 0.0756191
2.22 -4.50145 0.00977857 0.0578531
2.23 -4.50154 0.00988891 0.0401353
2.24 -4.50164 0.00999978 0.0224235
2.25 -4.50173 0.0101112 0.00467518
2.26 -4.50183 0.0102232 -0.0131528
2.27 -4.50192 0.0103358 -0.0311033
2.28 -4.50202 0.010449 -0.049219
2.29 -4.50212 0.0105629 -0.0675413
2.3 -4.50222 0.0106774 -0.0861107
2.31 -4.50231 0.0107927 -0.104965
2.32 -4.50241 0.0109088 -0.124142
2.33 -4.50251 0.0110257 -0.143674
2.34 -4.50261 0.0111434 -0.163591
2.35 -4.50271 0.0112619 -0.183921
2.36 -4.50281 0.0113814 -0.204687
2.37 -4.50291 0.0115019 -0.225907
2.38 -4.50301 0.0116233 -0.247595
2.39 -4.50311 0.0117446 -0.26976
2.4 -4.50321 0.0118658 -0.292406
2.41 -4.50331 0.011987 -0.315531
2.42 -4.50341 0.0121081 -0.339129
2.43 -4.5035 0.0122292 -0.363188
2.44 -4.5036 0.0123505 -0.38769
2.45 -4.5037 0.0124718 -0.412612
2.46 -4.50379 0.0125932 -0.437926
2.47 -4.50388 0.0127148 -0.463601
2.48 -4.50398 0.0128366 -0.489599
2.49 -4.50407 0.0129586 -0.51588
2.5 -4.50416 0.0130809 -0.542401
2.51 -4.50425 0.0132035 -0.569116
2.52 -4.50434 0.0133264 -0.595975
2.53 -4.50443 0.0134497 -0.622929
2.54 -4.50452 0.0135734 -0.649927
2.55 -4.50461 0.0136976 -0.676917
2.56 -4.50469 0.0138222 -0.703847
2.57 -4.50478 0.0139473 -0.730668
2.58 -4.50486 0.014073 -0.757329
2.59 -4.50495 0.0141992 -0.783784
2.6 -4.50503 0.0143261 -0.809985
2.61 -4.50511 0.0144535 -0.83589
2.62 -4.50519 0.0145816 -0.861457
2.63 -4.50527 0.0147104 -0.88665
2.64 -4.50534 0.0148398 -0.911433
2.65 -4.50542 0.01497 -0.935773
2.66 -4.5055 0.0151009 -0.959644
2.67 -4.50557 0.0152325 -0.983019
2.68 -4.50564 0.0153649 -1.00588
2.69 -4.50571 0.0154982 -1.0282
2.7 -4.50578 0.0156322 -1.04996
2.71 -4.50585 0.015767 -1.07116
2.72 -4.50592 0.0159026 -1.09179
2.73 -4.50598 0.016039 -1.11183
2.74 -4.50605 0.0161763 -1.13128
2.75 -4.50611 0.0163145 -1.15015
2.76 -4.50617 0.0164534 -1.16841
2.77 -4.50623 0.0165932 -1.18609
2.78 -4.50629 0.0167339 -1.20318
2.79 -4.50634 0.0168754 -1.21969
2.8 -4.5064 0.0170177 -1.23562
2.81 -4.50645 0.0171608 -1.25098
2.82 -4.5065 0.0173048 -1.26578
2.83 -4.50655 0.0174496 -1.28003
2.84 -4.5066 0.0175952 -1.29374
2.85 -4.50664 0.0177416 -1.30692
2.86 -4.50668 0.0178887 -1.31958
2.87 -4.50673 0.0180367 -1.33174
2.88 -4.50677 0.0181853 -1.3434
2.89 -4.5068 0.0183347 -1.35458
2.9 -4.50684 0.0184848 -1.36529
2.91 -4.50687 0.0186356 -1.37556
2.92 -4.5069 0.018787 -1.38537
2.93 -4.50693 0.0189391 -1.39477
2.94 -4.50696 0.0190918 -1.40374
2.95 -4.50699 0.0192451 -1.41232
2.96 -4.50701 0.019399 -1.4205
2.97 -4.50703 0.0195534 -1.42831
2.98 -4.50705 0.0197083 -1.43576
2.99 -4.50706 0.0198636 -1.44285
3 -4.50708 0.0200194 -1.4496
3.01 -4.50709 0.0201757 -1.45602
3.02 -4.5071 0.0203323 -1.46212
3.03 -4.50711 0.0204892 -1.46792
3.04 -4.50711 0.0206444 -1.47341
3.05 -4.50712 0.0207976 -1.47862
3.06 -4.50712 0.020949 -1.48356
3.07 -4.50711 0.0210984 -1.48822
3.08 -4.50711 0.0212458 -1.49262
3.09 -4.5071 0.0213912 -1.49677
3.1 -4.5071 0.0215347 -1.50067
3.11 -4.50709 0.0216762 -1.50433
3.12 -4.50707 0.0218156 -1.50777
3.13 -4.50706 0.021953 -1.51098
3.14 -4.50704 0.0220884 -1.51398
3.15 -4.50703 0.0222217 -1.51676
3.16 -4.50701 0.022353 -1.51933
3.17 -4.50699 0.0224822 -1.52171
3.18 -4.50696 0.0226093 -1.52389
3.19 -4.50694 0.0227344 -1.52587
3.2 -4.50691 0.0228573 -1.52767
3.21 -4.50689 0.0229782 -1.52928
3.22 -4.50686 0.0230971 -1.53071
3.23 -4.50683 0.0232138 -1.53195
3.24 -4.50679 0.0233285 -1.53303
3.25 -4.50676 0.023441 -1.53392
3.26 -4.50673 0.0235516 -1.53465
3.27 -4.50669 0.02366 -1.5352
3.28 -4.50665 0.0237664 -1.53557
3.29 -4.50662 0.0238707 -1.53578
3.3 -4.50658 0.023973 -1.53582
3.31 -4.50654 0.0240744 -1.53568
3.32 -4.5065 0.024175 -1.53538
3.33 -4.50645 0.0242748 -1.5349
3.34 -4.50641 0.0243737 -1.53425
3.35 -4.50636 0.0244716 -1.53342
3.36 -4.50632 0.0245686 -1.53241
3.37 -4.50627 0.0246647 -1.53122
3.38 -4.50622 0.0247598 -1.52985
3.39 -4.50617 0.0248538 -1.52829
3.4 -4.50611 0.0249469 -1.52654
3.41 -4.50606 0.0250389 -1.5246
3.42 -4.506 0.0251298 -1.52246
3.43 -4.50595 0.0252197 -1.52011
3.44 -4.50589 0.0253085 -1.51756
3.45 -4.50583 0.0253961 -1.51478
3.46 -4.50577 0.0254827 -1.51179
3.47 -4.50571 0.025568 -1.50857
3.48 -4.50565 0.0256522 -1.50511
3.49 -4.50558 0.0257353 -1.50141
3.5 -4.50552 0.0258171 -1.49746
3.51 -4.50545 0.0258978 -1.49325
3.52 -4.50539 0.0259772 -1.48877
3.53 -4.50532 0.0260554 -1.48401
3.54 -4.50525 0.0261324 -1.47896
3.55 -4.50518 0.0262082 -1.47361
3.56 -4.50511 0.0262827 -1.46796
3.57 -4.50504 0.0263559 -1.46198
3.58 -4.50497 0.0264279 -1.45567
3.59 -4.5049 0.0264987 -1.44902
3.6 -4.50482 0.0265681 -1.44201
3.61 -4.50475 0.0266363 -1.43463
3.62 -4.50468 0.0267033 -1.42687
3.63 -4.5046 0.0267689 -1.41871
3.64 -4.50452 0.0268333 -1.41014
3.65 -4.50445 0.0268964 -1.40116
3.66 -4.50437 0.0269583 -1.39173
3.67 -4.50429 0.0270189 -1.38186
3.68 -4.50421 0.0270782 -1.37153
3.69 -4.50413 0.0271363 -1.36072
3.7 -4.50405 0.0271932 -1.34942
3.71 -4.50397 0.0272488 -1.33763
3.72 -4.50389 0.0273031 -1.32532
3.73 -4.50381 0.0273563 -1.31249
3.74 -4.50373 0.0274082 -1.29913
3.75 -4.50365 0.027459 -1.28523
3.76 -4.50356 0.0275085 -1.27078
3.77 -4.50348 0.0275569 -1.25577
3.78 -4.5034 0.0276041 -1.2402
3.79 -4.50331 0.0276502 -1.22407
3.8 -4.50323 0.0276951 -1.20738
3.81 -4.50314 0.027739 -1.19012
3.82 -4.50306 0.0277817 -1.1723
3.83 -4.50297 0.0278234 -1.15392
3.84 -4.50289 0.027864 -1.13499
3.85 -4.5028 0.0279035 -1.11553
3.86 -4.50272 0.0279421 -1.09553
3.87 -4.50263 0.0279796 -1.07503
3.88 -4.50254 0.0280162 -1.05403
3.89 -4.50246 0.0280518 -1.03256
3.9 -4.50237 0.0280864 -1.01064
3.91 -4.50228 0.0281202 -0.988297
3.92 -4.5022 0.0281531 -0.965556
3.93 -4.50211 0.0281851 -0.942451
3.94 -4.50202 0.0282163 -0.919013
3.95 -4.50193 0.0282466 -0.895277
3.96 -4.50185 0.0282762 -0.871281
3.97 -4.50176 0.028305 -0.847062
3.98 -4.50167 0.028333 -0.82266
3.99 -4.50158 0.0283603 -0.798114
4 -4.50149 0.028387 -0.773466
4.01 -4.5014 0.0284129 -0.748755
4.02 -4.50132 0.0284383 -0.724023
4.03 -4.50123 0.028463 -0.699309
4.04 -4.50114 0.0284871 -0.674652
4.05 -4.50105 0.0285106 -0.650089
4.06 -4.50096 0.0285336 -0.625657
4.07 -4.50087 0.028556 -0.601388
4.08 -4.50078 0.028578 -0.577313
4.09 -4.50069 0.0285995 -0.553461
4.1 -4.5006 0.0286205 -0.529856
4.11 -4.50051 0.0286411 -0.506519
4.12 -4.50041 0.0286613 -0.48347
4.13 -4.50032 0.0286811 -0.46072
4.14 -4.50023 0.0287005 -0.438281
4.15 -4.50014 0.0287196 -0.416156
4.16 -4.50005 0.0287383 -0.394348
4.17 -4.49996 0.0287568 -0.37285
4.18 -4.49986 0.028775 -0.351656
4.19 -4.49977 0.0287929 -0.330751
4.2 -4.49968 0.0288105 -0.310116
4.21 -4.49958 0.0288279 -0.289727
4.22 -4.49949 0.028845 -0.269556
4.23 -4.4994 0.0288618 -0.249568
4.24 -4.49931 0.0288784 -0.229725
4.25 -4.49921 0.0288947 -0.209981
4.26 -4.49912 0.0289109 -0.190288
4.27 -4.49903 0.0289268 -0.170591
4.28 -4.49894 0.0289427 -0.15083
4.29 -4.49884 0.0289584 -0.130942
4.3 -4.49875 0.0289739 -0.110857
4.31 -4.49866 0.0289894 -0.090503
4.32 -4.49857 0.0290048 -0.0698018
4.33 -4.49848 0.0290202 -0.0486731
4.34 -4.49838 0.0290355 -0.0270333
4.35 -4.49829 0.0290508 -0.00479641
4.36 -4.4982 0.0290662 0.018125
4.37 -4.49811 0.0290816 0.0418188
4.38 -4.49802 0.029097 0.066372
4.39 -4.49792 0.0291126 0.0918695
4.4 -4.49783 0.0291282 0.118393
4.41 -4.49774 0.029144 0.146017
4.42 -4.49765 0.02916 0.174811
4.43 -4.49755 0.0291762 0.204833
4.44 -4.49746 0.0291927 0.23613
4.45 -4.49737 0.0292095 0.268736
4.46 -4.49728 0.0292265 0.302668
4.47 -4.49718 0.029244 0.337925
4.48 -4.49709 0.0292619 0.374488
4.49 -4.497 0.0292802 0.412315
4.5 -4.4969 0.029299 0.451344
4.51 -4.49681 0.0293183 0.491491
4.52 -4.49671 0.0293382 0.53265
4.53 -4.49662 0.0293587 0.574695
4.54 -4.49652 0.0293799 0.61748
4.55 -4.49643 0.0294017 0.660845
4.56 -4.49633 0.0294242 0.704615
4.57 -4.49624 0.0294475 0.748605
4.58 -4.49614 0.0294716 0.792625
4.59 -4.49605 0.0294965 0.836481
4.6 -4.49596 0.0295223 0.879982
4.61 -4.49586 0.0295489 0.92294
4.62 -4.49577 0.0295765 0.965178
4.63 -4.49567 0.029605 1.00653
4.64 -4.49558 0.0296346 1.04684
4.65 -4.49549 0.0296651 1.08598
4.66 -4.49539 0.0296966 1.12383
4.67 -4.4953 0.0297292 1.16029
4.68 -4.49521 0.0297628 1.19527
4.69 -4.49512 0.0297976 1.22872
4.7 -4.49503 0.0298334 1.26059
4.71 -4.49494 0.0298704 1.29085
4.72 -4.49485 0.0299085 1.3195
4.73 -4.49476 0.0299477 1.34654
4.74 -4.49467 0.029988 1.37198
4.75 -4.49458 0.0300295 1.39585
4.76 -4.4945 0.0300722 1.4182
4.77 -4.49441 0.030116 1.43906
4.78 -4.49432 0.0301609 1.4585
4.79 -4.49424 0.030207 1.47657
4.8 -4.49416 0.0302542 1.49333
4.81 -4.49408 0.0303026 1.50885
4.82 -4.49399 0.0303521 1.5232
4.83 -4.49391 0.0304027 1.53644
4.84 -4.49383 0.0304544 1.54865
4.85 -4.49376 0.0305072 1.55988
4.86 -4.49368 0.0305612 1.5702
4.87 -4.4936 0.0306162 1.57967
4.88 -4.49353 0.0306723 1.58836
4.89 -4.49345 0.0307295 1.59632
4.9 -4.49338 0.0307877 1.60361
4.91 -4.49331 0.030847 1.61027
4.92 -4.49324 0.0309072 1.61637
4.93 -4.49317 0.0309685 1.62193
4.94 -4.4931 0.0310308 1.62701
4.95 -4.49303 0.031094 1.63165
4.96 -4.49296 0.0311582 1.63587
4.97 -4.4929 0.0312234 1.63972
4.98 -4.49283 0.0312895 1.64323
4.99 -4.49277 0.0313565 1.64642
5 -4.49271 0.0314244 1.64933
5.01 -4.49265 0.0314931 1.65197
5.02 -4.49259 0.0315628 1.65437
5.03 -4.49253 0.0316332 1.65655
5.04 -4.49248 0.0317045 1.65853
5.05 -4.49242 0.0317766 1.66032
5.06 -4.49237 0.0318495 1.66194
5.07 -4.49232 0.0319231 1.66341
5.08 -4.49226 0.0319975 1.66473
5.09 -4.49221 0.0320726 1.66591
5.1 -4.49217 0.0321484 1.66698
5.11 -4.49212 0.0322249 1.66793
5.12 -4.49207 0.032302 1.66878
5.13 -4.49203 0.0323798 1.66953
5.14 -4.49199 0.0324583 1.6702
5.15 -4.49194 0.0325373 1.67077
5.16 -4.4919 0.0326169 1.67127
5.17 -4.49186 0.032697 1.6717
5.18 -4.49183 0.0327777 1.67206
5.19 -4.49179 0.0328589 1.67235
5.2 -4.49176 0.0329406 1.67258
5.21 -4.49172 0.0330228 1.67275
5.22 -4.49169 0.0331054 1.67286
5.23 -4.49166 0.0331884 1.67292
5.24 -4.49163 0.0332718 1.67293
5.25 -4.4916 0.0333549 1.67289
5.26 -4.49158 0.0334374 1.6728
5.27 -4.49155 0.0335195 1.67266
5.28 -4.49153 0.0336011 1.67247
5.29 -4.49151 0.0336822 1.67224
5.3 -4.49149 0.0337627 1.67196
5.31 -4.49147 0.0338427 1.67164
5.32 -4.49146 0.033922 1.67126
5.33 -4.49144 0.0340008 1.67085
5.34 -4.49143 0.0340789 1.67038
5.35 -4.49142 0.0341564 1.66987
5.36 -4.49141 0.0342332 1.66931
5.37 -4.4914 0.0343093 1.66871
5.38 -4.49139 0.0343847 1.66805
5.39 -4.49138 0.0344594 1.66734
5.4 -4.49138 0.0345341 1.66658
5.41 -4.49138 0.0346088 1.66576
5.42 -4.49137 0.0346835 1.66489
5.43 -4.49137 0.0347581 1.66396
5.44 -4.49137 0.0348327 1.66297
5.45 -4.49137 0.0349072 1.66192
5.46 -4.49137 0.0349816 1.6608
5.47 -4.49138 0.0350558 1.65961
5.48 -4.49138 0.03513 1.65835
5.49 -4.49139 0.0352039 1.65702
5.5 -4.4914 0.0352777 1.65561
5.51 -4.4914 0.0353513 1.65411
5.52 -4.49141 0.0354247 1.65253
5.53 -4.49143 0.0354978 1.65085
5.54 -4.49144 0.0355707 1.64908
5.55 -4.49145 0.0356433 1.6472
5.56 -4.49147 0.0357155 1.64521
5.57 -4.49148 0.0357875 1.64311
5.58 -4.4915 0.0358591 1.64088
5.59 -4.49152 0.0359304 1.63853
5.6 -4.49153 0.0360013 1.63603
5.61 -4.49155 0.0360718 1.63338
5.62 -4.49158 0.0361418 1.63058
5.63 -4.4916 0.0362115 1.6276
5.64 -4.49162 0.0362807 1.62444
5.65 -4.49165 0.0363494 1.62108
5.66 -4.49167 0.0364176 1.61751
5.67 -4.4917 0.0364854 1.61371
5.68 -4.49173 0.0365526 1.60967
5.69 -4.49176 0.0366193 1.60536
5.7 -4.49179 0.0366854 1.60077
5.71 -4.49182 0.036751 1.59586
5.72 -4.49185 0.036816 1.59062
5.73 -4.49188 0.0368804 1.58501
5.74 -4.49192 0.0369441 1.57901
5.75 -4.49195 0.0370073 1.57256
5.76 -4.49199 0.0370698 1.56564
5.77 -4.49202 0.0371317 1.5582
5.78 -4.49206 0.0371929 1.55019
5.79 -4.4921 0.0372534 1.54155
5.8 -4.49214 0.0373133 1.53222
5.81 -4.49218 0.0373725 1.52213
5.82 -4.49222 0.037431 1.5112
5.83 -4.49226 0.0374887 1.49935
5.84 -4.4923 0.0375458 1.48647
5.85 -4.49235 0.0376021 1.47246
5.86 -4.49239 0.0376577 1.4572
5.87 -4.49244 0.0377127 1.44056
5.88 -4.49248 0.0377668 1.42239
5.89 -4.49253 0.0378203 1.40255
5.9 -4.49257 0.037873 1.38087
5.91 -4.49262 0.0379251 1.35717
5.92 -4.49267 0.0379764 1.33128
5.93 -4.49272 0.0380271 1.30301
5.94 -4.49277 0.038077 1.27218
5.95 -4.49282 0.0381263 1.23864
5.96 -4.49287 0.038175 1.20222
5.97 -4.49292 0.038223 1.16283
5.98 -4.49297 0.0382705 1.1204
5.99 -4.49302 0.0383173 1.07493
6 -4.49308 0.0383636 1.0265
6.01 -4.49313 0.0384094 0.975286
6.02 -4.49318 0.0384548 0.921561
6.03 -4.49324 0.0384997 0.865708
6.04 -4.49329 0.0385441 0.808217
6.05 -4.49334 0.0385883 0.749671
6.06 -4.4934 0.0386321 0.690729
6.07 -4.49346 0.0386756 0.632095
6.08 -4.49351 0.0387189 0.574483
6.09 -4.49357 0.038762 0.518582
6.1 -4.49362 0.0388049 0.465019
6.11 -4.49368 0.0388477 0.41433
6.12 -4.49374 0.0388904 0.366937
6.13 -4.49379 0.0389331 0.323136
6.14 -4.49385 0.0389757 0.283096
6.15 -4.49391 0.0390183 0.246869
6.16 -4.49397 0.0390609 0.214401
6.17 -4.49403 0.0391035 0.185549
6.18 -4.49408 0.0391462 0.160109
6.19 -4.49414 0.0391889 0.13783
6.2 -4.4942 0.0392316 0.118434
6.21 -4.49426 0.0392745 0.101634
6.22 -4.49432 0.0393174 0.0871428
6.23 -4.49438 0.0393603 0.0746858
6.24 -4.49444 0.0394034 0.0640057
6.25 -4.4945 0.0394465 0.0548662
6.26 -4.49456 0.0394897 0.0470546
6.27 -4.49462 0.039533 0.0403813
6.28 -4.49468 0.0395764 0.03468
6.29 -4.49474 0.0396198 0.0298055
6.3 -4.4948 0.0396633 0.0256324
6.31 -4.49487 0.0397069 0.0220528
6.32 -4.49493 0.0397505 0.0189743
6.33 -4.49499 0.0397942 0.0163184
6.34 -4.49505 0.0398379 0.014018
6.35 -4.49511 0.0398817 0.0120162
6.36 -4.49517 0.0399256 0.0102647
6.37 -4.49523 0.0399694 0.00872242
6.38 -4.49529 0.0400133 0.00735428
6.39 -4.49536 0.0400573 0.00613039
6.4 -4.49542 0.0401013 0.00502505
6.41 -4.49548 0.0401453 0.00401608
6.42 -4.49554 0.0401893 0.00308415
6.43 -4.4956 0.0402333 0.00221229
6.44 -4.49566 0.0402773 0.0013854
6.45 -4.49573 0.0403213 0.000589855
6.46 -4.49579 0.0403654 -0.000186799
6.47 -4.49585 0.0404094 -0.000956179
6.48 -4.49591 0.0404535 -0.00172931
6.49 -4.49597 0.0404975 -0.00251685
6.5 -4.49604 0.0405416 -0.00332932
6.51 -4.4961 0.0405858 -0.00417727
6.52 -4.49616 0.04063 -0.00507147
6.53 -4.49622 0.0406742 -0.00602307
6.54 -4.49628 0.0407185 -0.0070438
6.55 -4.49635 0.0407629 -0.00814605
6.56 -4.49641 0.0408073 -0.00934312
6.57 -4.49647 0.0408518 -0.0106493
6.58 -4.49653 0.0408964 -0.01208
6.59 -4.49659 0.0409411 -0.0136521
6.6 -4.49666 0.0409858 -0.0153838
6.61 -4.49672 0.0410307 -0.0172951
6.62 -4.49678 0.0410758 -0.0194077
6.63 -4.49685 0.0411209 -0.0217452
6.64 -4.49691 0.0411662 -0.0243334
6.65 -4.49697 0.0412116 -0.0272004
6.66 -4.49704 0.0412572 -0.0303764
6.67 -4.4971 0.0413029 -0.0338944
6.68 -4.49716 0.0413489 -0.0377898
6.69 -4.49723 0.041395 -0.0421006
6.7 -4.49729 0.0414413 -0.0468676
6.71 -4.49736 0.0414878 -0.0521341
6.72 -4.49742 0.0415345 -0.0579459
6.73 -4.49749 0.0415815 -0.0643514
6.74 -4.49755 0.0416287 -0.0714009
6.75 -4.49762 0.0416762 -0.0791467
6.76 -4.49768 0.041724 -0.0876425
6.77 -4.49775 0.041772 -0.0969428
6.78 -4.49782 0.0418203 -0.107102
6.79 -4.49788 0.0418689 -0.118175
6.8 -4.49795 0.0419179 -0.130215
6.81 -4.49802 0.0419672 -0.143271
6.82 -4.49808 0.0420169 -0.157391
6.83 -4.49815 0.0420669 -0.172616
6.84 -4.49822 0.0421173 -0.188983
6.85 -4.49829 0.0421681 -0.20652
6.86 -4.49836 0.0422193 -0.225248
6.87 -4.49843 0.042271 -0.245177
6.88 -4.49849 0.0423231 -0.266307
6.89 -4.49856 0.0423757 -0.288626
6.9 -4.49863 0.0424288 -0.312108
6.91 -4.4987 0.0424824 -0.336718
6.92 -4.49877 0.0425365 -0.362405
6.93 -4.49884 0.0425912 -0.389107
6.94 -4.49891 0.0426464 -0.416747
6.95 -4.49898 0.0427022 -0.445242
6.96 -4.49905 0.0427586 -0.474494
6.97 -4.49912 0.0428156 -0.504401
6.98 -4.49919 0.0428732 -0.53485
6.99 -4.49926 0.0429315 -0.565729
7 -4.49933 0.0429905 -0.596917
7.01 -4.4994 0.0430502 -0.628298
7.02 -4.49947 0.0431106 -0.659753
7.03 -4.49954 0.0431717 -0.691168
7.04 -4.49961 0.0432335 -0.722432
7.05 -4.49968 0.0432961 -0.753442
7.06 -4.49975 0.0433595 -0.784101
7.07 -4.49982 0.0434237 -0.814319
7.08 -4.49989 0.0434886 -0.844015
7.09 -4.49995 0.0435544 -0.873119
7.1 -4.50002 0.043621 -0.901565
7.11 -4.50009 0.0436884 -0.929302
7.12 -4.50015 0.0437566 -0.956283
7.13 -4.50022 0.0438257 -0.982471
7.14 -4.50029 0.0438956 -1.00784
7.15 -4.50035 0.0439664 -1.03236
7.16 -4.50042 0.044038 -1.05603
7.17 -4.50048 0.0441105 -1.07883
7.18 -4.50054 0.0441839 -1.10075
7.19 -4.50061 0.0442581 -1.12181
7.2 -4.50067 0.0443332 -1.14201
7.21 -4.50073 0.0444092 -1.16136
7.22 -4.50079 0.044486 -1.17986
7.23 -4.50085 0.0445637 -1.19754
7.24 -4.50091 0.0446422 -1.21441
7.25 -4.50097 0.0447216 -1.23049
7.26 -4.50102 0.0448018 -1.2458
7.27 -4.50108 0.0448828 -1.26037
7.28 -4.50113 0.0449647 -1.27421
7.29 -4.50119 0.0450474 -1.28735
7.3 -4.50124 0.0451309 -1.29981
7.31 -4.50129 0.0452151 -1.31161
7.32 -4.50134 0.0453002 -1.32278
7.33 -4.50139 0.045386 -1.33333
7.34 -4.50144 0.0454726 -1.3433
7.35 -4.50149 0.04556 -1.3527
7.36 -4.50154 0.0456481 -1.36155
7.37 -4.50158 0.0457368 -1.36987
7.38 -4.50163 0.0458263 -1.37768
7.39 -4.50167 0.0459165 -1.385
7.4 -4.50171 0.0460074 -1.39185
7.41 -4.50175 0.0460989 -1.39824
7.42 -4.50179 0.046191 -1.40419
7.43 -4.50183 0.0462838 -1.40971
7.44 -4.50187 0.0463771 -1.41482
7.45 -4.5019 0.046471 -1.41952
7.46 -4.50194 0.0465655 -1.42385
7.47 -4.50197 0.0466606 -1.42779
7.48 -4.502 0.0467561 -1.43137
7.49 -4.50203 0.0468522 -1.43459
7.5 -4.50206 0.0469488 -1.43746
7.51 -4.50209 0.0470448 -1.44
7.52 -4.50211 0.0471402 -1.4422
7.53 -4.50213 0.0472351 -1.44407
7.54 -4.50216 0.0473294 -1.44562
7.55 -4.50218 0.047423 -1.44685
7.56 -4.5022 0.047516 -1.44777
7.57 -4.50221 0.0476083 -1.44837
7.58 -4.50223 0.0476999 -1.44867
7.59 -4.50224 0.0477918 -1.44866
7.6 -4.50226 0.0478839 -1.44834
7.61 -4.50227 0.0479763 -1.44771
7.62 -4.50228 0.0480689 -1.44677
7.63 -4.50229 0.0481616 -1.44552
7.64 -4.5023 0.0482546 -1.44395
7.65 -4.5023 0.0483477 -1.44207
7.66 -4.50231 0.0484409 -1.43987
7.67 -4.50231 0.0485342 -1.43734
7.68 -4.50232 0.0486276 -1.43448
7.69 -4.50232 0.0487211 -1.43128
7.7 -4.50232 0.0488146 -1.42774
7.71 -4.50232 0.0489082 -1.42385
7.72 -4.50231 0.0490018 -1.41959
7.73 -4.50231 0.0490954 -1.41497
7.74 -4.5023 0.0491889 -1.40997
7.75 -4.5023 0.0492824 -1.40458
7.76 -4.50229 0.0493759 -1.39879
7.77 -4.50228 0.0494693 -1.3926
7.78 -4.50227 0.0495625 -1.38598
7.79 -4.50226 0.0496557 -1.37893
7.8 -4.50225 0.0497487 -1.37144
7.81 -4.50223 0.0498416 -1.36349
7.82 -4.50222 0.0499344 -1.35506
7.83 -4.5022 0.0500269 -1.34616
7.84 -4.50218 0.0501193 -1.33675
7.85 -4.50216 0.0502115 -1.32684
7.86 -4.50214 0.0503034 -1.31641
7.87 -4.50212 0.0503951 -1.30544
7.88 -4.5021 0.0504866 -1.29393
7.89 -4.50207 0.0505778 -1.28185
7.9 -4.50205 0.0506687 -1.26921
7.91 -4.50202 0.0507594 -1.25599
7.92 -4.50199 0.0508498 -1.24219
7.93 -4.50196 0.0509399 -1.22778
7.94 -4.50193 0.0510296 -1.21278
7.95 -4.5019 0.0511191 -1.19717
7.96 -4.50187 0.0512082 -1.18094
7.97 -4.50184 0.051297 -1.16411
7.98 -4.5018 0.0513855 -1.14666
7.99 -4.50177 0.0514737 -1.1286
8 -4.50173 0.0515615 -1.10993
8.01 -4.50169 0.0516489 -1.09067
8.02 -4.50166 0.051736 -1.07083
8.03 -4.50162 0.0518228 -1.05041
8.04 -4.50158 0.0519092 -1.02944
8.05 -4.50154 0.0519953 -1.00793
8.06 -4.50149 0.052081 -0.9859
8.07 -4.50145 0.0521664 -0.963387
8.08 -4.50141 0.0522514 -0.940415
8.09 -4.50136 0.0523361 -0.917016
8.1 -4.50132 0.0524205 -0.893224
8.11 -4.50127 0.0525045 -0.869077
8.12 -4.50123 0.0525882 -0.844616
8.13 -4.50118 0.0526716 -0.819882
8.14 -4.50113 0.0527547 -0.794921
8.15 -4.50108 0.0528375 -0.769779
8.16 -4.50103 0.05292 -0.744503
8.17 -4.50098 0.0530021 -0.719143
8.18 -4.50093 0.053084 -0.693748
8.19 -4.50088 0.0531657 -0.668367
8.2 -4.50083 0.053247 -0.643051
8.21 -4.50078 0.0533282 -0.617848
8.22 -4.50073 0.053409 -0.592807
8.23 -4.50067 0.0534897 -0.567974
8.24 -4.50062 0.0535701 -0.543395
8.25 -4.50056 0.0536503 -0.519112
8.26 -4.50051 0.0537303 -0.495166
8.27 -4.50045 0.0538101 -0.471594
8.28 -4.5004 0.0538897 -0.448431
8.29 -4.50034 0.0539692 -0.425708
8.3 -4.50029 0.0540485 -0.403454
8.31 -4.50023 0.0541276 -0.381691
8.32 -4.50017 0.0542066 -0.360441
8.33 -4.50012 0.0542855 -0.33972
8.34 -4.50006 0.0543642 -0.319539
8.35 -4.5 0.0544428 -0.299909
8.36 -4.49994 0.0545213 -0.280833
8.37 -4.49989 0.0545997 -0.262312
8.38 -4.49983 0.0546781 -0.244343
8.39 -4.49977 0.0547563 -0.22692
8.4 -4.49971 0.0548345 -0.210032
8.41 -4.49965 0.0549126 -0.193665
8.42 -4.49959 0.0549906 -0.177803
8.43 -4.49953 0.0550686 -0.162426
8.44 -4.49947 0.0551466 -0.147512
8.45 -4.49941 0.0552245 -0.133035
8.46 -4.49935 0.0553024 -0.118968
8.47 -4.49929 0.0553802 -0.105281
8.48 -4.49923 0.055458 -0.0919436
8.49 -4.49917 0.0555358 -0.0789212
8.5 -4.49911 0.0556136 -0.0661794
8.51 -4.49905 0.0556913 -0.053682
8.52 -4.49899 0.0557691 -0.0413918
8.53 -4.49893 0.0558468 -0.0292706
8.54 -4.49887 0.0559245 -0.0172797
8.55 -4.49881 0.0560023 -0.00537957
8.56 -4.49875 0.05608 0.00646944
8.57 -4.49869 0.0561578 0.0183072
8.58 -4.49863 0.0562356 0.0301733
8.59 -4.49857 0.0563134 0.0421075
8.6 -4.49851 0.0563913 0.0541487
8.61 -4.49845 0.0564693 0.0663352
8.62 -4.49839 0.0565474 0.0787047
8.63 -4.49833 0.0566256 0.0912936
8.64 -4.49827 0.0567039 0.104137
8.65 -4.49821 0.0567824 0.117268
8.66 -4.49815 0.056861 0.13072
8.67 -4.49809 0.0569398 0.144521
8.68 -4.49803 0.0570188 0.1587
8.69 -4.49797 0.0570981 0.173282
8.7 -4.49791 0.0571776 0.188288
8.71 -4.49785 0.0572573 0.203739
8.72 -4.49779 0.0573373 0.219652
8.73 -4.49773 0.0574177 0.236038
8.74 -4.49767 0.0574984 0.252908
8.75 -4.49761 0.0575794 0.270267
8.76 -4.49755 0.0576608 0.288117
8.77 -4.49749 0.0577427 0.306457
8.78 -4.49743 0.0578249 0.325281
8.79 -4.49737 0.0579076 0.344579
8.8 -4.49731 0.0579908 0.364336
8.81 -4.49725 0.0580745 0.384537
8.82 -4.49719 0.0581588 0.405159
8.83 -4.49714 0.0582436 0.426177
8.84 -4.49708 0.0583289 0.447565
8.85 -4.49702 0.0584149 0.469291
8.86 -4.49696 0.0585015 0.491321
8.87 -4.4969 0.0585887 0.513619
8.88 -4.49684 0.0586766 0.536148
8.89 -4.49679 0.0587652 0.558868
8.9 -4.49673 0.0588544 0.581738
8.91 -4.49667 0.0589444 0.604716
8.92 -4.49662 0.0590351 0.627762
8.93 -4.49656 0.0591266 0.650832
8.94 -4.4965 0.0592188 0.673886
8.95 -4.49645 0.0593119 0.696882
8.96 -4.49639 0.0594057 0.719781
8.97 -4.49634 0.0595003 0.742545
8.98 -4.49629 0.0595957 0.765135
8.99 -4.49623 0.0596919 0.787518
9 -4.49618 0.059789 0.80966
9.01 -4.49613 0.0598868 0.831529
9.02 -4.49607 0.0599856 0.853098
9.03 -4.49602 0.0600851 0.874339
9.04 -4.49597 0.0601855 0.895229
9.05 -4.49592 0.0602867 0.915744
9.06 -4.49588 0.0603888 0.935867
9.07 -4.49583 0.0604917 0.955579
9.08 -4.49578 0.0605955 0.974866
9.09 -4.49573 0.0607001 0.993715
9.1 -4.49569 0.0608055 1.01212
9.11 -4.49564 0.0609117 1.03006
9.12 -4.4956 0.0610187 1.04754
9.13 -4.49556 0.0611266 1.06455
9.14 -4.49552 0.0612352 1.08108
9.15 -4.49548 0.0613447 1.09715
9.16 -4.49544 0.0614549 1.11273
9.17 -4.4954 0.0615658 1.12785
9.18 -4.49536 0.0616776 1.14249
9.19 -4.49533 0.06179 1.15666
9.2 -4.49529 0.0619032 1.17037
9.21 -4.49526 0.0620171 1.18361
9.22 -4.49523 0.0621317 1.1964
9.23 -4.4952 0.0622469 1.20875
9.24 -4.49517 0.0623628 1.22065
9.25 -4.49514 0.0624794 1.23212
9.26 -4.49511 0.0625966 1.24316
9.27 -4.49509 0.0627143 1.25378
9.28 -4.49506 0.0628327 1.264
9.29 -4.49504 0.0629516 1.27381
9.3 -4.49502 0.063071 1.28322
9.31 -4.495 0.063191 1.29226
9.32 -4.49498 0.0633114 1.30091
9.33 -4.49497 0.0634323 1.3092
9.34 -4.49495 0.0635537 1.31713
9.35 -4.49494 0.0636755 1.32471
9.36 -4.49493 0.0637977 1.33194
9.37 -4.49492 0.0639202 1.33884
9.38 -4.49491 0.0640431 1.34542
9.39 -4.4949 0.0641664 1.35167
9.4 -4.4949 0.0642899 1.35761
9.41 -4.49489 0.0644137 1.36325
9.42 -4.49489 0.0645377 1.3686
9.43 -4.49489 0.064662 1.37365
9.44 -4.49489 0.0647864 1.37842
9.45 -4.4949 0.0649124 1.38291
9.46 -4.4949 0.0650399 1.38713
9.47 -4.49491 0.0651688 1.39108
9.48 -4.49492 0.0652992 1.39477
9.49 -4.49493 0.065431 1.39821
9.5 -4.49494 0.0655642 1.4014
9.51 -4.49496 0.0656988 1.40433
9.52 -4.49498 0.0658348 1.40703
9.53 -4.495 0.0659722 1.40949
9.54 -4.49502 0.0661108 1.41171
9.55 -4.49504 0.0662508 1.4137
9.56 -4.49507 0.066392 1.41545
9.57 -4.4951 0.0665345 1.41699
9.58 -4.49513 0.0666781 1.4183
9.59 -4.49516 0.066823 1.41939
9.6 -4.4952 0.066969 1.42026
9.61 -4.49523 0.0671162 1.42092
9.62 -4.49527 0.0672644 1.42136
9.63 -4.49532 0.0674137 1.42159
9.64 -4.49536 0.067564 1.4216
9.65 -4.49541 0.0677138 1.4214
9.66 -4.49546 0.0678631 1.42099
9.67 -4.49551 0.0680119 1.42037
9.68 -4.49557 0.0681602 1.41953
9.69 -4.49563 0.0683078 1.41849
9.7 -4.49568 0.0684548 1.41723
9.71 -4.49575 0.0686012 1.41575
9.72 -4.49581 0.0687468 1.41405
9.73 -4.49587 0.0688918 1.41214
9.74 -4.49594 0.069036 1.41001
9.75 -4.49601 0.0691794 1.40765
9.76 -4.49608 0.069322 1.40506
9.77 -4.49616 0.0694638 1.40224
9.78 -4.49623 0.0696047 1.39919
9.79 -4.49631 0.0697447 1.3959
9.8 -4.49639 0.0698838 1.39237
9.81 -4.49647 0.070022 1.38859
9.82 -4.49656 0.0701592 1.38456
9.83 -4.49664 0.0702954 1.38027
9.84 -4.49673 0.0704306 1.37572
9.85 -4.49682 0.0705648 1.37089
9.86 -4.49691 0.0706979 1.36579
9.87 -4.49701 0.0708299 1.36041
9.88 -4.4971 0.0709608 1.35474
9.89 -4.4972 0.0710906 1.34877
9.9 -4.4973 0.0712193 1.3425
9.91 -4.4974 0.0713468 1.33592
9.92 -4.49751 0.0714731 1.32902
9.93 -4.49761 0.0715982 1.3218
9.94 -4.49772 0.0717221 1.31424
9.95 -4.49783 0.0718447 1.30634
9.96 -4.49794 0.0719662 1.2981
9.97 -4.49805 0.0720863 1.28949
9.98 -4.49816 0.0722052 1.28053
9.99 -4.49828 0.0723228 1.27119
10 -4.4984 0.0724391 1.26148
10.01 -4.49852 0.0725541 1.25138
10.02 -4.49864 0.0726678 1.24089
10.03 -4.49876 0.0727801 1.23001
10.04 -4.49888 0.0728911 1.21872
10.05 -4.49901 0.0730008 1.20702
10.06 -4.49913 0.0731091 1.19491
10.07 -4.49926 0.0732161 1.18237
10.08 -4.49939 0.0733217 1.16942
10.09 -4.49952 0.073426 1.15604
10.1 -4.49965 0.0735289 1.14224
10.11 -4.49979 0.0736304 1.12801
10.12 -4.49992 0.0737305 1.11335
10.13 -4.50006 0.0738292 1.09826
10.14 -4.50019 0.0739266 1.08275
10.15 -4.50033 0.0740226 1.06681
10.16 -4.50047 0.0741172 1.05046
10.17 -4.50061 0.0742105 1.0337
10.18 -4.50075 0.0743023 1.01653
10.19 -4.5009 0.0743928 0.998957
10.2 -4.50104 0.0744819 0.980999
10.21 -4.50118 0.0745696 0.962663
10.22 -4.50133 0.0746559 0.943961
10.23 -4.50147 0.0747409 0.924905
10.24 -4.50162 0.0748245 0.905511
10.25 -4.50177 0.0749067 0.885794
10.26 -4.50192 0.0749876 0.86577
10.27 -4.50206 0.0750671 0.845457
10.28 -4.50221 0.0751453 0.824874
10.29 -4.50236 0.0752222 0.804039
10.3 -4.50251 0.0752978 0.782974
10.31 -4.50266 0.0753722 0.761698
10.32 -4.50281 0.0754452 0.740232
10.33 -4.50296 0.0755171 0.718598
10.34 -4.50311 0.0755877 0.696817
10.35 -4.50326 0.0756572 0.67491
10.36 -4.50341 0.0757255 0.652897
10.37 -4.50356 0.0757927 0.630798
10.38 -4.50371 0.0758588 0.608633
10.39 -4.50386 0.0759239 0.586421
10.4 -4.50401 0.0759879 0.564178
10.41 -4.50416 0.076051 0.54192
10.42 -4.50431 0.0761132 0.519661
10.43 -4.50447 0.0761745 0.497414
10.44 -4.50462 0.0762349 0.475189
10.45 -4.50477 0.0762945 0.452993
10.46 -4.50492 0.0763534 0.430834
10.47 -4.50507 0.0764115 0.408714
10.48 -4.50522 0.0764689 0.386634
10.49 -4.50537 0.0765257 0.364591
10.5 -4.50552 0.0765819 0.34258
10.51 -4.50567 0.0766375 0.320594
10.52 -4.50582 0.0766925 0.298622
10.53 -4.50597 0.0767471 0.276649
10.54 -4.50612 0.0768012 0.254658
10.55 -4.50627 0.0768549 0.23263
10.56 -4.50642 0.0769082 0.210542
10.57 -4.50657 0.0769612 0.188369
10.58 -4.50672 0.0770139 0.166083
10.59 -4.50687 0.0770663 0.143654
10.6 -4.50701 0.0771185 0.121052
10.61 -4.50716 0.0771706 0.0982419
10.62 -4.50731 0.0772225 0.0751912
10.63 -4.50746 0.0772743 0.0518652
10.64 -4.50761 0.0773261 0.0282296
10.65 -4.50776 0.0773779 0.00425059
10.66 -4.50791 0.0774297 -0.0201042
10.67 -4.50806 0.0774815 -0.0448653
10.68 -4.50821 0.0775334 -0.0700607
10.69 -4.50836 0.0775855 -0.0957153
10.7 -4.50851 0.0776377 -0.12185
10.71 -4.50866 0.07769 -0.148481
10.72 -4.50881 0.0777426 -0.175619
10.73 -4.50895 0.0777955 -0.203271
10.74 -4.5091 0.0778486 -0.231437
10.75 -4.50925 0.077902 -0.260108
10.76 -4.5094 0.0779558 -0.289272
10.77 -4.50954 0.0780099 -0.31891
10.78 -4.50969 0.0780644 -0.348993
10.79 -4.50984 0.0781194 -0.37949
10.8 -4.50998 0.0781749 -0.41036
10.81 -4.51013 0.0782309 -0.441558
10.82 -4.51027 0.0782874 -0.473033
10.83 -4.51041 0.0783445 -0.50473
10.84 -4.51056 0.0784022 -0.536591
10.85 -4.5107 0.0784605 -0.568552
10.86 -4.51084 0.0785195 -0.60055
10.87 -4.51098 0.0785792 -0.632519
10.88 -4.51112 0.0786396 -0.664392
10.89 -4.51126 0.0787008 -0.696103
10.9 -4.5114 0.0787627 -0.727588
10.91 -4.51153 0.0788254 -0.758784
10.92 -4.51167 0.0788889 -0.78963
10.93 -4.5118 0.0789532 -0.820069
10.94 -4.51194 0.0790184 -0.850048
10.95 -4.51207 0.0790845 -0.879517
10.96 -4.5122 0.0791515 -0.90843
10.97 -4.51233 0.0792193 -0.936747
10.98 -4.51246 0.0792881 -0.964432
10.99 -4.51258 0.0793577 -0.991452
11 -4.51271 0.0794283 -1.01778
11.01 -4.51283 0.0794999 -1.0434
11.02 -4.51296 0.0795723 -1.06828
11.03 -4.51308 0.0796458 -1.09242
11.04 -4.5132 0.0797201 -1.1158
11.05 -4.51332 0.0797954 -1.13843
11.06 -4.51343 0.0798717 -1.16029
11.07 -4.51355 0.0799489 -1.18138
11.08 -4.51366 0.0800271 -1.20172
11.09 -4.51377 0.0801062 -1.2213
11.1 -4.51388 0.0801862 -1.24013
11.11 -4.51399 0.0802672 -1.25823
11.12 -4.5141 0.0803491 -1.27561
11.13 -4.51421 0.080432 -1.29228
11.14 -4.51431 0.0805157 -1.30826
11.15 -4.51441 0.0806004 -1.32356
11.16 -4.51451 0.0806861 -1.3382
11.17 -4.51461 0.0807726 -1.35221
11.18 -4.51471 0.08086 -1.36558
11.19 -4.51481 0.0809483 -1.37836
11.2 -4.5149 0.0810376 -1.39055
11.21 -4.51499 0.0811277 -1.40218
11.22 -4.51508 0.0812186 -1.41327
11.23 -4.51517 0.0813105 -1.42382
11.24 -4.51526 0.0814032 -1.43388
11.25 -4.51534 0.0814967 -1.44344
11.26 -4.51543 0.0815911 -1.45254
11.27 -4.51551 0.0816863 -1.46118
11.28 -4.51559 0.0817824 -1.4694
11.29 -4.51567 0.0818792 -1.4772
11.3 -4.51574 0.0819769 -1.4846
11.31 -4.51582 0.0820753 -1.49161
11.32 -4.51589 0.0821746 -1.49827
11.33 -4.51596 0.0822745 -1.50457
11.34 -4.51603 0.0823753 -1.51053
11.35 -4.5161 0.0824768 -1.51617
11.36 -4.51617 0.082579 -1.5215
11.37 -4.51623 0.0826819 -1.52654
11.38 -4.5163 0.0827855 -1.53129
11.39 -4.51636 0.0828898 -1.53577
11.4 -4.51642 0.0829948 -1.53998
11.41 -4.51648 0.0831004 -1.54395
11.42 -4.51653 0.0832067 -1.54767
11.43 -4.51658 0.0833135 -1.55116
11.44 -4.51664 0.083421 -1.55442
11.45 -4.51669 0.083529 -1.55748
11.46 -4.51674 0.0836376 -1.56032
11.47 -4.51678 0.0837468 -1.56296
11.48 -4.51683 0.0838564 -1.56541
11.49 -4.51687 0.0839666 -1.56767
11.5 -4.51691 0.0840772 -1.56975
11.51 -4.51695 0.0841883 -1.57165
11.52 -4.51699 0.0842998 -1.57337
11.53 -4.51703 0.0844117 -1.57494
11.54 -4.51706 0.084524 -1.57633
11.55 -4.51709 0.0846367 -1.57757
11.56 -4.51712 0.0847497 -1.57865
11.57 -4.51715 0.084863 -1.57957
11.58 -4.51718 0.0849766 -1.58034
11.59 -4.51721 0.0850905 -1.58096
11.6 -4.51723 0.0852046 -1.58143
11.61 -4.51725 0.085319 -1.58175
11.62 -4.51727 0.0854335 -1.58193
11.63 -4.51729 0.0855483 -1.58196
11.64 -4.5173 0.0856642 -1.58183
11.65 -4.51732 0.0857815 -1.58157
11.66 -4.51733 0.0858999 -1.58115
11.67 -4.51734 0.0860196 -1.58058
11.68 -4.51735 0.0861381 -1.57986
11.69 -4.51736 0.0862556 -1.57898
11.7 -4.51736 0.0863719 -1.57795
11.71 -4.51737 0.086487 -1.57675
11.72 -4.51737 0.086601 -1.57539
11.73 -4.51737 0.0867137 -1.57387
11.74 -4.51736 0.0868253 -1.57217
11.75 -4.51736 0.0869356 -1.57029
11.76 -4.51735 0.0870447 -1.56823
11.77 -4.51735 0.0871525 -1.56599
11.78 -4.51734 0.087259 -1.56355
11.79 -4.51733 0.0873653 -1.5609
11.8 -4.51732 0.0874714 -1.55805
11.81 -4.5173 0.0875771 -1.55498
11.82 -4.51729 0.0876826 -1.55168
11.83 -4.51727 0.0877878 -1.54815
11.84 -4.51725 0.0878926 -1.54437
11.85 -4.51723 0.087997 -1.54034
11.86 -4.51721 0.0881011 -1.53604
11.87 -4.51719 0.0882047 -1.53146
11.88 -4.51716 0.0883079 -1.52659
11.89 -4.51713 0.0884107 -1.52142
11.9 -4.51711 0.088513 -1.51594
11.91 -4.51708 0.0886148 -1.51012
11.92 -4.51705 0.0887161 -1.50396
11.93 -4.51701 0.0888169 -1.49744
11.94 -4.51698 0.0889171 -1.49054
11.95 -4.51694 0.0890167 -1.48326
11.96 -4.51691 0.0891158 -1.47557
11.97 -4.51687 0.0892142 -1.46745
11.98 -4.51683 0.0893121 -1.45889
11.99 -4.51679 0.0894093 -1.44987
12 -4.51674 0.0895059 -1.44037
12.01 -4.5167 0.0896018 -1.43038
12.02 -4.51666 0.089697 -1.41987
12.03 -4.51661 0.0897915 -1.40882
12.04 -4.51656 0.0898854 -1.39722
12.05 -4.51651 0.0899785 -1.38506
12.06 -4.51646 0.090071 -1.3723
12.07 -4.51641 0.0901627 -1.35894
12.08 -4.51636 0.0902536 -1.34496
12.09 -4.5163 0.0903439 -1.33034
12.1 -4.51625 0.0904333 -1.31507
12.11 -4.51619 0.0905221 -1.29915
12.12 -4.51613 0.09061 -1.28255
12.13 -4.51608 0.0906973 -1.26527
12.14 -4.51602 0.0907837 -1.2473
12.15 -4.51596 0.0908694 -1.22865
12.16 -4.51589 0.0909544 -1.20931
12.17 -4.51583 0.0910386 -1.18928
12.18 -4.51577 0.091122 -1.16857
12.19 -4.5157 0.0912047 -1.14719
12.2 -4.51564 0.0912867 -1.12515
12.21 -4.51557 0.0913679 -1.10248
12.22 -4.5155 0.0914484 -1.07918
12.23 -4.51544 0.0915282 -1.0553
12.24 -4.51537 0.0916073 -1.03085
12.25 -4.5153 0.0916857 -1.00587
12.26 -4.51523 0.0917634 -0.980399
12.27 -4.51515 0.0918404 -0.954477
12.28 -4.51508 0.0919168 -0.92815
12.29 -4.51501 0.0919925 -0.901465
12.3 -4.51494 0.0920676 -0.874475
12.31 -4.51486 0.0921421 -0.847232
12.32 -4.51479 0.092216 -0.819793
12.33 -4.51471 0.0922893 -0.792216
12.34 -4.51464 0.092362 -0.76456
12.35 -4.51456 0.0924342 -0.736886
12.36 -4.51448 0.0925059 -0.709253
12.37 -4.51441 0.092577 -0.681721
12.38 -4.51433 0.0926477 -0.65435
12.39 -4.51425 0.0927179 -0.627197
12.4 -4.51417 0.0927877 -0.600319
12.41 -4.51409 0.092857 -0.573769
12.42 -4.51401 0.0929259 -0.547599
12.43 -4.51393 0.0929944 -0.521855
12.44 -4.51385 0.0930625 -0.496584
12.45 -4.51377 0.0931303 -0.471824
12.46 -4.51369 0.0931977 -0.447614
12.47 -4.51361 0.0932648 -0.423986
12.48 -4.51353 0.0933316 -0.400967
12.49 -4.51345 0.0933982 -0.378582
12.5 -4.51336 0.0934644 -0.356849
12.51 -4.51328 0.0935304 -0.335784
12.52 -4.5132 0.0935961 -0.315396
12.53 -4.51312 0.0936616 -0.295692
12.54 -4.51303 0.0937269 -0.276674
12.55 -4.51295 0.0937921 -0.258338
12.56 -4.51287 0.093857 -0.240679
12.57 -4.51278 0.0939217 -0.223687
12.58 -4.5127 0.0939863 -0.207349
12.59 -4.51262 0.0940508 -0.191647
12.6 -4.51253 0.0941151 -0.176563
12.61 -4.51245 0.0941793 -0.162073
12.62 -4.51236 0.0942434 -0.148155
12.63 -4.51228 0.0943074 -0.13478
12.64 -4.51219 0.0943712 -0.121919
12.65 -4.51211 0.094435 -0.109543
12.66 -4.51203 0.0944988 -0.0976181
12.67 -4.51194 0.0945624 -0.086112
12.68 -4.51186 0.0946261 -0.07499
12.69 -4.51177 0.0946896 -0.0642166
12.7 -4.51169 0.0947531 -0.0537557
12.71 -4.5116 0.0948166 -0.0435707
12.72 -4.51152 0.0948801 -0.0336243
12.73 -4.51143 0.0949435 -0.0238793
12.74 -4.51135 0.095007 -0.014298
12.75 -4.51126 0.0950704 -0.00484287
12.76 -4.51118 0.0951338 0.00452369
12.77 -4.51109 0.0951973 0.013839
12.78 -4.51101 0.0952608 0.0231403
12.79 -4.51092 0.0953243 0.0324643
12.8 -4.51084 0.0953878 0.0418474
12.81 -4.51075 0.0954514 0.0513253
12.82 -4.51067 0.095515 0.0609331
12.83 -4.51058 0.0955788 0.0707054
12.84 -4.5105 0.0956426 0.0806755
12.85 -4.51041 0.0957064 0.0908761
12.86 -4.51033 0.0957704 0.101339
12.87 -4.51025 0.0958345 0.112093
12.88 -4.51016 0.0958987 0.123168
12.89 -4.51008 0.0959631 0.134592
12.9 -4.50999 0.0960276 0.146388
12.91 -4.50991 0.0960922 0.158582
12.92 -4.50982 0.096157 0.171194
12.93 -4.50974 0.096222 0.184244
12.94 -4.50966 0.0962871 0.197747
12.95 -4.50957 0.0963525 0.21172
12.96 -4.50949 0.0964181 0.226172
12.97 -4.5094 0.0964839 0.241112
12.98 -4.50932 0.09655 0.256545
12.99 -4.50924 0.0966163 0.272473
13 -4.50915 0.0966829 0.288896
13.01 -4.50907 0.0967497 0.305808
13.02 -4.50899 0.0968169 0.3232
13.03 -4.50891 0.0968844 0.341063
13.04 -4.50882 0.0969523 0.359381
13.05 -4.50874 0.0970204 0.378135
13.06 -4.50866 0.097089 0.397305
13.07 -4.50858 0.0971579 0.416865
13.08 -4.50849 0.0972273 0.43679
13.09 -4.50841 0.0972971 0.45705
13.1 -4.50833 0.0973672 0.477612
13.11 -4.50825 0.0974379 0.498443
13.12 -4.50817 0.097509 0.519507
13.13 -4.50809 0.0975806 0.540767
13.14 -4.50801 0.0976527 0.562185
13.15 -4.50793 0.0977253 0.583723
13.16 -4.50785 0.0977985 0.605341
13.17 -4.50777 0.0978722 0.627001
13.18 -4.5077 0.0979465 0.648663
13.19 -4.50762 0.0980213 0.67029
13.2 -4.50754 0.0980967 0.691845
13.21 -4.50746 0.0981728 0.713291
13.22 -4.50739 0.0982495 0.734594
13.23 -4.50731 0.0983268 0.75572
13.24 -4.50724 0.0984047 0.776639
13.25 -4.50716 0.0984833 0.79732
13.26 -4.50709 0.0985626 0.817736
13.27 -4.50701 0.0986425 0.837861
13.28 -4.50694 0.0987232 0.857672
13.29 -4.50687 0.0988045 0.877147
13.3 -4.5068 0.0988865 0.896268
13.31 -4.50673 0.0989693 0.915015
13.32 -4.50666 0.0990528 0.933375
13.33 -4.50659 0.099137 0.951333
13.34 -4.50652 0.0992219 0.968879
13.35 -4.50645 0.0993075 0.986003
13.36 -4.50638 0.0993939 1.0027
13.37 -4.50632 0.0994811 1.01895
13.38 -4.50625 0.0995689 1.03477
13.39 -4.50619 0.0996575 1.05014
13.4 -4.50613 0.0997469 1.06506
13.41 -4.50606 0.099837 1.07954
13.42 -4.506 0.0999278 1.09357
13.43 -4.50594 0.100019 1.10715
13.44 -4.50588 0.100112 1.12029
13.45 -4.50582 0.100205 1.13299
13.46 -4.50576 0.100298 1.14526
13.47 -4.50571 0.100393 1.15709
13.48 -4.50565 0.100488 1.16849
13.49 -4.5056 0.100584 1.17947
13.5 -4.50554 0.100681 1.19003
13.51 -4.50549 0.100778 1.20018
13.52 -4.50544 0.100876 1.20993
13.53 -4.50539 0.100974 1.21928
13.54 -4.50534 0.101074 1.22824
13.55 -4.5053 0.101174 1.23682
13.56 -4.50525 0.101274 1.24501
13.57 -4.5052 0.101375 1.25284
13.58 -4.50516 0.101477 1.26031
13.59 -4.50512 0.10158 1.26741
13.6 -4.50508 0.101683 1.27417
13.61 -4.50504 0.101786 1.28058
13.62 -4.505 0.10189 1.28666
13.63 -4.50496 0.101995 1.29241
13.64 -4.50493 0.1021 1.29782
13.65 -4.50489 0.102206 1.30293
13.66 -4.50486 0.102312 1.30771
13.67 -4.50483 0.102419 1.31219
13.68 -4.5048 0.102526 1.31636
13.69 -4.50477 0.102634 1.32024
13.7 -4.50474 0.102742 1.32382
13.71 -4.50471 0.10285 1.32711
13.72 -4.50469 0.102959 1.33011
13.73 -4.50467 0.103068 1.33283
13.74 -4.50464 0.103178 1.33527
13.75 -4.50462 0.103288 1.33744
13.76 -4.5046 0.103398 1.33933
13.77 -4.50459 0.103508 1.34094
13.78 -4.50457 0.103619 1.34229
13.79 -4.50456 0.10373 1.34337
13.8 -4.50454 0.103841 1.34418
13.81 -4.50453 0.103953 1.34472
13.82 -4.50452 0.104065 1.345
13.83 -4.50451 0.104176 1.34501
13.84 -4.50451 0.10429 1.34475
13.85 -4.5045 0.104403 1.34423
13.86 -4.5045 0.104516 1.34344
13.87 -4.50449 0.10463 1.34238
13.88 -4.50449 0.104743 1.34105
13.89 -4.50449 0.104857 1.33944
13.9 -4.5045 0.104971 1.33757
13.91 -4.5045 0.105084 1.33541
13.92 -4.50451 0.105198 1.33298
13.93 -4.50451 0.105312 1.33026
13.94 -4.50452 0.105425 1.32725
13.95 -4.50453 0.105539 1.32396
13.96 -4.50454 0.105653 1.32037
13.97 -4.50455 0.105766 1.31648
13.98 -4.50457 0.105879 1.31229
13.99 -4.50458 0.105992 1.30779
14 -4.5046 0.106105 1.30298
14.01 -4.50462 0.106218 1.29784
14.02 -4.50464 0.106331 1.29239
14.03 -4.50466 0.106443 1.28661
14.04 -4.50468 0.106556 1.28049
14.05 -4.50471 0.106668 1.27404
14.06 -4.50473 0.10678 1.26725
14.07 -4.50476 0.106891 1.26011
14.08 -4.50479 0.107002 1.25261
14.09 -4.50482 0.107113 1.24475
14.1 -4.50485 0.107224 1.23653
14.11 -4.50488 0.107334 1.22794
14.12 -4.50492 0.107444 1.21897
14.13 -4.50495 0.107554 1.20962
14.14 -4.50499 0.107663 1.19989
14.15 -4.50503 0.107772 1.18976
14.16 -4.50507 0.10788 1.17924
14.17 -4.50511 0.107989 1.16832
14.18 -4.50515 0.108096 1.15701
14.19 -4.5052 0.108204 1.14528
14.2 -4.50524 0.108311 1.13315
14.21 -4.50529 0.108417 1.12061
14.22 -4.50533 0.108523 1.10766
14.23 -4.50538 0.108629 1.0943
14.24 -4.50543 0.108734 1.08054
14.25 -4.50548 0.108839 1.06636
14.26 -4.50553 0.108943 1.05179
14.27 -4.50559 0.109047 1.03681
14.28 -4.50564 0.10915 1.02144
14.29 -4.5057 0.109253 1.00569
14.3 -4.50575 0.109356 0.989547
14.31 -4.50581 0.109458 0.973037
14.32 -4.50587 0.109559 0.956164
14.33 -4.50593 0.109661 0.938942
14.34 -4.50599 0.109761 0.921382
14.35 -4.50605 0.109862 0.903499
14.36 -4.50611 0.109961 0.885308
14.37 -4.50617 0.110061 0.866826
14.38 -4.50624 0.11016 0.84807
14.39 -4.5063 0.110258 0.829061
14.4 -4.50637 0.110356 0.809818
14.41 -4.50643 0.110454 0.790363
14.42 -4.5065 0.110551 0.770718
14.43 -4.50657 0.110648 0.750906
14.44 -4.50664 0.110744 0.730953
14.45 -4.50671 0.11084 0.710882
14.46 -4.50678 0.110936 0.690719
14.47 -4.50685 0.111031 0.67049
14.48 -4.50692 0.111126 0.65022
14.49 -4.507 0.111221 0.629936
14.5 -4.50707 0.111315 0.609662
14.51 -4.50714 0.111409 0.589426
14.52 -4.50722 0.111503 0.569251
14.53 -4.50729 0.111596 0.549163
14.54 -4.50737 0.111689 0.529184
14.55 -4.50744 0.111782 0.509338
14.56 -4.50752 0.111874 0.489644
14.57 -4.5076 0.111966 0.470125
14.58 -4.50768 0.112058 0.450797
14.59 -4.50775 0.11215 0.431678
14.6 -4.50783 0.112241 0.412782
14.61 -4.50791 0.112332 0.394122
14.62 -4.50799 0.112423 0.37571
14.63 -4.50807 0.112514 0.357552
14.64 -4.50815 0.112604 0.339656
14.65 -4.50823 0.112695 0.322025
14.66 -4.50831 0.112785 0.304659
14.67 -4.50839 0.112875 0.287558
14.68 -4.50848 0.112965 0.270718
14.69 -4.50856 0.113054 0.25413
14.7 -4.50864 0.113144 0.237786
14.71 -4.50872 0.113233 0.221672
14.72 -4.50881 0.113323 0.205774
14.73 -4.50889 0.113412 0.190073
14.74 -4.50897 0.113501 0.17455
14.75 -4.50905 0.11359 0.159179
14.76 -4.50914 0.113679 0.143936
14.77 -4.50922 0.113768 0.128792
14.78 -4.5093 0.113857 0.113715
14.79 -4.50939 0.113945 0.0986735
14.8 -4.50947 0.114034 0.0836315
14.81 -4.50956 0.114123 0.068552
14.82 -4.50964 0.114211 0.053396
14.83 -4.50972 0.1143 0.0381233
14.84 -4.50981 0.114388 0.0226924
14.85 -4.50989 0.114477 0.0070609
14.86 -4.50998 0.114565 -0.00881404
14.87 -4.51006 0.114654 -0.0249755
14.88 -4.51014 0.114743 -0.0414663
14.89 -4.51023 0.114831 -0.0583285
14.9 -4.51031 0.11492 -0.075603
14.91 -4.5104 0.115009 -0.0933291
14.92 -4.51048 0.115098 -0.111544
14.93 -4.51056 0.115187 -0.130281
14.94 -4.51065 0.115277 -0.149572
14.95 -4.51073 0.115366 -0.169444
14.96 -4.51081 0.115456 -0.189919
14.97 -4.5109 0.115546 -0.211015
14.98 -4.51098 0.115636 -0.232745
14.99 -4.51106 0.115727 -0.255114
15 -4.51115 0.115817 -0.278124
15.01 -4.51123 0.115909 -0.301768
15.02 -4.51131 0.116 -0.326034
15.03 -4.51139 0.116092 -0.350902
15.04 -4.51148 0.116184 -0.376348
15.05 -4.51156 0.116277 -0.402338
15.06 -4.51164 0.11637 -0.428836
15.07 -4.51172 0.116464 -0.455796
15.08 -4.5118 0.116558 -0.483172
15.09 -4.51188 0.116653 -0.510908
15.1 -4.51196 0.116748 -0.538948
15.11 -4.51204 0.116843 -0.567232
15.12 -4.51212 0.11694 -0.595697
15.13 -4.5122 0.117037 -0.624279
15.14 -4.51227 0.117134 -0.652912
15.15 -4.51235 0.117232 -0.681533
15.16 -4.51243 0.117331 -0.710077
15.17 -4.5125 0.117431 -0.738481
15.18 -4.51258 0.117531 -0.766685
15.19 -4.51265 0.117632 -0.79463
15.2 -4.51273 0.117734 -0.822263
15.21 -4.5128 0.117836 -0.849532
15.22 -4.51287 0.117939 -0.87639
15.23 -4.51294 0.118043 -0.902792
15.24 -4.51301 0.118148 -0.9287
15.25 -4.51308 0.118253 -0.954078
15.26 -4.51315 0.11836 -0.978896
15.27 -4.51322 0.118467 -1.00313
15.28 -4.51329 0.118575 -1.02675
15.29 -4.51335 0.118683 -1.04974
15.3 -4.51342 0.118793 -1.07209
15.31 -4.51348 0.118903 -1.09379
15.32 -4.51354 0.119014 -1.11482
15.33 -4.5136 0.119126 -1.13519
15.34 -4.51366 0.119239 -1.15488
15.35 -4.51372 0.119352 -1.17391
15.36 -4.51378 0.119466 -1.19227
15.37 -4.51383 0.119582 -1.20997
15.38 -4.51389 0.119697 -1.22702
15.39 -4.51394 0.119814 -1.24342
15.4 -4.51399 0.119931 -1.25919
15.41 -4.51404 0.120049 -1.27433
15.42 -4.51409 0.120168 -1.28886
15.43 -4.51414 0.120288 -1.3028
15.44 -4.51418 0.120408 -1.31615
15.45 -4.51423 0.120529 -1.32893
15.46 -4.51427 0.12065 -1.34116
15.47 -4.51431 0.120772 -1.35285
15.48 -4.51435 0.120895 -1.36401
15.49 -4.51438 0.121019 -1.37467
15.5 -4.51442 0.121142 -1.38484
15.51 -4.51445 0.121267 -1.39453
15.52 -4.51449 0.121392 -1.40376
15.53 -4.51452 0.121518 -1.41255
15.54 -4.51455 0.121644 -1.4209
15.55 -4.51457 0.12177 -1.42884
15.56 -4.5146 0.121897 -1.43638
15.57 -4.51462 0.122024 -1.44352
15.58 -4.51464 0.122152 -1.4503
15.59 -4.51466 0.12228 -1.45671
15.6 -4.51468 0.122409 -1.46277
15.61 -4.5147 0.122537 -1.4685
15.62 -4.51471 0.122666 -1.4739
15.63 -4.51472 0.122796 -1.47899
15.64 -4.51473 0.122925 -1.48377
15.65 -4.51474 0.123055 -1.48826
15.66 -4.51475 0.123185 -1.49246
15.67 -4.51475 0.123315 -1.49639
15.68 -4.51475 0.123445 -1.50005
15.69 -4.51475 0.123575 -1.50345
15.7 -4.51475 0.123705 -1.50659
15.71 -4.51475 0.123835 -1.5095
15.72 -4.51474 0.123965 -1.51216
15.73 -4.51473 0.124095 -1.51459
15.74 -4.51473 0.124225 -1.51679
15.75 -4.51471 0.124355 -1.51876
15.76 -4.5147 0.124485 -1.52052
15.77 -4.51469 0.124615 -1.52206
15.78 -4.51467 0.124744 -1.52339
15.79 -4.51465 0.124873 -1.5245
15.8 -4.51463 0.125002 -1.52542
15.81 -4.5146 0.125131 -1.52612
15.82 -4.51458 0.125259 -1.52662
15.83 -4.51455 0.125387 -1.52692
15.84 -4.51452 0.125516 -1.52701
15.85 -4.51449 0.125644 -1.5269
15.86 -4.51446 0.125772 -1.52659
15.87 -4.51442 0.125899 -1.52607
15.88 -4.51438 0.126026 -1.52535
15.89 -4.51435 0.126153 -1.52442
15.9 -4.5143 0.126278 -1.52329
15.91 -4.51426 0.126403 -1.52194
15.92 -4.51422 0.126528 -1.52037
15.93 -4.51417 0.126652 -1.51859
15.94 -4.51412 0.126775 -1.51658
15.95 -4.51407 0.126898 -1.51434
15.96 -4.51402 0.127019 -1.51187
15.97 -4.51396 0.12714 -1.50916
15.98 -4.51391 0.127261 -1.50619
15.99 -4.51385 0.12738 -1.50298
16 -4.51379 0.127498 -1.4995
16.01 -4.51373 0.127616 -1.49575
16.02 -4.51366 0.127733 -1.49172
16.03 -4.5136 0.127849 -1.4874
16.04 -4.51353 0.127964 -1.48278
16.05 -4.51346 0.128078 -1.47785
16.06 -4.51339 0.128191 -1.47259
16.07 -4.51332 0.128303 -1.46701
16.08 -4.51325 0.128414 -1.46107
16.09 -4.51317 0.128524 -1.45477
16.1 -4.51309 0.128632 -1.4481
16.11 -4.51302 0.12874 -1.44104
16.12 -4.51294 0.128847 -1.43358
16.13 -4.51285 0.128952 -1.4257
16.14 -4.51277 0.129057 -1.41738
16.15 -4.51269 0.12916 -1.40862
16.16 -4.5126 0.129262 -1.39939
16.17 -4.51251 0.129363 -1.38969
16.18 -4.51242 0.129463 -1.37948
16.19 -4.51233 0.129562 -1.36876
16.2 -4.51224 0.129659 -1.35751
16.21 -4.51215 0.129756 -1.34572
16.22 -4.51205 0.129851 -1.33337
16.23 -4.51196 0.129945 -1.32044
16.24 -4.51186 0.130037 -1.30693
16.25 -4.51176 0.130129 -1.29281
16.26 -4.51166 0.130219 -1.27808
16.27 -4.51156 0.130308 -1.26273
16.28 -4.51146 0.130396 -1.24675
16.29 -4.51136 0.130482 -1.23014
16.3 -4.51125 0.130568 -1.21288
16.31 -4.51115 0.130652 -1.19497
16.32 -4.51104 0.130735 -1.17642
16.33 -4.51094 0.130817 -1.15723
16.34 -4.51083 0.130897 -1.1374
16.35 -4.51072 0.130977 -1.11695
16.36 -4.51061 0.131055 -1.09589
16.37 -4.5105 0.131132 -1.07422
16.38 -4.51038 0.131209 -1.05197
16.39 -4.51027 0.131284 -1.02917
16.4 -4.51016 0.131357 -1.00584
16.41 -4.51004 0.13143 -0.98201
16.42 -4.50993 0.131502 -0.957713
16.43 -4.50981 0.131573 -0.932987
16.44 -4.5097 0.131643 -0.907873
16.45 -4.50958 0.131711 -0.882414
16.46 -4.50946 0.131779 -0.856658
16.47 -4.50934 0.131846 -0.830652
16.48 -4.50922 0.131912 -0.80445
16.49 -4.5091 0.131977 -0.778103
16.5 -4.50898 0.132041 -0.751666
16.51 -4.50886 0.132105 -0.725196
16.52 -4.50874 0.132167 -0.698748
16.53 -4.50862 0.132229 -0.672379
16.54 -4.5085 0.13229 -0.646145
16.55 -4.50837 0.13235 -0.620101
16.56 -4.50825 0.13241 -0.5943
16.57 -4.50813 0.132469 -0.568795
16.58 -4.508 0.132527 -0.543636
16.59 -4.50788 0.132585 -0.518869
16.6 -4.50775 0.132642 -0.49454
16.61 -4.50763 0.132699 -0.47069
16.62 -4.5075 0.132755 -0.447356
16.63 -4.50738 0.13281 -0.424573
16.64 -4.50725 0.132866 -0.40237
16.65 -4.50712 0.13292 -0.380775
16.66 -4.507 0.132974 -0.35981
16.67 -4.50687 0.133028 -0.339492
16.68 -4.50674 0.133082 -0.319836
16.69 -4.50661 0.133135 -0.300851
16.7 -4.50649 0.133187 -0.282545
16.71 -4.50636 0.13324 -0.264918
16.72 -4.50623 0.133292 -0.247971
16.73 -4.5061 0.133344 -0.231697
16.74 -4.50597 0.133395 -0.216089
16.75 -4.50585 0.133447 -0.201136
16.76 -4.50572 0.133498 -0.186822
16.77 -4.50559 0.133549 -0.173133
16.78 -4.50546 0.133599 -0.160048
16.79 -4.50533 0.13365 -0.147547
16.8 -4.5052 0.1337 -0.135606
16.81 -4.50507 0.133751 -0.1242
16.82 -4.50494 0.133801 -0.113303
16.83 -4.50481 0.133851 -0.102888
16.84 -4.50469 0.1339 -0.0929263
16.85 -4.50456 0.13395 -0.0833878
16.86 -4.50443 0.134 -0.0742427
16.87 -4.5043 0.134049 -0.0654604
16.88 -4.50417 0.134099 -0.0570096
16.89 -4.50404 0.134148 -0.0488592
16.9 -4.50391 0.134198 -0.0409774
16.91 -4.50378 0.134247 -0.0333327
16.92 -4.50365 0.134297 -0.0258934
16.93 -4.50352 0.134346 -0.0186278
16.94 -4.50339 0.134395 -0.0115046
16.95 -4.50326 0.134444 -0.00449234
16.96 -4.50313 0.134494 0.00244005
16.97 -4.503 0.134543 0.00932344
16.98 -4.50287 0.134592 0.0161884
16.99 -4.50274 0.134642 0.0230653
17 -4.50261 0.134691 0.0299841
17.01 -4.50248 0.134741 0.0369743
17.02 -4.50235 0.13479 0.0440653
17.03 -4.50222 0.13484 0.0512858
17.04 -4.50209 0.134889 0.0586641
17.05 -4.50196 0.134939 0.0662282
17.06 -4.50183 0.134989 0.0740052
17.07 -4.5017 0.135039 0.0820216
17.08 -4.50157 0.135089 0.0903035
17.09 -4.50144 0.135139 0.0988758
17.1 -4.50132 0.13519 0.107763
17.11 -4.50119 0.13524 0.116987
17.12 -4.50106 0.135291 0.126571
17.13 -4.50093 0.135342 0.136535
17.14 -4.5008 0.135393 0.146899
17.15 -4.50067 0.135445 0.157679
17.16 -4.50054 0.135496 0.168893
17.17 -4.50041 0.135548 0.180553
17.18 -4.50028 0.1356 0.192671
17.19 -4.50015 0.135653 0.205258
17.2 -4.50002 0.135705 0.218321
17.21 -4.49989 0.135758 0.231864
17.22 -4.49976 0.135812 0.245889
17.23 -4.49964 0.135865 0.260396
17.24 -4.49951 0.135919 0.275382
17.25 -4.49938 0.135974 0.290839
17.26 -4.49925 0.136029 0.306759
17.27 -4.49912 0.136084 0.32313
17.28 -4.49899 0.13614 0.339937
17.29 -4.49886 0.136196 0.357162
17.3 -4.49874 0.136253 0.374784
17.31 -4.49861 0.136311 0.39278
17.32 -4.49848 0.136369 0.411125
17.33 -4.49835 0.136427 0.429791
17.34 -4.49823 0.136486 0.448749
17.35 -4.4981 0.136546 0.467967
17.36 -4.49797 0.136606 0.487411
17.37 -4.49784 0.136668 0.507049
17.38 -4.49772 0.136729 0.526845
17.39 -4.49759 0.136792 0.546763
17.4 -4.49747 0.136855 0.566768
17.41 -4.49734 0.136919 0.586824
17.42 -4.49721 0.136984 0.606894
17.43 -4.49709 0.13705 0.626945
17.44 -4.49696 0.137117 0.64694
17.45 -4.49684 0.137184 0.666848
17.46 -4.49672 0.137253 0.686634
17.47 -4.49659 0.137322 0.70627
17.48 -4.49647 0.137392 0.725724
17.49 -4.49635 0.137463 0.744969
17.5 -4.49622 0.137536 0.763979
17.51 -4.4961 0.137609 0.782729
17.52 -4.49598 0.137683 0.801196
17.53 -4.49586 0.137758 0.81936
17.54 -4.49574 0.137835 0.837202
17.55 -4.49562 0.137912 0.854704
17.56 -4.4955 0.137991 0.87185
17.57 -4.49538 0.138071 0.888629
17.58 -4.49526 0.138151 0.905026
17.59 -4.49515 0.138233 0.921033
17.6 -4.49503 0.138316 0.93664
17.61 -4.49491 0.138401 0.951839
17.62 -4.4948 0.138486 0.966626
17.63 -4.49468 0.138573 0.980995
17.64 -4.49457 0.138661 0.994943
17.65 -4.49446 0.13875 1.00847
17.66 -4.49435 0.13884 1.02157
17.67 -4.49423 0.138931 1.03424
17.68 -4.49412 0.139024 1.04649
17.69 -4.49402 0.139118 1.05832
17.7 -4.49391 0.139213 1.06973
17.71 -4.4938 0.13931 1.08071
17.72 -4.49369 0.139407 1.09128
17.73 -4.49359 0.139506 1.10144
17.74 -4.49348 0.139606 1.11119
17.75 -4.49338 0.139707 1.12054
17.76 -4.49328 0.13981 1.12948
17.77 -4.49318 0.139914 1.13803
17.78 -4.49308 0.140019 1.14619
17.79 -4.49298 0.140125 1.15397
17.8 -4.49288 0.140232 1.16136
17.81 -4.49278 0.140341 1.16838
17.82 -4.49269 0.14045 1.17502
17.83 -4.4926 0.140561 1.18131
17.84 -4.4925 0.140674 1.18723
17.85 -4.49241 0.140787 1.19279
17.86 -4.49232 0.140901 1.198
17.87 -4.49223 0.141017 1.20287
17.88 -4.49214 0.141134 1.20739
17.89 -4.49206 0.141252 1.21157
17.9 -4.49197 0.14137 1.21542
17.91 -4.49189 0.141491 1.21893
17.92 -4.49181 0.141612 1.22212
17.93 -4.49173 0.141734 1.22498
17.94 -4.49165 0.141857 1.22752
17.95 -4.49157 0.141982 1.22974
17.96 -4.4915 0.142107 1.23164
17.97 -4.49142 0.142233 1.23323
17.98 -4.49135 0.14236 1.2345
17.99 -4.49128 0.142489 1.23546
18 -4.49121 0.142618 1.2361
18.01 -4.49114 0.142748 1.23644
18.02 -4.49107 0.142879 1.23647
18.03 -4.49101 0.143013 1.23618
18.04 -4.49094 0.143147 1.23559
18.05 -4.49088 0.143282 1.23468
18.06 -4.49082 0.143418 1.23347
18.07 -4.49076 0.143554 1.23194
18.08 -4.4907 0.143692 1.23009
18.09 -4.49065 0.14383 1.22794
18.1 -4.49059 0.143969 1.22546
18.11 -4.49054 0.144109 1.22267
18.12 -4.49049 0.14425 1.21956
18.13 -4.49044 0.144391 1.21612
18.14 -4.49039 0.144533 1.21235
18.15 -4.49035 0.144675 1.20826
18.16 -4.4903 0.144818 1.20384
18.17 -4.49026 0.144962 1.19908
18.18 -4.49022 0.145107 1.19398
18.19 -4.49018 0.145252 1.18854
18.2 -4.49014 0.145397 1.18275
18.21 -4.49011 0.145543 1.17661
18.22 -4.49007 0.14569 1.17013
18.23 -4.49004 0.145837 1.16328
18.24 -4.49001 0.145984 1.15608
18.25 -4.48998 0.146132 1.14852
18.26 -4.48995 0.14628 1.14058
18.27 -4.48993 0.146429 1.13229
18.28 -4.4899 0.146578 1.12362
18.29 -4.48988 0.146728 1.11457
18.3 -4.48986 0.146878 1.10515
18.31 -4.48984 0.147028 1.09536
18.32 -4.48982 0.147178 1.08518
18.33 -4.48981 0.147329 1.07462
18.34 -4.48979 0.14748 1.06368
18.35 -4.48978 0.147632 1.05237
18.36 -4.48977 0.147783 1.04067
18.37 -4.48976 0.147935 1.02859
18.38 -4.48975 0.148087 1.01614
18.39 -4.48975 0.148239 1.00332
18.4 -4.48974 0.148392 0.990122
18.41 -4.48974 0.148544 0.976563
18.42 -4.48974 0.148697 0.962643
18.43 -4.48973 0.14885 0.948371
18.44 -4.48974 0.149002 0.933753
18.45 -4.48974 0.149156 0.918798
18.46 -4.48974 0.149309 0.903516
18.47 -4.48975 0.149462 0.887917
18.48 -4.48975 0.149615 0.872012
18.49 -4.48976 0.149769 0.855816
18.5 -4.48977 0.149922 0.839341
18.51 -4.48978 0.150076 0.822602
18.52 -4.48979 0.150229 0.805617
18.53 -4.4898 0.150383 0.788401
18.54 -4.48982 0.150536 0.770973
18.55 -4.48983 0.15069 0.753354
18.56 -4.48985 0.150843 0.735565
18.57 -4.48987 0.150997 0.717627
18.58 -4.48988 0.151151 0.699562
18.59 -4.4899 0.151304 0.681393
18.6 -4.48992 0.151458 0.663143
18.61 -4.48995 0.151611 0.644835
18.62 -4.48997 0.151765 0.626493
18.63 -4.48999 0.151918 0.608141
18.64 -4.49002 0.152072 0.589802
18.65 -4.49004 0.152225 0.5715
18.66 -4.49007 0.152379 0.553258
18.67 -4.49009 0.152532 0.535099
18.68 -4.49012 0.152686 0.517046
18.69 -4.49015 0.152839 0.49912
18.7 -4.49018 0.152992 0.481342
18.71 -4.49021 0.153146 0.463732
18.72 -4.49024 0.153299 0.446311
18.73 -4.49027 0.153452 0.429095
18.74 -4.4903 0.153606 0.412101
18.75 -4.49034 0.153759 0.395345
18.76 -4.49037 0.153912 0.378841
18.77 -4.4904 0.154065 0.362602
18.78 -4.49044 0.154218 0.346638
18.79 -4.49047 0.154371 0.330959
18.8 -4.49051 0.154524 0.315571
18.81 -4.49054 0.154677 0.300481
18.82 -4.49058 0.15483 0.285693
18.83 -4.49062 0.154983 0.271207
18.84 -4.49065 0.155136 0.257024
18.85 -4.49069 0.155289 0.243142
18.86 -4.49073 0.155442 0.229556
18.87 -4.49077 0.155594 0.216261
18.88 -4.49081 0.155747 0.203247
18.89 -4.49085 0.1559 0.190504
18.9 -4.49089 0.156053 0.17802
18.91 -4.49092 0.156206 0.16578
18.92 -4.49096 0.156358 0.153768
18.93 -4.491 0.156511 0.141964
18.94 -4.49104 0.156664 0.130349
18.95 -4.49109 0.156816 0.1189
18.96 -4.49113 0.156969 0.107591
18.97 -4.49117 0.157122 0.096398
18.98 -4.49121 0.157274 0.085291
18.99 -4.49125 0.157427 0.0742406
19 -4.49129 0.15758 0.0632148
19.01 -4.49133 0.157732 0.0521804
19.02 -4.49137 0.157885 0.0411025
19.03 -4.49141 0.158038 0.0299449
19.04 -4.49145 0.15819 0.0186699
19.05 -4.4915 0.158343 0.00723885
19.06 -4.49154 0.158495 -0.0043878
19.07 -4.49158 0.158648 -0.0162504
19.08 -4.49162 0.158801 -0.0283899
19.09 -4.49166 0.158953 -0.0408474
19.1 -4.4917 0.159106 -0.0536638
19.11 -4.49174 0.159259 -0.0668799
19.12 -4.49178 0.159412 -0.0805356
19.13 -4.49182 0.159564 -0.0946696
19.14 -4.49186 0.159717 -0.109319
19.15 -4.4919 0.15987 -0.124519
19.16 -4.49194 0.160024 -0.140303
19.17 -4.49198 0.160177 -0.156699
19.18 -4.49202 0.16033 -0.173735
19.19 -4.49206 0.160484 -0.191432
19.2 -4.4921 0.160637 -0.209808
19.21 -4.49214 0.160791 -0.228876
19.22 -4.49218 0.160945 -0.248644
19.23 -4.49222 0.161099 -0.269112
19.24 -4.49226 0.161254 -0.290278
19.25 -4.49229 0.161408 -0.312129
19.26 -4.49233 0.161563 -0.334651
19.27 -4.49237 0.161718 -0.35782
19.28 -4.4924 0.161873 -0.381606
19.29 -4.49244 0.162028 -0.405975
19.3 -4.49247 0.162184 -0.430886
19.31 -4.4925 0.16234 -0.456292
19.32 -4.49254 0.162496 -0.482143
19.33 -4.49257 0.162652 -0.508384
19.34 -4.4926 0.162809 -0.534955
19.35 -4.49263 0.162966 -0.561797
19.36 -4.49266 0.163123 -0.588845
19.37 -4.49269 0.16328 -0.616034
19.38 -4.49272 0.163438 -0.643301
19.39 -4.49274 0.163596 -0.670581
19.4 -4.49277 0.163755 -0.697808
19.41 -4.49279 0.163913 -0.724922
19.42 -4.49282 0.164072 -0.751862
19.43 -4.49284 0.164231 -0.778571
19.44 -4.49286 0.164391 -0.804995
19.45 -4.49288 0.16455 -0.831083
19.46 -4.49289 0.16471 -0.856789
19.47 -4.49291 0.164871 -0.882068
19.48 -4.49293 0.165031 -0.906883
19.49 -4.49294 0.165192 -0.931199
19.5 -4.49295 0.165353 -0.954985
19.51 -4.49296 0.165514 -0.978214
19.52 -4.49297 0.165675 -1.00086
19.53 -4.49298 0.165837 -1.02292
19.54 -4.49298 0.165999 -1.04436
19.55 -4.49299 0.16616 -1.06517
19.56 -4.49299 0.166322 -1.08535
19.57 -4.49299 0.166485 -1.1049
19.58 -4.49299 0.166647 -1.1238
19.59 -4.49299 0.166809 -1.14206
19.6 -4.49298 0.166971 -1.15968
19.61 -4.49297 0.167133 -1.17667
19.62 -4.49296 0.167296 -1.19302
19.63 -4.49295 0.167458 -1.20876
19.64 -4.49294 0.16762 -1.22388
19.65 -4.49292 0.167782 -1.2384
19.66 -4.49291 0.167944 -1.25232
19.67 -4.49289 0.168106 -1.26567
19.68 -4.49287 0.168267 -1.27844
19.69 -4.49284 0.168429 -1.29066
19.7 -4.49282 0.16859 -1.30235
19.71 -4.49279 0.168751 -1.3135
19.72 -4.49276 0.168911 -1.32414
19.73 -4.49273 0.169071 -1.33428
19.74 -4.4927 0.169231 -1.34393
19.75 -4.49266 0.169391 -1.35312
19.76 -4.49262 0.169549 -1.36185
19.77 -4.49258 0.169708 -1.37014
19.78 -4.49254 0.169866 -1.378
19.79 -4.49249 0.170023 -1.38544
19.8 -4.49245 0.17018 -1.39249
19.81 -4.4924 0.170336 -1.39914
19.82 -4.49234 0.170492 -1.40542
19.83 -4.49229 0.170647 -1.41133
19.84 -4.49223 0.170801 -1.41689
19.85 -4.49218 0.170954 -1.4221
19.86 -4.49212 0.171107 -1.42697
19.87 -4.49205 0.171259 -1.43152
19.88 -4.49199 0.17141 -1.43575
19.89 -4.49192 0.17156 -1.43968
19.9 -4.49185 0.171709 -1.4433
19.91 -4.49178 0.171857 -1.44663
19.92 -4.49171 0.172004 -1.44967
19.93 -4.49163 0.17215 -1.45242
19.94 -4.49155 0.172295 -1.4549
19.95 -4.49147 0.172439 -1.45711
19.96 -4.49139 0.172581 -1.45905
19.97 -4.49131 0.172723 -1.46073
19.98 -4.49122 0.172863 -1.46214
19.99 -4.49113 0.173003 -1.4633
