0 0.250187 -0.8294 -0.377951 0.440761 0.26689 0.263161 0.0731907 0.720003 0.896418 0.940678 0.526555 0.0320394 -0.367003 -0.950955 -0.193063 -0.573598 0.515742 0.569548 0.0964739 -0.736091 -0.886153 -0.846217 0.94227 0.794108 -0.0974435 0.91527 -0.0382701 0.0777031 -0.245269 -0.395618 0.7334 0.513712 0.225448 -0.0443706 0.761748 0.660457 0.497838 0.254303 0.116217 0.704239 0.925781 -0.353974 -0.127807 -0.46251 -0.374933 0.752592 -0.409736 0.719041 0.67106 -0.426045 0.455797 -0.530697 -0.57762 0.855728 -0.226606 0.138556 0.281618 0.576852 -0.897141 0.543518 -0.400918 -0.176878 0.809096 0.0861817 -0.855556 0.905869 0.506381 0.4199 0.608571 -0.991583 -0.0485747 0.264508 0.803416 0.153893 -0.0662341 0.297355 0.347153 -0.563285 0.280777 0.722644 0.585259 -0.25194 -0.578423 0.648566 0.45599 -0.782602 0.596313 0.922309 -0.970886 -0.357716 -0.986846 -0.913528 0.470781 375.28 -1244.1 -566.926 661.142 400.335 394.741 109.786 1080 1344.63 1411.02 789.833 48.0591 -5.50505 -14.2643 -2.89595 -8.60397 7.73613 8.54323 1.44711 -11.0414 -13.2923 -12.6933 14.1341 11.9116 -1.46165 13.729 -0.574052 1.16555 -3.67903 -5.93426 11.001 7.70568 3.38172 -0.665559 11.4262 9.90685 7.46758 3.81455 1.74326 10.5636 13.8867 -5.30961 -1.9171 -6.93765 -5.624 11.2889 -6.14603 10.7856 10.0659 -6.39067 6.83696 -7.96045 -8.66431 12.8359 -3.3991 2.07835 4.22427 8.65277 -13.4571 8.15277 -6.01377 -2.65316 12.1364 1.29273 -12.8333 13.588 7.59572 6.2985 9.12856 -14.8737 -0.728621 3.96762 12.0512 2.30839 -0.993512 4.46033 5.2073 -8.44927 4.21165 10.8397 3.34978 1.63352 0.964232 3.47956 3.08478 0.545666 3.37244 4.04073 0.159683 4.81713 0.126967 0.277268 1.73539 78.3374 -16.0278 84.354 -37.7249 -6.71045 -27.2485 44.6447 -124.693 -22.0644 -135.568 -6.86815 189.075 0.0917176 0.510427 -2.81846 -1.63364 0.0441787 -0.410752 -2.49205 -1.00973 -0.310964 0.755752 -2.31402 -1.73966 -0.638866 1.42283 -0.456352 -1.27996 -0.601092 -0.373167 1.43637 0.0848115 -0.559797 -1.82279 -0.149931 -0.0849767 0.469319 -1.78214 1.08559 -2.04691 0.504036 -1.12896 0.499711 -0.879582 0.640211 -0.590526 0.938373 -1.28693 -0.282711 -0.0326842 -0.707251 -0.188722 0.159251 0.0519555 0.426156 -0.07975 -0.340897 0.492668 2.35989 0.506869 0.503449 0.234452 0.520337 -0.282096 0.514418 -0.349905 0.51211 -1.2883 1.26557 0.154461 -1.40489 -0.4751 -0.709351 -0.0897365 0.775362 1.49817 -0.513757 0.465549 0.204728 -0.461207 2.12075 2.06313 2.12721 2.07609 2.22971 2.28653 2.25169 2.29337 2.08548 7.43312 2.02967 2.25201 1.43679
1 0.250187 -0.8294 -0.377951 0.440761 0.26689 0.263161 0.0731907 0.720003 0.896418 0.940678 0.526555 0.0320394 -0.367003 -0.950955 -0.193063 -0.573598 0.515742 0.569548 0.0964739 -0.736091 -0.886153 -0.846217 0.94227 0.794108 -0.0974435 0.91527 -0.0382701 0.0777031 -0.245269 -0.395618 0.7334 0.513712 0.225448 -0.0443706 0.761748 0.660457 0.497838 0.254303 0.116217 0.704239 0.925781 -0.353974 -0.127807 -0.46251 -0.374933 0.752592 -0.409736 0.719041 0.67106 -0.426045 0.455797 -0.530697 -0.57762 0.855728 -0.226606 0.138556 0.281618 0.576852 -0.897141 0.543518 -0.400918 -0.176878 0.809096 0.0861817 -0.855556 0.905869 0.506381 0.4199 0.608571 -0.991583 -0.0485747 0.264508 0.803416 0.153893 -0.0662341 0.297355 0.347153 -0.563285 0.280777 0.722644 0.585259 -0.25194 -0.578423 0.648566 0.45599 -0.782602 0.596313 0.922309 -0.970886 -0.357716 -0.986846 -0.913528 0.470781 375.28 -1244.1 -566.926 661.142 400.335 394.741 109.786 1080 1344.63 1411.02 789.833 48.0591 -5.50505 -14.2643 -2.89595 -8.60397 7.73613 8.54323 1.44711 -11.0414 -13.2923 -12.6933 14.1341 11.9116 -1.46165 13.729 -0.574052 1.16555 -3.67903 -5.93426 11.001 7.70568 3.38172 -0.665559 11.4262 9.90685 7.46758 3.81455 1.74326 10.5636 13.8867 -5.30961 -1.9171 -6.93765 -5.624 11.2889 -6.14603 10.7856 10.0659 -6.39067 6.83696 -7.96045 -8.66431 12.8359 -3.3991 2.07835 4.22427 8.65277 -13.4571 8.15277 -6.01377 -2.65316 12.1364 1.29273 -12.8333 13.588 7.59572 6.2985 9.12856 -14.8737 -0.728621 3.96762 12.0512 2.30839 -0.993512 4.46033 5.2073 -8.44927 4.21165 10.8397 3.34978 1.63352 0.964232 3.47956 3.08478 0.545666 3.37244 4.04073 0.159683 4.81713 0.126967 0.277268 1.73539 168.975 -102.813 12.5079 -36.2048 -30.7021 -117.605 148.873 -92.9729 5.81067 -88.3049 -16.6577 299.651 -0.963841 -0.590733 -2.34774 -2.18288 -0.542951 -1.96061 -2.10477 -1.921 0.516955 -0.0806924 -2.00785 -1.05285 -0.893252 1.27236 -0.947291 -0.683218 -0.816672 -1.1257 1.77983 -1.29429 -1.01896 -2.19937 0.623598 -0.0116777 1.71992 0.677844 1.00434 -1.19245 -0.546075 -1.83263 -0.323623 -0.117998 -0.849676 -1.48381 2.43631 -1.97902 -0.837146 -0.0407463 -1.56136 -1.12317 0.243814 -0.505575 -0.0302324 -0.121378 0.0331636 0.86406 2.71821 0.286145 0.337626 -0.0724435 0.650057 -0.779655 -0.814017 0.141882 -1.21609 -0.551987 0.951117 -1.32061 -2.66963 -1.22494 0.542594 0.228812 0.275157 1.91836 -0.33449 -0.150592 -0.554642 0.606322 2.11342 2.1561 1.97581 2.02785 2.38105 2.23726 2.16181 2.41378 2.04353 7.25297 2.07342 1.98698 1.47388
2 0.250187 -0.8294 -0.377951 0.440761 0.26689 0.263161 0.0731907 0.720003 0.896418 0.940678 0.526555 0.0320394 -0.367003 -0.950955 -0.193063 -0.573598 0.515742 0.569548 0.0964739 -0.736091 -0.886153 -0.846217 0.94227 0.794108 -0.0974435 0.91527 -0.0382701 0.0777031 -0.245269 -0.395618 0.7334 0.513712 0.225448 -0.0443706 0.761748 0.660457 0.497838 0.254303 0.116217 0.704239 0.925781 -0.353974 -0.127807 -0.46251 -0.374933 0.752592 -0.409736 0.719041 0.67106 -0.426045 0.455797 -0.530697 -0.57762 0.855728 -0.226606 0.138556 0.281618 0.576852 -0.897141 0.543518 -0.400918 -0.176878 0.809096 0.0861817 -0.855556 0.905869 0.506381 0.4199 0.608571 -0.991583 -0.0485747 0.264508 0.803416 0.153893 -0.0662341 0.297355 0.347153 -0.563285 0.280777 0.722644 0.585259 -0.25194 -0.578423 0.648566 0.45599 -0.782602 0.596313 0.922309 -0.970886 -0.357716 -0.986846 -0.913528 0.470781 375.28 -1244.1 -566.926 661.142 400.335 394.741 109.786 1080 1344.63 1411.02 789.833 48.0591 -5.50505 -14.2643 -2.89595 -8.60397 7.73613 8.54323 1.44711 -11.0414 -13.2923 -12.6933 14.1341 11.9116 -1.46165 13.729 -0.574052 1.16555 -3.67903 -5.93426 11.001 7.70568 3.38172 -0.665559 11.4262 9.90685 7.46758 3.81455 1.74326 10.5636 13.8867 -5.30961 -1.9171 -6.93765 -5.624 11.2889 -6.14603 10.7856 10.0659 -6.39067 6.83696 -7.96045 -8.66431 12.8359 -3.3991 2.07835 4.22427 8.65277 -13.4571 8.15277 -6.01377 -2.65316 12.1364 1.29273 -12.8333 13.588 7.59572 6.2985 9.12856 -14.8737 -0.728621 3.96762 12.0512 2.30839 -0.993512 4.46033 5.2073 -8.44927 4.21165 10.8397 3.34978 1.63352 0.964232 3.47956 3.08478 0.545666 3.37244 4.04073 0.159683 4.81713 0.126967 0.277268 1.73539 189.703 -127.715 -26.4389 38.6232 118.187 -214.243 264.971 -82.2184 -24.8601 -97.3195 30.5321 240.65 -0.673333 -0.502409 -3.13792 -3.2718 0.022813 -2.68133 -2.07383 -2.32114 0.0306862 -0.561999 -2.8327 -1.93259 -1.96017 0.804575 -0.982329 -0.364684 -1.27798 -0.993159 2.5852 -2.28247 -1.80147 -2.1748 1.42925 0.604841 2.24815 0.132445 0.817032 -1.04635 -0.699043 -2.90964 -1.18574 -0.303295 -0.0075084 -1.05399 2.48828 -2.58312 -1.6352 0.174039 -2.10969 -0.273389 0.995169 0.144308 0.819235 0.164157 -0.101428 1.24454 2.43955 0.364381 0.727249 -1.07681 0.203331 -0.788663 -1.11647 0.0174997 -1.32087 -1.11347 0.418745 -2.24231 -4.04687 -0.704381 0.783426 0.624213 1.01742 1.95054 -0.789783 -0.997994 -0.628225 0.332777 2.1688 2.2862 1.89862 1.96586 2.42408 2.1238 2.31218 2.12684 1.96847 7.5874 2.10515 1.93209 1.46977
3 0.250187 -0.8294 -0.377951 0.440761 0.26689 0.263161 0.0731907 0.720003 0.896418 0.940678 0.526555 0.0320394 -0.367003 -0.950955 -0.193063 -0.573598 0.515742 0.569548 0.0964739 -0.736091 -0.886153 -0.846217 0.94227 0.794108 -0.0974435 0.91527 -0.0382701 0.0777031 -0.245269 -0.395618 0.7334 0.513712 0.225448 -0.0443706 0.761748 0.660457 0.497838 0.254303 0.116217 0.704239 0.925781 -0.353974 -0.127807 -0.46251 -0.374933 0.752592 -0.409736 0.719041 0.67106 -0.426045 0.455797 -0.530697 -0.57762 0.855728 -0.226606 0.138556 0.281618 0.576852 -0.897141 0.543518 -0.400918 -0.176878 0.809096 0.0861817 -0.855556 0.905869 0.506381 0.4199 0.608571 -0.991583 -0.0485747 0.264508 0.803416 0.153893 -0.0662341 0.297355 0.347153 -0.563285 0.280777 0.722644 0.585259 -0.25194 -0.578423 0.648566 0.45599 -0.782602 0.596313 0.922309 -0.970886 -0.357716 -0.986846 -0.913528 0.470781 375.28 -1244.1 -566.926 661.142 400.335 394.741 109.786 1080 1344.63 1411.02 789.833 48.0591 -5.50505 -14.2643 -2.89595 -8.60397 7.73613 8.54323 1.44711 -11.0414 -13.2923 -12.6933 14.1341 11.9116 -1.46165 13.729 -0.574052 1.16555 -3.67903 -5.93426 11.001 7.70568 3.38172 -0.665559 11.4262 9.90685 7.46758 3.81455 1.74326 10.5636 13.8867 -5.30961 -1.9171 -6.93765 -5.624 11.2889 -6.14603 10.7856 10.0659 -6.39067 6.83696 -7.96045 -8.66431 12.8359 -3.3991 2.07835 4.22427 8.65277 -13.4571 8.15277 -6.01377 -2.65316 12.1364 1.29273 -12.8333 13.588 7.59572 6.2985 9.12856 -14.8737 -0.728621 3.96762 12.0512 2.30839 -0.993512 4.46033 5.2073 -8.44927 4.21165 10.8397 3.34978 1.63352 0.964232 3.47956 3.08478 0.545666 3.37244 4.04073 0.159683 4.81713 0.126967 0.277268 1.73539 155.176 -169.222 -29.8397 76.3721 180.384 -239.326 274.73 -67.0766 85.3207 3.42147 -92.2554 115.077 -0.788178 -0.663852 -3.14794 -4.64756 0.0185309 -3.89773 -2.10726 -2.18746 -0.252615 -1.55266 -2.9787 -2.06106 -1.79686 0.486811 -1.48756 0.0599141 -1.32064 -1.88241 2.70676 -2.42839 -2.53654 -1.1195 3.29305 -0.327499 2.90674 1.07313 0.920913 -0.931792 0.0612018 -3.95556 -1.15813 -0.718988 0.31024 -0.0530122 2.92383 -2.55393 -2.40431 -0.700505 -2.01931 -1.02014 1.04303 0.768539 -0.329929 0.286891 0.304309 -0.068478 1.65236 -0.372007 1.11287 -1.45828 -0.898016 -2.01022 -2.08132 -0.123763 -1.4589 -1.11575 1.57348 -2.20892 -4.61769 -0.898648 1.69986 -0.503203 1.84699 2.37157 -2.10907 -3.22854 -0.843482 0.743349 2.37188 2.32665 1.87593 2.04196 2.50256 1.99834 2.35428 2.1455 1.86817 7.28663 2.20744 1.85992 1.42453
4 0.255519 -0.807435 -0.380778 0.481778 0.193488 0.242571 0.080623 0.721499 0.867053 0.951985 0.552892 0.0723348 -0.293681 -0.846643 -0.186917 -0.502992 0.478104 0.472779 0.113481 -0.702275 -0.885152 -0.843349 0.907891 0.826421 -0.102863 0.883205 -0.123821 0.0597721 -0.154531 -0.35199 0.744876 0.491095 0.310003 -0.0915418 0.792812 0.652596 0.486296 0.206907 0.0687508 0.727217 0.865855 -0.358711 -0.130606 -0.495415 -0.377537 0.778718 -0.444057 0.68615 0.758705 -0.442671 0.445873 -0.53183 -0.522598 0.874364 -0.181412 0.152865 0.282015 0.547037 -0.908383 0.463603 -0.425308 -0.145769 0.754907 0.087478 -0.833042 0.857704 0.504736 0.445975 0.564842 -0.972443 -0.0948243 0.291372 0.819197 0.152555 -0.031955 0.206309 0.315816 -0.637488 0.256273 0.737119 0.599665 -0.263683 -0.545743 0.664098 0.445258 -0.731368 0.575899 0.907491 -0.9775 -0.293445 -0.99086 -0.93498 0.476646 383.278 -1211.15 -571.167 722.667 290.232 363.856 120.935 1082.25 1300.58 1427.98 829.337 108.502 -4.40522 -12.6996 -2.80375 -7.54488 7.17156 7.09168 1.70222 -10.5341 -13.2773 -12.6502 13.6184 12.3963 -1.54294 13.2481 -1.85732 0.896582 -2.31796 -5.27985 11.1731 7.36643 4.65004 -1.37313 11.8922 9.78895 7.29444 3.1036 1.03126 10.9082 12.9878 -5.38066 -1.95909 -7.43122 -5.66305 11.6808 -6.66085 10.2922 11.3806 -6.64007 6.68809 -7.97745 -7.83897 13.1155 -2.72118 2.29297 4.23023 8.20556 -13.6257 6.95405 -6.37962 -2.18654 11.3236 1.31217 -12.4956 12.8656 7.57104 6.68963 8.47263 -14.5866 -1.42236 4.37059 12.288 2.28833 -0.479325 3.09464 4.73724 -9.56233 3.84409 11.0568 3.37931 1.60945 1.03123 3.5114 3.06278 0.650695 3.33059 4.01036 0.146124 5.29917 0.118737 0.233292 1.73832 234.098 -155.825 70.1477 215.982 153.672 -128.117 280.731 -139.999 100.28 124.761 -181.082 133.978 -1.00235 -1.30969 -3.19497 -5.14678 0.901011 -5.44475 -1.15169 -3.7606 -0.132725 -3.9718 -3.32837 -1.09317 -2.57549 1.00057 -1.44593 -0.290274 -0.583875 -2.99671 1.89275 -2.65547 -3.62636 -1.38015 4.84801 0.301336 3.0239 0.793701 0.850022 -0.134847 0.722257 -5.13449 -0.955234 -2.06721 -0.295263 0.84456 3.71698 -3.17314 -3.5572 -1.8279 -1.6469 0.0397689 0.878315 1.19102 -2.27864 -0.166934 0.522631 -0.584931 1.65211 -0.666015 1.3113 -0.525143 -0.0265659 -3.05443 -2.6143 0.689949 -2.20163 -1.40617 2.19871 -3.03213 -4.44641 -1.07123 1.38292 -1.32621 2.18366 2.81812 -3.2862 -3.13936 -1.63061 1.14383 2.6486 2.28545 1.86012 1.94275 2.41318 1.90443 2.40826 2.00987 1.70862 7.59015 2.07349 1.83314 1.43571
5 0.255519 -0.807435 -0.380778 0.481778 0.193488 0.242571 0.080623 0.721499 0.867053 0.951985 0.552892 0.0723348 -0.293681 -0.846643 -0.186917 -0.502992 0.478104 0.472779 0.113481 -0.702275 -0.885152 -0.843349 0.907891 0.826421 -0.102863 0.883205 -0.123821 0.0597721 -0.154531 -0.35199 0.744876 0.491095 0.310003 -0.0915418 0.792812 0.652596 0.486296 0.206907 0.0687508 0.727217 0.865855 -0.358711 -0.130606 -0.495415 -0.377537 0.778718 -0.444057 0.68615 0.758705 -0.442671 0.445873 -0.53183 -0.522598 0.874364 -0.181412 0.152865 0.282015 0.547037 -0.908383 0.463603 -0.425308 -0.145769 0.754907 0.087478 -0.833042 0.857704 0.504736 0.445975 0.564842 -0.972443 -0.0948243 0.291372 0.819197 0.152555 -0.031955 0.206309 0.315816 -0.637488 0.256273 0.737119 0.599665 -0.263683 -0.545743 0.664098 0.445258 -0.731368 0.575899 0.907491 -0.9775 -0.293445 -0.99086 -0.93498 0.476646 383.278 -1211.15 -571.167 722.667 290.232 363.856 120.935 1082.25 1300.58 1427.98 829.337 108.502 -4.40522 -12.6996 -2.80375 -7.54488 7.17156 7.09168 1.70222 -10.5341 -13.2773 -12.6502 13.6184 12.3963 -1.54294 13.2481 -1.85732 0.896582 -2.31796 -5.27985 11.1731 7.36643 4.65004 -1.37313 11.8922 9.78895 7.29444 3.1036 1.03126 10.9082 12.9878 -5.38066 -1.95909 -7.43122 -5.66305 11.6808 -6.66085 10.2922 11.3806 -6.64007 6.68809 -7.97745 -7.83897 13.1155 -2.72118 2.29297 4.23023 8.20556 -13.6257 6.95405 -6.37962 -2.18654 11.3236 1.31217 -12.4956 12.8656 7.57104 6.68963 8.47263 -14.5866 -1.42236 4.37059 12.288 2.28833 -0.479325 3.09464 4.73724 -9.56233 3.84409 11.0568 3.37931 1.60945 1.03123 3.5114 3.06278 0.650695 3.33059 4.01036 0.146124 5.29917 0.118737 0.233292 1.73832 290.412 -153.152 34.4538 223.513 123.328 84.2848 349.984 -195.512 222.068 269.232 -125.038 126.765 -0.567548 -3.07825 -2.62924 -5.92319 0.19436 -4.99933 -1.6969 -3.93104 -0.362175 -5.09067 -1.25794 -1.03805 -3.82127 0.906065 -2.44314 0.896854 -1.03492 -5.94886 1.75803 -2.03679 -3.96168 -1.71268 4.24428 -0.402899 4.80349 0.560793 1.21629 1.40869 1.08454 -6.04187 -0.769015 -2.67438 -0.12757 1.79002 3.44541 -2.58592 -3.82537 -2.59094 -2.12338 -0.517373 0.195345 1.03276 -2.28444 0.412721 0.884932 -1.13548 -0.588075 -0.595604 1.17944 -0.924806 0.313829 -2.14624 -2.50043 1.75812 -1.5072 -1.67222 2.59772 -3.77861 -5.02358 -1.22531 1.32626 -1.04392 1.69456 1.31678 -2.7937 -4.64235 -2.23926 1.88212 2.90733 2.30452 1.90815 2.03831 2.35558 1.65656 2.58774 2.03006 1.55753 8.00632 2.19637 1.84006 1.42501
6 0.255519 -0.807435 -0.380778 0.481778 0.193488 0.242571 0.080623 0.721499 0.867053 0.951985 0.552892 0.0723348 -0.293681 -0.846643 -0.186917 -0.502992 0.478104 0.472779 0.113481 -0.702275 -0.885152 -0.843349 0.907891 0.826421 -0.102863 0.883205 -0.123821 0.0597721 -0.154531 -0.35199 0.744876 0.491095 0.310003 -0.0915418 0.792812 0.652596 0.486296 0.206907 0.0687508 0.727217 0.865855 -0.358711 -0.130606 -0.495415 -0.377537 0.778718 -0.444057 0.68615 0.758705 -0.442671 0.445873 -0.53183 -0.522598 0.874364 -0.181412 0.152865 0.282015 0.547037 -0.908383 0.463603 -0.425308 -0.145769 0.754907 0.087478 -0.833042 0.857704 0.504736 0.445975 0.564842 -0.972443 -0.0948243 0.291372 0.819197 0.152555 -0.031955 0.206309 0.315816 -0.637488 0.256273 0.737119 0.599665 -0.263683 -0.545743 0.664098 0.445258 -0.731368 0.575899 0.907491 -0.9775 -0.293445 -0.99086 -0.93498 0.476646 383.278 -1211.15 -571.167 722.667 290.232 363.856 120.935 1082.25 1300.58 1427.98 829.337 108.502 -4.40522 -12.6996 -2.80375 -7.54488 7.17156 7.09168 1.70222 -10.5341 -13.2773 -12.6502 13.6184 12.3963 -1.54294 13.2481 -1.85732 0.896582 -2.31796 -5.27985 11.1731 7.36643 4.65004 -1.37313 11.8922 9.78895 7.29444 3.1036 1.03126 10.9082 12.9878 -5.38066 -1.95909 -7.43122 -5.66305 11.6808 -6.66085 10.2922 11.3806 -6.64007 6.68809 -7.97745 -7.83897 13.1155 -2.72118 2.29297 4.23023 8.20556 -13.6257 6.95405 -6.37962 -2.18654 11.3236 1.31217 -12.4956 12.8656 7.57104 6.68963 8.47263 -14.5866 -1.42236 4.37059 12.288 2.28833 -0.479325 3.09464 4.73724 -9.56233 3.84409 11.0568 3.37931 1.60945 1.03123 3.5114 3.06278 0.650695 3.33059 4.01036 0.146124 5.29917 0.118737 0.233292 1.73832 283.832 -208.154 15.2953 161.514 218.926 87.7464 339.386 -93.91 309.666 352.532 -1.24701 8.67999 -0.916817 -4.27754 -2.84599 -5.8263 0.370832 -4.16289 -0.608026 -4.39289 -0.71969 -5.89387 -0.0350533 -0.724081 -3.76208 1.77986 -1.34803 0.372519 -0.905044 -4.74186 2.32531 -0.613541 -4.19578 -1.71065 4.36002 0.291966 5.07851 0.755389 0.0893548 1.53725 2.12211 -5.7852 -0.729445 -2.09564 -0.498347 2.21109 3.22412 -0.915918 -3.16806 -2.57176 -0.711223 -1.03843 -0.709264 1.46424 -2.29974 0.103776 0.832848 -1.21833 -2.43603 -0.530492 1.14793 -1.21645 1.68462 -2.15072 -3.17643 2.36623 -1.14393 0.226173 2.5759 -4.7795 -5.36489 -0.189052 0.860215 -2.00454 1.45852 1.69999 -2.67525 -4.5157 -1.35114 1.63316 3.03515 2.16792 1.83314 2.12568 2.32583 1.49218 2.64044 1.93974 1.46947 8.10152 1.9291 1.7254 1.42429
7 0.255519 -0.807435 -0.380778 0.481778 0.193488 0.242571 0.080623 0.721499 0.867053 0.951985 0.552892 0.0723348 -0.293681 -0.846643 -0.186917 -0.502992 0.478104 0.472779 0.113481 -0.702275 -0.885152 -0.843349 0.907891 0.826421 -0.102863 0.883205 -0.123821 0.0597721 -0.154531 -0.35199 0.744876 0.491095 0.310003 -0.0915418 0.792812 0.652596 0.486296 0.206907 0.0687508 0.727217 0.865855 -0.358711 -0.130606 -0.495415 -0.377537 0.778718 -0.444057 0.68615 0.758705 -0.442671 0.445873 -0.53183 -0.522598 0.874364 -0.181412 0.152865 0.282015 0.547037 -0.908383 0.463603 -0.425308 -0.145769 0.754907 0.087478 -0.833042 0.857704 0.504736 0.445975 0.564842 -0.972443 -0.0948243 0.291372 0.819197 0.152555 -0.031955 0.206309 0.315816 -0.637488 0.256273 0.737119 0.599665 -0.263683 -0.545743 0.664098 0.445258 -0.731368 0.575899 0.907491 -0.9775 -0.293445 -0.99086 -0.93498 0.476646 383.278 -1211.15 -571.167 722.667 290.232 363.856 120.935 1082.25 1300.58 1427.98 829.337 108.502 -4.40522 -12.6996 -2.80375 -7.54488 7.17156 7.09168 1.70222 -10.5341 -13.2773 -12.6502 13.6184 12.3963 -1.54294 13.2481 -1.85732 0.896582 -2.31796 -5.27985 11.1731 7.36643 4.65004 -1.37313 11.8922 9.78895 7.29444 3.1036 1.03126 10.9082 12.9878 -5.38066 -1.95909 -7.43122 -5.66305 11.6808 -6.66085 10.2922 11.3806 -6.64007 6.68809 -7.97745 -7.83897 13.1155 -2.72118 2.29297 4.23023 8.20556 -13.6257 6.95405 -6.37962 -2.18654 11.3236 1.31217 -12.4956 12.8656 7.57104 6.68963 8.47263 -14.5866 -1.42236 4.37059 12.288 2.28833 -0.479325 3.09464 4.73724 -9.56233 3.84409 11.0568 3.37931 1.60945 1.03123 3.5114 3.06278 0.650695 3.33059 4.01036 0.146124 5.29917 0.118737 0.233292 1.73832 273.907 -306.437 -60.9329 227.432 254.954 122.006 425.34 -1.67224 409.736 433.133 107.931 133.848 -1.01959 -4.51943 -2.85128 -6.26957 0.598429 -3.80226 -1.25359 -5.66221 -1.5199 -7.23211 1.95869 0.955184 -3.29153 2.25923 -1.31916 -0.257682 -0.482916 -3.77438 3.26181 -3.6705e-05 -4.1758 -1.63358 5.75619 1.48666 5.3088 1.57722 0.371373 1.89564 2.97753 -5.85677 -1.02262 -2.41282 -1.3229 3.17137 2.07269 0.820516 -1.83982 -2.62313 0.491781 -2.36074 -2.57179 2.79125 -2.72811 -0.310058 1.55601 0.644492 -5.01246 0.229399 1.80062 -1.83651 3.23003 -2.33587 -3.4151 3.41039 0.340068 0.891597 2.72322 -5.93655 -4.26314 1.13226 1.98551 -2.47114 0.551485 1.89851 -2.34615 -5.49378 -0.00839095 3.26367 3.14213 2.01836 1.80834 2.17064 2.38123 1.39918 2.84091 2.21586 1.33415 7.26244 1.82861 1.5587 1.43289
8 0.244156 -0.808956 -0.364011 0.465788 0.213779 0.256772 0.035703 0.739966 0.860304 0.945618 0.553073 0.0810342 -0.30525 -0.869441 -0.180743 -0.512481 0.476502 0.468198 0.105779 -0.707715 -0.868179 -0.851578 0.899143 0.846052 -0.105602 0.919097 -0.119224 0.0529534 -0.150609 -0.3591 0.759584 0.505597 0.296891 -0.107012 0.766185 0.651251 0.479139 0.196389 0.0708423 0.730143 0.877858 -0.354552 -0.115627 -0.466337 -0.401615 0.767672 -0.438421 0.68822 0.747159 -0.44329 0.438021 -0.547106 -0.513895 0.865944 -0.184828 0.145693 0.271897 0.56154 -0.909013 0.45814 -0.411943 -0.147307 0.748454 0.10052 -0.823483 0.835845 0.523579 0.43863 0.560107 -0.964462 -0.0724137 0.288012 0.821621 0.157364 -0.0423887 0.219827 0.307547 -0.63567 0.283828 0.728661 0.577963 -0.252995 -0.550753 0.650814 0.434661 -0.737928 0.573543 0.904409 -0.979212 -0.294402 -0.996554 -0.936205 0.454817 366.234 -1213.43 -546.016 698.682 320.668 385.157 53.5545 1109.95 1290.46 1418.43 829.61 121.551 -4.57875 -13.0416 -2.71115 -7.68722 7.14753 7.02297 1.58669 -10.6157 -13.0227 -12.7737 13.4871 12.6908 -1.58403 13.7864 -1.78836 0.7943 -2.25914 -5.3865 11.3938 7.58396 4.45337 -1.60519 11.4928 9.76877 7.18708 2.94583 1.06263 10.9521 13.1679 -5.31827 -1.7344 -6.99505 -6.02422 11.5151 -6.57632 10.3233 11.2074 -6.64935 6.57031 -8.20659 -7.70842 12.9892 -2.77242 2.1854 4.07846 8.4231 -13.6352 6.87211 -6.17915 -2.20961 11.2268 1.5078 -12.3522 12.5377 7.85369 6.57945 8.40161 -14.4669 -1.08621 4.32017 12.3243 2.36046 -0.635831 3.2974 4.61321 -9.53506 4.25741 10.9299 3.33482 1.63136 1.02096 3.48417 3.04106 0.637248 3.32576 4.00404 0.142615 5.29199 0.107063 0.23078 1.72741 286.372 -499.721 -89.424 349.923 379.04 129.403 479.546 96.8613 604.016 448.073 270.161 136.561 -1.06988 -5.95406 -2.72985 -6.5886 1.94181 -2.67616 -0.714073 -5.5767 -2.9214 -7.6109 3.32189 2.14415 -3.04214 4.44479 -1.38134 -0.439439 -0.324561 -4.54004 3.89535 1.12747 -3.07948 -2.01063 7.02731 2.76252 5.32961 2.22741 -0.351028 1.90594 4.39142 -5.52773 -0.980787 -3.80015 -2.05871 3.34198 1.03601 0.669422 -0.0257437 -3.52071 1.51741 -3.44309 -3.23153 4.05288 -2.79536 0.968929 2.22783 1.26023 -6.26001 0.873572 0.808189 -2.05169 4.77406 -1.39505 -4.55615 4.90918 0.878029 1.3718 3.38889 -7.60574 -4.25066 1.75657 3.3048 -2.40596 0.153459 2.53092 -0.867317 -5.96814 0.687819 4.78089 3.28125 2.01071 1.77882 2.23922 2.35204 1.19725 2.82354 2.51918 1.18295 6.84372 1.68062 1.38813 1.44552
9 0.244156 -0.808956 -0.364011 0.465788 0.213779 0.256772 0.035703 0.739966 0.860304 0.945618 0.553073 0.0810342 -0.30525 -0.869441 -0.180743 -0.512481 0.476502 0.468198 0.105779 -0.707715 -0.868179 -0.851578 0.899143 0.846052 -0.105602 0.919097 -0.119224 0.0529534 -0.150609 -0.3591 0.759584 0.505597 0.296891 -0.107012 0.766185 0.651251 0.479139 0.196389 0.0708423 0.730143 0.877858 -0.354552 -0.115627 -0.466337 -0.401615 0.767672 -0.438421 0.68822 0.747159 -0.44329 0.438021 -0.547106 -0.513895 0.865944 -0.184828 0.145693 0.271897 0.56154 -0.909013 0.45814 -0.411943 -0.147307 0.748454 0.10052 -0.823483 0.835845 0.523579 0.43863 0.560107 -0.964462 -0.0724137 0.288012 0.821621 0.157364 -0.0423887 0.219827 0.307547 -0.63567 0.283828 0.728661 0.577963 -0.252995 -0.550753 0.650814 0.434661 -0.737928 0.573543 0.904409 -0.979212 -0.294402 -0.996554 -0.936205 0.454817 366.234 -1213.43 -546.016 698.682 320.668 385.157 53.5545 1109.95 1290.46 1418.43 829.61 121.551 -4.57875 -13.0416 -2.71115 -7.68722 7.14753 7.02297 1.58669 -10.6157 -13.0227 -12.7737 13.4871 12.6908 -1.58403 13.7864 -1.78836 0.7943 -2.25914 -5.3865 11.3938 7.58396 4.45337 -1.60519 11.4928 9.76877 7.18708 2.94583 1.06263 10.9521 13.1679 -5.31827 -1.7344 -6.99505 -6.02422 11.5151 -6.57632 10.3233 11.2074 -6.64935 6.57031 -8.20659 -7.70842 12.9892 -2.77242 2.1854 4.07846 8.4231 -13.6352 6.87211 -6.17915 -2.20961 11.2268 1.5078 -12.3522 12.5377 7.85369 6.57945 8.40161 -14.4669 -1.08621 4.32017 12.3243 2.36046 -0.635831 3.2974 4.61321 -9.53506 4.25741 10.9299 3.33482 1.63136 1.02096 3.48417 3.04106 0.637248 3.32576 4.00404 0.142615 5.29199 0.107063 0.23078 1.72741 332.482 -434.407 -31.0764 516.633 381.498 164.043 393.885 115.58 533.517 505.232 291.106 62.9207 -0.980978 -8.03863 -2.66688 -6.55738 2.05589 -2.03756 -0.787884 -6.42993 -3.81587 -7.69726 3.01483 2.65213 -2.72854 4.64582 -1.49471 -0.693466 -0.829155 -4.94168 3.68872 1.81724 -2.45581 -1.71458 6.78052 3.60943 6.23266 2.55493 -0.00238552 2.84506 4.3135 -5.06886 -0.697518 -4.73808 -2.49519 4.28058 0.593726 1.90486 1.16955 -2.99719 2.10396 -4.58621 -3.56331 5.03922 -2.52035 0.342435 2.8073 2.7993 -6.88225 2.2694 -0.421911 -2.07976 5.86287 -1.77647 -3.93448 5.79327 1.92736 1.1921 3.6427 -7.9438 -4.79668 1.09067 4.49437 -2.40534 0.583229 2.53469 -0.757145 -6.06192 1.01113 5.26874 3.33554 1.89685 1.74319 2.27403 2.5693 1.20709 2.94047 2.50223 1.02716 6.8521 1.58305 1.30664 1.49243
10 0.248487 -0.799243 -0.36197 0.479455 0.229719 0.273351 0.0209879 0.744718 0.879093 0.938072 0.564616 0.0837802 -0.327042 -0.867551 -0.182541 -0.526919 0.475649 0.500066 0.104368 -0.719422 -0.885758 -0.864999 0.913983 0.837627 -0.109677 0.910389 -0.107252 0.0484402 -0.135946 -0.361434 0.77156 0.488317 0.279623 -0.120343 0.762609 0.646454 0.479025 0.209706 0.0622899 0.704487 0.88195 -0.340516 -0.133512 -0.473916 -0.410932 0.770684 -0.445704 0.687915 0.743316 -0.436331 0.444117 -0.561728 -0.517628 0.871458 -0.173069 0.107955 0.251429 0.554014 -0.912206 0.473288 -0.423027 -0.156499 0.755914 0.112341 -0.829523 0.839756 0.526266 0.423848 0.566821 -0.944281 -0.072989 0.303251 0.802133 0.162788 -0.0245768 0.216684 0.307049 -0.63056 0.269808 0.752279 0.57788 -0.255113 -0.568436 0.651833 0.456935 -0.757353 0.557848 0.885511 -0.957736 -0.294888 -1 -0.939713 0.463498 372.731 -1198.86 -542.956 719.183 344.578 410.026 31.4818 1117.08 1318.64 1407.11 846.924 125.67 -4.90563 -13.0133 -2.73811 -7.90379 7.13474 7.50098 1.56552 -10.7913 -13.2864 -12.975 13.7097 12.5644 -1.64516 13.6558 -1.60877 0.726603 -2.03919 -5.42151 11.5734 7.32475 4.19434 -1.80514 11.4391 9.69681 7.18537 3.1456 0.934349 10.5673 13.2293 -5.10774 -2.00268 -7.10874 -6.16398 11.5603 -6.68556 10.3187 11.1497 -6.54496 6.66175 -8.42593 -7.76442 13.0719 -2.59604 1.61932 3.77143 8.31021 -13.6831 7.09932 -6.3454 -2.34748 11.3387 1.68511 -12.4428 12.5963 7.89398 6.35773 8.50231 -14.1642 -1.09484 4.54877 12.032 2.44182 -0.368652 3.25026 4.60573 -9.45841 4.04712 11.2842 3.33465 1.62702 0.984706 3.48626 3.08672 0.597426 3.29359 3.9653 0.186641 5.28834 0.1 0.223589 1.73175 313.824 -590.646 -104.601 546.933 392.885 179.424 367.613 220.876 581.575 588.066 367.519 80.8784 -1.10737 -9.01253 -3.18984 -7.73358 3.46864 -0.240552 -1.06295 -7.17113 -5.43363 -9.59371 3.1201 4.68027 -2.11767 5.49086 -1.4397 -0.67814 -1.21701 -4.5795 4.86356 2.53498 -1.80797 -1.3825 7.40695 4.29158 7.23795 3.15852 0.709151 4.20877 5.88603 -5.65683 -0.142172 -4.76771 -2.46881 5.14393 -0.29155 3.79048 2.45645 -3.80717 3.33417 -5.76462 -4.41155 5.6237 -2.18813 0.304437 3.22115 4.34474 -8.03688 3.26471 -1.40076 -1.84853 6.29482 -1.94796 -5.52785 6.74859 3.85336 2.28084 3.64076 -8.25805 -4.80037 1.35011 4.89642 -1.98381 0.725098 2.75181 -1.03346 -7.09654 1.12978 6.35894 3.37328 1.69126 1.59648 2.49923 2.68877 1.06475 3.07397 2.44407 0.757826 7.18937 1.33087 1.21628 1.52671
11 0.248487 -0.799243 -0.36197 0.479455 0.229719 0.273351 0.0209879 0.744718 0.879093 0.938072 0.564616 0.0837802 -0.327042 -0.867551 -0.182541 -0.526919 0.475649 0.500066 0.104368 -0.719422 -0.885758 -0.864999 0.913983 0.837627 -0.109677 0.910389 -0.107252 0.0484402 -0.135946 -0.361434 0.77156 0.488317 0.279623 -0.120343 0.762609 0.646454 0.479025 0.209706 0.0622899 0.704487 0.88195 -0.340516 -0.133512 -0.473916 -0.410932 0.770684 -0.445704 0.687915 0.743316 -0.436331 0.444117 -0.561728 -0.517628 0.871458 -0.173069 0.107955 0.251429 0.554014 -0.912206 0.473288 -0.423027 -0.156499 0.755914 0.112341 -0.829523 0.839756 0.526266 0.423848 0.566821 -0.944281 -0.072989 0.303251 0.802133 0.162788 -0.0245768 0.216684 0.307049 -0.63056 0.269808 0.752279 0.57788 -0.255113 -0.568436 0.651833 0.456935 -0.757353 0.557848 0.885511 -0.957736 -0.294888 -1 -0.939713 0.463498 372.731 -1198.86 -542.956 719.183 344.578 410.026 31.4818 1117.08 1318.64 1407.11 846.924 125.67 -4.90563 -13.0133 -2.73811 -7.90379 7.13474 7.50098 1.56552 -10.7913 -13.2864 -12.975 13.7097 12.5644 -1.64516 13.6558 -1.60877 0.726603 -2.03919 -5.42151 11.5734 7.32475 4.19434 -1.80514 11.4391 9.69681 7.18537 3.1456 0.934349 10.5673 13.2293 -5.10774 -2.00268 -7.10874 -6.16398 11.5603 -6.68556 10.3187 11.1497 -6.54496 6.66175 -8.42593 -7.76442 13.0719 -2.59604 1.61932 3.77143 8.31021 -13.6831 7.09932 -6.3454 -2.34748 11.3387 1.68511 -12.4428 12.5963 7.89398 6.35773 8.50231 -14.1642 -1.09484 4.54877 12.032 2.44182 -0.368652 3.25026 4.60573 -9.45841 4.04712 11.2842 3.33465 1.62702 0.984706 3.48626 3.08672 0.597426 3.29359 3.9653 0.186641 5.28834 0.1 0.223589 1.73175 299.092 -720.728 -166.419 504.311 388.54 242.104 382.847 393.357 660.741 678.033 420.453 154.999 -0.83318 -9.67274 -2.37696 -7.41631 4.38512 -0.565143 -1.61203 -6.80316 -6.08504 -9.74373 4.6801 5.62406 -1.32893 7.11248 -1.45864 -0.591736 -1.732 -5.1452 6.67412 3.15397 -0.106606 -0.940779 7.85048 5.45838 6.90796 3.32253 0.658425 4.6115 5.53644 -5.3317 -0.15413 -5.10472 -3.65405 5.59726 -1.60864 3.7241 3.06444 -3.60569 3.26194 -5.68328 -4.7867 6.9934 -2.38737 -0.0897482 3.39277 4.67647 -8.84188 3.86395 -1.79031 -1.88416 7.55228 -1.4941 -5.43003 7.71188 3.90216 2.009 5.01903 -10.0454 -3.8664 2.00185 6.37684 -1.70421 0.511597 3.1122 -0.416278 -7.24372 0.893438 7.28928 3.37731 1.69258 1.47959 2.57389 2.69452 1.10228 3.1283 2.80062 0.683086 7.03674 1.01422 1.08924 1.55879
12 0.227666 -0.829082 -0.37914 0.449875 0.275846 0.247117 0.0653168 0.713365 0.890577 0.949876 0.518632 0.0563487 -0.37301 -0.948531 -0.18907 -0.573949 0.507615 0.557911 0.1189 -0.742944 -0.884654 -0.837327 0.952061 0.803369 -0.105723 0.935873 -0.017732 0.0687672 -0.269261 -0.399773 0.743723 0.499882 0.219963 -0.0566985 0.753082 0.647397 0.485743 0.266636 0.125905 0.709212 0.928386 -0.377262 -0.165438 -0.458086 -0.362937 0.764795 -0.392965 0.745209 0.668803 -0.425961 0.460975 -0.533739 -0.569959 0.867526 -0.232803 0.132591 0.254056 0.590022 -0.897886 0.551633 -0.410634 -0.180705 0.800605 0.0944803 -0.846994 0.911167 0.525276 0.412665 0.602029 -0.993287 -0.0405187 0.261157 0.809606 0.167477 -0.0433427 0.272714 0.362171 -0.556436 0.26626 0.733776 0.610059 -0.25361 -0.56562 0.628764 0.458712 -0.769008 0.605411 0.92624 -0.968457 -0.352081 -1 -0.935299 0.467427 341.499 -1243.62 -568.709 674.813 413.769 370.675 97.9752 1070.05 1335.87 1424.81 777.948 84.5231 -5.59516 -14.228 -2.83604 -8.60923 7.61422 8.36866 1.78349 -11.1442 -13.2698 -12.5599 14.2809 12.0505 -1.58584 14.0381 -0.265979 1.03151 -4.03891 -5.99659 11.1558 7.49823 3.29944 -0.850478 11.2962 9.71095 7.28615 3.99954 1.88857 10.6382 13.9258 -5.65893 -2.48157 -6.8713 -5.44405 11.4719 -5.89448 11.1781 10.032 -6.38942 6.91463 -8.00609 -8.54938 13.0129 -3.49204 1.98886 3.81084 8.85033 -13.4683 8.27449 -6.1595 -2.71057 12.0091 1.41721 -12.7049 13.6675 7.87914 6.18998 9.03043 -14.8993 -0.60778 3.91735 12.1441 2.51216 -0.65014 4.09071 5.43256 -8.34654 3.99391 11.0066 3.40062 1.6301 0.990479 3.43897 3.09036 0.573535 3.39109 4.04879 0.164664 4.85939 0.1 0.232637 1.73371 276.254 -820.591 -232.426 550.016 311.328 287.064 415.489 596.756 828.855 857.48 500.402 144.523 -1.7321 -8.52418 -2.28873 -7.1815 4.39625 -0.312407 -0.569195 -6.90316 -8.03108 -8.48658 6.83202 6.74488 -1.52577 9.06724 -1.59701 -0.671948 -2.06304 -5.17303 7.56887 4.79855 0.89931 -1.10901 7.85805 6.17352 7.10338 3.51345 0.282525 5.07563 6.04928 -4.90453 -0.562593 -5.4673 -3.61639 6.15177 -2.19089 5.45435 4.11346 -4.3196 3.77113 -6.53834 -5.60866 9.34563 -2.21547 0.3204 3.22253 6.06575 -8.82656 3.88726 -2.22179 -2.23757 8.3697 0.144907 -6.79068 9.80114 4.24397 2.29863 5.55261 -10.2031 -3.03693 2.25372 7.76547 -0.391515 -0.479054 2.71738 1.02872 -7.48227 1.64352 7.90324 3.43265 1.72086 1.41558 2.65375 2.72265 1.19865 3.03011 3.1655 0.681835 6.55322 0.82826 1.01027 1.57663
13 0.227666 -0.829082 -0.37914 0.449875 0.275846 0.247117 0.0653168 0.713365 0.890577 0.949876 0.518632 0.0563487 -0.37301 -0.948531 -0.18907 -0.573949 0.507615 0.557911 0.1189 -0.742944 -0.884654 -0.837327 0.952061 0.803369 -0.105723 0.935873 -0.017732 0.0687672 -0.269261 -0.399773 0.743723 0.499882 0.219963 -0.0566985 0.753082 0.647397 0.485743 0.266636 0.125905 0.709212 0.928386 -0.377262 -0.165438 -0.458086 -0.362937 0.764795 -0.392965 0.745209 0.668803 -0.425961 0.460975 -0.533739 -0.569959 0.867526 -0.232803 0.132591 0.254056 0.590022 -0.897886 0.551633 -0.410634 -0.180705 0.800605 0.0944803 -0.846994 0.911167 0.525276 0.412665 0.602029 -0.993287 -0.0405187 0.261157 0.809606 0.167477 -0.0433427 0.272714 0.362171 -0.556436 0.26626 0.733776 0.610059 -0.25361 -0.56562 0.628764 0.458712 -0.769008 0.605411 0.92624 -0.968457 -0.352081 -1 -0.935299 0.467427 341.499 -1243.62 -568.709 674.813 413.769 370.675 97.9752 1070.05 1335.87 1424.81 777.948 84.5231 -5.59516 -14.228 -2.83604 -8.60923 7.61422 8.36866 1.78349 -11.1442 -13.2698 -12.5599 14.2809 12.0505 -1.58584 14.0381 -0.265979 1.03151 -4.03891 -5.99659 11.1558 7.49823 3.29944 -0.850478 11.2962 9.71095 7.28615 3.99954 1.88857 10.6382 13.9258 -5.65893 -2.48157 -6.8713 -5.44405 11.4719 -5.89448 11.1781 10.032 -6.38942 6.91463 -8.00609 -8.54938 13.0129 -3.49204 1.98886 3.81084 8.85033 -13.4683 8.27449 -6.1595 -2.71057 12.0091 1.41721 -12.7049 13.6675 7.87914 6.18998 9.03043 -14.8993 -0.60778 3.91735 12.1441 2.51216 -0.65014 4.09071 5.43256 -8.34654 3.99391 11.0066 3.40062 1.6301 0.990479 3.43897 3.09036 0.573535 3.39109 4.04879 0.164664 4.85939 0.1 0.232637 1.73371 289.928 -867.144 -199.152 569.539 356.347 379.897 327.512 517.215 896.282 932.787 484.692 169.984 -1.47072 -8.65903 -2.29251 -6.82923 5.00953 0.456039 0.239205 -7.16982 -7.52695 -8.40632 7.27774 6.17226 -1.1934 9.00263 -1.92245 -0.232423 -1.48781 -4.49501 8.60616 5.27796 0.730822 -1.44556 8.38994 6.25173 7.67806 3.23715 0.376279 5.6574 6.63432 -4.6664 -0.276194 -5.65383 -4.07193 7.67752 -2.43682 5.12416 5.04879 -4.13258 3.48386 -7.00202 -6.06439 9.46318 -2.04369 1.11528 2.99203 6.25279 -8.3152 3.95884 -2.9709 -2.66628 8.04955 -0.0784574 -7.52045 10.4476 3.88817 2.2861 5.90309 -10.9208 -2.84959 2.69097 8.28386 0.29655 -1.41333 2.80465 1.19663 -8.10665 2.06875 7.69386 3.40474 1.76606 1.41916 2.78896 2.83169 1.05033 3.15662 3.099 0.657408 6.51138 0.774681 0.98899 1.59502
14 0.227666 -0.829082 -0.37914 0.449875 0.275846 0.247117 0.0653168 0.713365 0.890577 0.949876 0.518632 0.0563487 -0.37301 -0.948531 -0.18907 -0.573949 0.507615 0.557911 0.1189 -0.742944 -0.884654 -0.837327 0.952061 0.803369 -0.105723 0.935873 -0.017732 0.0687672 -0.269261 -0.399773 0.743723 0.499882 0.219963 -0.0566985 0.753082 0.647397 0.485743 0.266636 0.125905 0.709212 0.928386 -0.377262 -0.165438 -0.458086 -0.362937 0.764795 -0.392965 0.745209 0.668803 -0.425961 0.460975 -0.533739 -0.569959 0.867526 -0.232803 0.132591 0.254056 0.590022 -0.897886 0.551633 -0.410634 -0.180705 0.800605 0.0944803 -0.846994 0.911167 0.525276 0.412665 0.602029 -0.993287 -0.0405187 0.261157 0.809606 0.167477 -0.0433427 0.272714 0.362171 -0.556436 0.26626 0.733776 0.610059 -0.25361 -0.56562 0.628764 0.458712 -0.769008 0.605411 0.92624 -0.968457 -0.352081 -1 -0.935299 0.467427 341.499 -1243.62 -568.709 674.813 413.769 370.675 97.9752 1070.05 1335.87 1424.81 777.948 84.5231 -5.59516 -14.228 -2.83604 -8.60923 7.61422 8.36866 1.78349 -11.1442 -13.2698 -12.5599 14.2809 12.0505 -1.58584 14.0381 -0.265979 1.03151 -4.03891 -5.99659 11.1558 7.49823 3.29944 -0.850478 11.2962 9.71095 7.28615 3.99954 1.88857 10.6382 13.9258 -5.65893 -2.48157 -6.8713 -5.44405 11.4719 -5.89448 11.1781 10.032 -6.38942 6.91463 -8.00609 -8.54938 13.0129 -3.49204 1.98886 3.81084 8.85033 -13.4683 8.27449 -6.1595 -2.71057 12.0091 1.41721 -12.7049 13.6675 7.87914 6.18998 9.03043 -14.8993 -0.60778 3.91735 12.1441 2.51216 -0.65014 4.09071 5.43256 -8.34654 3.99391 11.0066 3.40062 1.6301 0.990479 3.43897 3.09036 0.573535 3.39109 4.04879 0.164664 4.85939 0.1 0.232637 1.73371 274.457 -851.925 -311.551 600.487 338.457 388.407 333.161 602.828 863.752 887.842 522.94 185.252 -2.15628 -9.30431 -2.18186 -7.80129 5.02098 0.838561 -0.0786781 -6.91252 -7.96092 -9.13489 6.80768 7.35339 -0.67017 8.55771 -2.07567 -0.383076 -2.4145 -5.38643 9.15774 5.86545 1.32248 -1.61223 9.3904 6.14349 7.29462 3.47247 0.552686 6.98062 7.95969 -4.96617 -0.681464 -5.78825 -4.02058 8.06727 -2.92833 5.93709 5.99873 -4.80508 3.47779 -6.53897 -6.50197 9.56331 -2.71641 0.441653 2.86815 6.2599 -8.94452 3.75808 -2.86841 -2.72537 8.32533 -0.4471 -6.77103 11.1854 4.39086 2.67548 6.49357 -11.7083 -2.30984 2.81276 8.52798 0.552731 -0.782026 3.21605 1.42076 -8.00112 1.83036 8.12735 3.36803 1.75402 1.34353 2.82837 2.84421 1.00676 3.1701 3.24315 0.457834 6.71808 0.708731 0.886321 1.6162
15 0.227666 -0.829082 -0.37914 0.449875 0.275846 0.247117 0.0653168 0.713365 0.890577 0.949876 0.518632 0.0563487 -0.37301 -0.948531 -0.18907 -0.573949 0.507615 0.557911 0.1189 -0.742944 -0.884654 -0.837327 0.952061 0.803369 -0.105723 0.935873 -0.017732 0.0687672 -0.269261 -0.399773 0.743723 0.499882 0.219963 -0.0566985 0.753082 0.647397 0.485743 0.266636 0.125905 0.709212 0.928386 -0.377262 -0.165438 -0.458086 -0.362937 0.764795 -0.392965 0.745209 0.668803 -0.425961 0.460975 -0.533739 -0.569959 0.867526 -0.232803 0.132591 0.254056 0.590022 -0.897886 0.551633 -0.410634 -0.180705 0.800605 0.0944803 -0.846994 0.911167 0.525276 0.412665 0.602029 -0.993287 -0.0405187 0.261157 0.809606 0.167477 -0.0433427 0.272714 0.362171 -0.556436 0.26626 0.733776 0.610059 -0.25361 -0.56562 0.628764 0.458712 -0.769008 0.605411 0.92624 -0.968457 -0.352081 -1 -0.935299 0.467427 341.499 -1243.62 -568.709 674.813 413.769 370.675 97.9752 1070.05 1335.87 1424.81 777.948 84.5231 -5.59516 -14.228 -2.83604 -8.60923 7.61422 8.36866 1.78349 -11.1442 -13.2698 -12.5599 14.2809 12.0505 -1.58584 14.0381 -0.265979 1.03151 -4.03891 -5.99659 11.1558 7.49823 3.29944 -0.850478 11.2962 9.71095 7.28615 3.99954 1.88857 10.6382 13.9258 -5.65893 -2.48157 -6.8713 -5.44405 11.4719 -5.89448 11.1781 10.032 -6.38942 6.91463 -8.00609 -8.54938 13.0129 -3.49204 1.98886 3.81084 8.85033 -13.4683 8.27449 -6.1595 -2.71057 12.0091 1.41721 -12.7049 13.6675 7.87914 6.18998 9.03043 -14.8993 -0.60778 3.91735 12.1441 2.51216 -0.65014 4.09071 5.43256 -8.34654 3.99391 11.0066 3.40062 1.6301 0.990479 3.43897 3.09036 0.573535 3.39109 4.04879 0.164664 4.85939 0.1 0.232637 1.73371 286.541 -954.712 -323.05 505.746 304.011 392.109 293.805 634.894 871.151 818.153 541.336 162.422 -2.90591 -9.26941 -2.07759 -7.82039 5.34301 1.66785 0.146398 -7.19232 -8.96498 -8.92062 7.51083 8.05743 -1.25074 8.08765 -2.27307 -0.613333 -2.90621 -5.11874 8.905 5.93947 1.823 -2.02649 9.59792 6.4449 7.71087 3.45316 0.860783 6.96927 9.6487 -5.01419 -0.37567 -5.8173 -4.74729 8.49725 -2.68656 5.7482 6.52465 -5.34553 3.38107 -7.74389 -6.59713 10.9735 -3.2613 0.124558 3.17038 6.69003 -9.69159 3.83403 -3.77164 -2.84415 8.14289 -0.134853 -7.19678 10.9952 4.34273 2.86791 6.48287 -11.8817 -2.09127 3.43165 9.05301 0.516643 -0.870641 3.48848 1.81721 -8.49784 2.47068 8.95653 3.39134 1.68029 1.33447 2.87766 2.94743 0.945966 3.16926 3.42652 0.481556 6.56073 0.604863 0.734334 1.60554
16 0.309377 -0.823876 -0.417975 0.498002 0.228703 0.302527 0.0420907 0.671769 0.894295 0.863874 0.535033 0.0581205 -0.371171 -0.85385 -0.0849518 -0.490246 0.403972 0.583985 0.200948 -0.748328 -0.871362 -0.864365 0.920415 0.774175 -0.0416483 0.895472 -0.120623 0.081691 -0.291534 -0.37009 0.717681 0.466323 0.327351 -0.163685 0.754595 0.531673 0.482611 0.189784 0.0928329 0.676122 0.929359 -0.374272 -0.069482 -0.477363 -0.414925 0.784928 -0.457163 0.6312 0.672461 -0.438338 0.469342 -0.579334 -0.537971 0.845902 -0.2209 0.174225 0.247556 0.629425 -0.913041 0.588282 -0.494108 -0.138753 0.737368 0.116609 -0.81819 0.852423 0.502895 0.402236 0.600698 -0.966356 -0.105828 0.302261 0.826103 0.121003 -0.0274052 0.291336 0.307293 -0.642515 0.31394 0.71898 0.521304 -0.19862 -0.590901 0.690097 0.366537 -0.799288 0.646702 0.915086 -0.944347 -0.295865 -1 -0.889548 0.37642 464.065 -1235.81 -626.962 747.003 343.054 453.79 63.136 1007.65 1341.44 1295.81 802.55 87.1808 -5.56756 -12.8077 -1.27428 -7.35369 6.05959 8.75978 3.01422 -11.2249 -13.0704 -12.9655 13.8062 11.6126 -0.624725 13.4321 -1.80935 1.22537 -4.373 -5.55135 10.7652 6.99485 4.91027 -2.45527 11.3189 7.9751 7.23916 2.84676 1.39249 10.1418 13.9404 -5.61408 -1.04223 -7.16044 -6.22388 11.7739 -6.85745 9.468 10.0869 -6.57507 7.04014 -8.69001 -8.06956 12.6885 -3.31351 2.61337 3.71334 9.44137 -13.6956 8.82423 -7.41163 -2.08129 11.0605 1.74914 -12.2729 12.7863 7.54342 6.03353 9.01047 -14.4953 -1.58742 4.53391 12.3915 1.81504 -0.411077 4.37004 4.6094 -9.63773 4.7091 10.7847 3.21867 1.74283 0.938654 3.5647 2.9014 0.51146 3.47574 4.02593 0.214088 5.28101 0.1 0.326426 1.68821 308.055 -997.987 -341.012 466.348 322.394 382.139 212.608 611.003 945.192 872.602 556.003 180.502 -2.37394 -9.8371 -1.70868 -7.95572 5.76076 2.64484 0.530684 -7.12493 -9.4115 -9.36096 9.20797 8.99644 -1.59382 7.23856 -1.64492 -0.784806 -2.59858 -5.35539 9.25633 6.01707 1.80876 -2.12086 9.6366 6.55188 7.91712 3.22033 1.21149 6.90446 9.63091 -5.11759 -0.308972 -5.22768 -4.81748 8.84606 -3.83158 6.46577 7.12222 -5.24258 4.03877 -7.45112 -6.44786 11.4626 -2.55359 0.464515 2.72512 6.85732 -10.8224 4.42429 -4.03549 -2.86952 9.0622 0.132622 -7.57384 10.9521 5.00517 3.02416 6.86471 -11.856 -2.79005 3.72802 9.81489 0.583059 -0.515218 3.59324 2.14791 -8.67054 3.31167 9.23265 3.37951 1.60859 1.26922 3.0501 2.98369 0.831207 3.15939 3.55305 0.454184 6.29561 0.534725 0.603319 1.60529
17 0.309377 -0.823876 -0.417975 0.498002 0.228703 0.302527 0.0420907 0.671769 0.894295 0.863874 0.535033 0.0581205 -0.371171 -0.85385 -0.0849518 -0.490246 0.403972 0.583985 0.200948 -0.748328 -0.871362 -0.864365 0.920415 0.774175 -0.0416483 0.895472 -0.120623 0.081691 -0.291534 -0.37009 0.717681 0.466323 0.327351 -0.163685 0.754595 0.531673 0.482611 0.189784 0.0928329 0.676122 0.929359 -0.374272 -0.069482 -0.477363 -0.414925 0.784928 -0.457163 0.6312 0.672461 -0.438338 0.469342 -0.579334 -0.537971 0.845902 -0.2209 0.174225 0.247556 0.629425 -0.913041 0.588282 -0.494108 -0.138753 0.737368 0.116609 -0.81819 0.852423 0.502895 0.402236 0.600698 -0.966356 -0.105828 0.302261 0.826103 0.121003 -0.0274052 0.291336 0.307293 -0.642515 0.31394 0.71898 0.521304 -0.19862 -0.590901 0.690097 0.366537 -0.799288 0.646702 0.915086 -0.944347 -0.295865 -1 -0.889548 0.37642 464.065 -1235.81 -626.962 747.003 343.054 453.79 63.136 1007.65 1341.44 1295.81 802.55 87.1808 -5.56756 -12.8077 -1.27428 -7.35369 6.05959 8.75978 3.01422 -11.2249 -13.0704 -12.9655 13.8062 11.6126 -0.624725 13.4321 -1.80935 1.22537 -4.373 -5.55135 10.7652 6.99485 4.91027 -2.45527 11.3189 7.9751 7.23916 2.84676 1.39249 10.1418 13.9404 -5.61408 -1.04223 -7.16044 -6.22388 11.7739 -6.85745 9.468 10.0869 -6.57507 7.04014 -8.69001 -8.06956 12.6885 -3.31351 2.61337 3.71334 9.44137 -13.6956 8.82423 -7.41163 -2.08129 11.0605 1.74914 -12.2729 12.7863 7.54342 6.03353 9.01047 -14.4953 -1.58742 4.53391 12.3915 1.81504 -0.411077 4.37004 4.6094 -9.63773 4.7091 10.7847 3.21867 1.74283 0.938654 3.5647 2.9014 0.51146 3.47574 4.02593 0.214088 5.28101 0.1 0.326426 1.68821 318.861 -1032.82 -375.595 465.073 280.835 369.13 195.234 705.04 956.493 980.727 670.954 147.221 -2.91981 -11.6439 -1.95082 -7.71033 6.01201 3.41687 0.97277 -6.66898 -10.7965 -9.29051 9.72372 10.7586 -2.2841 8.31153 -1.53152 -0.689113 -2.57512 -5.025 10.2442 5.98732 2.52447 -2.04921 10.1264 7.8031 7.632 3.56349 1.19296 6.62163 9.88123 -5.37669 -0.517599 -5.36259 -4.75852 8.80086 -4.35148 6.68511 9.1486 -5.57432 4.52584 -7.3807 -7.32487 11.2353 -2.58419 1.28324 2.9018 7.01175 -11.4838 4.85829 -4.67816 -2.67251 9.28396 0.561208 -8.0923 11.1713 4.99229 3.32343 6.71107 -11.8339 -2.71786 3.83235 9.8171 0.772153 -0.612011 3.73257 1.96145 -8.85875 3.48106 9.81459 3.39493 1.59744 1.24407 3.16612 2.95337 0.801873 3.15843 3.5879 0.387438 5.97183 0.475002 0.455648 1.61622
18 0.309377 -0.823876 -0.417975 0.498002 0.228703 0.302527 0.0420907 0.671769 0.894295 0.863874 0.535033 0.0581205 -0.371171 -0.85385 -0.0849518 -0.490246 0.403972 0.583985 0.200948 -0.748328 -0.871362 -0.864365 0.920415 0.774175 -0.0416483 0.895472 -0.120623 0.081691 -0.291534 -0.37009 0.717681 0.466323 0.327351 -0.163685 0.754595 0.531673 0.482611 0.189784 0.0928329 0.676122 0.929359 -0.374272 -0.069482 -0.477363 -0.414925 0.784928 -0.457163 0.6312 0.672461 -0.438338 0.469342 -0.579334 -0.537971 0.845902 -0.2209 0.174225 0.247556 0.629425 -0.913041 0.588282 -0.494108 -0.138753 0.737368 0.116609 -0.81819 0.852423 0.502895 0.402236 0.600698 -0.966356 -0.105828 0.302261 0.826103 0.121003 -0.0274052 0.291336 0.307293 -0.642515 0.31394 0.71898 0.521304 -0.19862 -0.590901 0.690097 0.366537 -0.799288 0.646702 0.915086 -0.944347 -0.295865 -1 -0.889548 0.37642 464.065 -1235.81 -626.962 747.003 343.054 453.79 63.136 1007.65 1341.44 1295.81 802.55 87.1808 -5.56756 -12.8077 -1.27428 -7.35369 6.05959 8.75978 3.01422 -11.2249 -13.0704 -12.9655 13.8062 11.6126 -0.624725 13.4321 -1.80935 1.22537 -4.373 -5.55135 10.7652 6.99485 4.91027 -2.45527 11.3189 7.9751 7.23916 2.84676 1.39249 10.1418 13.9404 -5.61408 -1.04223 -7.16044 -6.22388 11.7739 -6.85745 9.468 10.0869 -6.57507 7.04014 -8.69001 -8.06956 12.6885 -3.31351 2.61337 3.71334 9.44137 -13.6956 8.82423 -7.41163 -2.08129 11.0605 1.74914 -12.2729 12.7863 7.54342 6.03353 9.01047 -14.4953 -1.58742 4.53391 12.3915 1.81504 -0.411077 4.37004 4.6094 -9.63773 4.7091 10.7847 3.21867 1.74283 0.938654 3.5647 2.9014 0.51146 3.47574 4.02593 0.214088 5.28101 0.1 0.326426 1.68821 257.033 -1033.52 -509.194 448.841 311.706 380.46 135.611 721.832 1010.06 992.78 712.944 159.777 -2.59649 -11.5242 -1.69031 -7.28455 5.84625 2.7427 1.4027 -8.18713 -10.487 -9.52914 10.4295 10.6026 -2.52076 7.80853 -1.31087 -0.862682 -3.21453 -5.25046 10.3104 6.75459 2.46579 -2.21273 10.1316 6.78368 6.95053 3.72911 0.996551 8.37601 9.73191 -5.27133 -1.01287 -5.36338 -5.18077 9.59641 -4.1891 6.61147 9.49056 -6.24854 4.8851 -7.06647 -7.13179 11.6386 -1.50953 1.43561 2.961 7.60078 -11.6601 5.05382 -4.46988 -2.52775 10.4133 0.229578 -9.37302 11.487 5.71946 4.06669 7.03719 -12.4208 -2.3637 3.54077 9.74368 0.773367 -0.57499 4.13061 2.59656 -8.68293 4.06119 10.1865 3.36996 1.58903 1.28019 3.28079 2.97373 0.832338 3.17053 3.62502 0.40225 5.9061 0.378095 0.397286 1.64547
19 0.309377 -0.823876 -0.417975 0.498002 0.228703 0.302527 0.0420907 0.671769 0.894295 0.863874 0.535033 0.0581205 -0.371171 -0.85385 -0.0849518 -0.490246 0.403972 0.583985 0.200948 -0.748328 -0.871362 -0.864365 0.920415 0.774175 -0.0416483 0.895472 -0.120623 0.081691 -0.291534 -0.37009 0.717681 0.466323 0.327351 -0.163685 0.754595 0.531673 0.482611 0.189784 0.0928329 0.676122 0.929359 -0.374272 -0.069482 -0.477363 -0.414925 0.784928 -0.457163 0.6312 0.672461 -0.438338 0.469342 -0.579334 -0.537971 0.845902 -0.2209 0.174225 0.247556 0.629425 -0.913041 0.588282 -0.494108 -0.138753 0.737368 0.116609 -0.81819 0.852423 0.502895 0.402236 0.600698 -0.966356 -0.105828 0.302261 0.826103 0.121003 -0.0274052 0.291336 0.307293 -0.642515 0.31394 0.71898 0.521304 -0.19862 -0.590901 0.690097 0.366537 -0.799288 0.646702 0.915086 -0.944347 -0.295865 -1 -0.889548 0.37642 464.065 -1235.81 -626.962 747.003 343.054 453.79 63.136 1007.65 1341.44 1295.81 802.55 87.1808 -5.56756 -12.8077 -1.27428 -7.35369 6.05959 8.75978 3.01422 -11.2249 -13.0704 -12.9655 13.8062 11.6126 -0.624725 13.4321 -1.80935 1.22537 -4.373 -5.55135 10.7652 6.99485 4.91027 -2.45527 11.3189 7.9751 7.23916 2.84676 1.39249 10.1418 13.9404 -5.61408 -1.04223 -7.16044 -6.22388 11.7739 -6.85745 9.468 10.0869 -6.57507 7.04014 -8.69001 -8.06956 12.6885 -3.31351 2.61337 3.71334 9.44137 -13.6956 8.82423 -7.41163 -2.08129 11.0605 1.74914 -12.2729 12.7863 7.54342 6.03353 9.01047 -14.4953 -1.58742 4.53391 12.3915 1.81504 -0.411077 4.37004 4.6094 -9.63773 4.7091 10.7847 3.21867 1.74283 0.938654 3.5647 2.9014 0.51146 3.47574 4.02593 0.214088 5.28101 0.1 0.326426 1.68821 250.652 -994.979 -449.013 494.868 262.047 375.048 90.9803 690.174 974.062 997.359 762.04 151.62 -2.5535 -11.0677 -1.60561 -7.65205 5.98067 2.81129 1.3574 -8.11008 -11.2871 -9.2496 11.1611 10.7089 -2.02724 9.3659 -1.09795 -1.20728 -3.23862 -4.82143 10.2147 7.02758 2.52192 -2.35942 10.1048 6.43167 7.32703 3.66372 0.845788 7.89395 8.90252 -5.3879 -0.746125 -5.64805 -5.64907 9.87299 -4.07063 6.49022 8.82392 -6.33527 5.25694 -7.08819 -6.54655 11.6262 -1.52943 1.51143 2.39119 7.82642 -11.4498 5.96547 -4.60449 -2.65951 10.7512 0.251077 -10.823 12.316 5.79207 4.50482 6.80961 -12.1695 -2.64544 3.68522 9.42757 1.38867 -0.407982 3.84354 2.42588 -8.70265 4.101 10.1222 3.40336 1.60435 1.29984 3.21359 2.94302 0.925412 3.2021 3.59303 0.415786 5.77291 0.262113 0.40965 1.65658
20 0.309377 -0.823876 -0.417975 0.498002 0.228703 0.302527 0.0420907 0.671769 0.894295 0.863874 0.535033 0.0581205 -0.371171 -0.85385 -0.0849518 -0.490246 0.403972 0.583985 0.200948 -0.748328 -0.871362 -0.864365 0.920415 0.774175 -0.0416483 0.895472 -0.120623 0.081691 -0.291534 -0.37009 0.717681 0.466323 0.327351 -0.163685 0.754595 0.531673 0.482611 0.189784 0.0928329 0.676122 0.929359 -0.374272 -0.069482 -0.477363 -0.414925 0.784928 -0.457163 0.6312 0.672461 -0.438338 0.469342 -0.579334 -0.537971 0.845902 -0.2209 0.174225 0.247556 0.629425 -0.913041 0.588282 -0.494108 -0.138753 0.737368 0.116609 -0.81819 0.852423 0.502895 0.402236 0.600698 -0.966356 -0.105828 0.302261 0.826103 0.121003 -0.0274052 0.291336 0.307293 -0.642515 0.31394 0.71898 0.521304 -0.19862 -0.590901 0.690097 0.366537 -0.799288 0.646702 0.915086 -0.944347 -0.295865 -1 -0.889548 0.37642 464.065 -1235.81 -626.962 747.003 343.054 453.79 63.136 1007.65 1341.44 1295.81 802.55 87.1808 -5.56756 -12.8077 -1.27428 -7.35369 6.05959 8.75978 3.01422 -11.2249 -13.0704 -12.9655 13.8062 11.6126 -0.624725 13.4321 -1.80935 1.22537 -4.373 -5.55135 10.7652 6.99485 4.91027 -2.45527 11.3189 7.9751 7.23916 2.84676 1.39249 10.1418 13.9404 -5.61408 -1.04223 -7.16044 -6.22388 11.7739 -6.85745 9.468 10.0869 -6.57507 7.04014 -8.69001 -8.06956 12.6885 -3.31351 2.61337 3.71334 9.44137 -13.6956 8.82423 -7.41163 -2.08129 11.0605 1.74914 -12.2729 12.7863 7.54342 6.03353 9.01047 -14.4953 -1.58742 4.53391 12.3915 1.81504 -0.411077 4.37004 4.6094 -9.63773 4.7091 10.7847 3.21867 1.74283 0.938654 3.5647 2.9014 0.51146 3.47574 4.02593 0.214088 5.28101 0.1 0.326426 1.68821 214.552 -1042.6 -470.476 468.517 359.686 368.687 33.1784 771.95 990.977 1005.4 771.686 157.816 -3.19918 -11.4152 -1.76088 -7.7312 6.33687 3.48142 1.19908 -8.66125 -11.7978 -9.11094 11.6501 10.8771 -1.82897 11.5309 -1.10481 -0.344532 -3.2814 -4.72576 10.2079 7.14801 2.56955 -2.54127 9.9436 7.02265 7.2444 3.96869 0.823026 8.61592 9.3779 -5.42048 -0.971038 -5.49922 -5.73909 9.8596 -4.39762 7.02011 9.74916 -6.26933 5.71575 -7.57522 -6.21404 11.8216 -1.368 1.64984 2.95711 8.23209 -11.4538 6.59153 -4.94933 -2.37672 10.5299 0.511612 -11.0175 12.3159 6.34797 5.02753 6.38253 -11.0487 -2.49292 3.38972 9.83439 1.61645 -0.188986 3.56215 3.36157 -8.54895 4.28314 9.76488 3.3895 1.5965 1.33313 3.27868 2.94498 0.914136 3.19843 3.55365 0.364085 6.07438 0.349972 0.390042 1.65997
21 0.309377 -0.823876 -0.417975 0.498002 0.228703 0.302527 0.0420907 0.671769 0.894295 0.863874 0.535033 0.0581205 -0.371171 -0.85385 -0.0849518 -0.490246 0.403972 0.583985 0.200948 -0.748328 -0.871362 -0.864365 0.920415 0.774175 -0.0416483 0.895472 -0.120623 0.081691 -0.291534 -0.37009 0.717681 0.466323 0.327351 -0.163685 0.754595 0.531673 0.482611 0.189784 0.0928329 0.676122 0.929359 -0.374272 -0.069482 -0.477363 -0.414925 0.784928 -0.457163 0.6312 0.672461 -0.438338 0.469342 -0.579334 -0.537971 0.845902 -0.2209 0.174225 0.247556 0.629425 -0.913041 0.588282 -0.494108 -0.138753 0.737368 0.116609 -0.81819 0.852423 0.502895 0.402236 0.600698 -0.966356 -0.105828 0.302261 0.826103 0.121003 -0.0274052 0.291336 0.307293 -0.642515 0.31394 0.71898 0.521304 -0.19862 -0.590901 0.690097 0.366537 -0.799288 0.646702 0.915086 -0.944347 -0.295865 -1 -0.889548 0.37642 464.065 -1235.81 -626.962 747.003 343.054 453.79 63.136 1007.65 1341.44 1295.81 802.55 87.1808 -5.56756 -12.8077 -1.27428 -7.35369 6.05959 8.75978 3.01422 -11.2249 -13.0704 -12.9655 13.8062 11.6126 -0.624725 13.4321 -1.80935 1.22537 -4.373 -5.55135 10.7652 6.99485 4.91027 -2.45527 11.3189 7.9751 7.23916 2.84676 1.39249 10.1418 13.9404 -5.61408 -1.04223 -7.16044 -6.22388 11.7739 -6.85745 9.468 10.0869 -6.57507 7.04014 -8.69001 -8.06956 12.6885 -3.31351 2.61337 3.71334 9.44137 -13.6956 8.82423 -7.41163 -2.08129 11.0605 1.74914 -12.2729 12.7863 7.54342 6.03353 9.01047 -14.4953 -1.58742 4.53391 12.3915 1.81504 -0.411077 4.37004 4.6094 -9.63773 4.7091 10.7847 3.21867 1.74283 0.938654 3.5647 2.9014 0.51146 3.47574 4.02593 0.214088 5.28101 0.1 0.326426 1.68821 213.308 -1081.84 -518.216 483.881 327.139 371.652 54.4766 821.712 1061.22 1033.96 783.669 143.675 -3.47246 -10.9689 -1.59696 -7.65009 6.21352 3.6798 1.59361 -8.77954 -11.7759 -10.0329 12.6875 10.9735 -1.99989 11.5441 -1.25432 -0.514825 -3.05036 -4.44591 10.3922 7.30804 3.38102 -2.54659 10.0435 7.03547 6.75287 3.63279 0.75797 8.96217 9.87147 -5.49598 -1.7237 -5.97319 -5.78363 9.7174 -4.41297 7.08536 9.98152 -6.25276 5.97896 -7.60042 -6.23444 11.8855 -1.36477 1.51809 2.99933 8.19662 -12.0946 6.73426 -4.99999 -2.01606 10.2747 0.572752 -11.33 12.9359 5.99485 5.48852 6.67089 -11.3298 -2.21857 3.45446 9.48807 1.83072 -0.448847 3.5572 2.99541 -8.81715 4.18374 9.93871 3.38487 1.62308 1.41294 3.25136 2.93046 0.88113 3.21342 3.5612 0.316494 5.89864 0.244457 0.426013 1.66569
22 0.309377 -0.823876 -0.417975 0.498002 0.228703 0.302527 0.0420907 0.671769 0.894295 0.863874 0.535033 0.0581205 -0.371171 -0.85385 -0.0849518 -0.490246 0.403972 0.583985 0.200948 -0.748328 -0.871362 -0.864365 0.920415 0.774175 -0.0416483 0.895472 -0.120623 0.081691 -0.291534 -0.37009 0.717681 0.466323 0.327351 -0.163685 0.754595 0.531673 0.482611 0.189784 0.0928329 0.676122 0.929359 -0.374272 -0.069482 -0.477363 -0.414925 0.784928 -0.457163 0.6312 0.672461 -0.438338 0.469342 -0.579334 -0.537971 0.845902 -0.2209 0.174225 0.247556 0.629425 -0.913041 0.588282 -0.494108 -0.138753 0.737368 0.116609 -0.81819 0.852423 0.502895 0.402236 0.600698 -0.966356 -0.105828 0.302261 0.826103 0.121003 -0.0274052 0.291336 0.307293 -0.642515 0.31394 0.71898 0.521304 -0.19862 -0.590901 0.690097 0.366537 -0.799288 0.646702 0.915086 -0.944347 -0.295865 -1 -0.889548 0.37642 464.065 -1235.81 -626.962 747.003 343.054 453.79 63.136 1007.65 1341.44 1295.81 802.55 87.1808 -5.56756 -12.8077 -1.27428 -7.35369 6.05959 8.75978 3.01422 -11.2249 -13.0704 -12.9655 13.8062 11.6126 -0.624725 13.4321 -1.80935 1.22537 -4.373 -5.55135 10.7652 6.99485 4.91027 -2.45527 11.3189 7.9751 7.23916 2.84676 1.39249 10.1418 13.9404 -5.61408 -1.04223 -7.16044 -6.22388 11.7739 -6.85745 9.468 10.0869 -6.57507 7.04014 -8.69001 -8.06956 12.6885 -3.31351 2.61337 3.71334 9.44137 -13.6956 8.82423 -7.41163 -2.08129 11.0605 1.74914 -12.2729 12.7863 7.54342 6.03353 9.01047 -14.4953 -1.58742 4.53391 12.3915 1.81504 -0.411077 4.37004 4.6094 -9.63773 4.7091 10.7847 3.21867 1.74283 0.938654 3.5647 2.9014 0.51146 3.47574 4.02593 0.214088 5.28101 0.1 0.326426 1.68821 243.043 -1115.35 -588.513 451.111 338.765 371.852 36.2539 936.692 1192.23 1060.46 783.067 147.777 -3.58574 -10.7501 -1.51864 -7.57601 6.26582 5.13527 1.71205 -9.49812 -12.2217 -10.0067 12.3582 10.7228 -1.89242 12.1667 -1.32648 -0.46109 -3.28223 -4.84587 10.7902 7.39536 3.36151 -2.8153 10.142 7.45924 6.55345 3.78921 0.941122 9.39164 10.8578 -5.57367 -2.12582 -6.13514 -5.91741 10.0867 -4.29615 7.45677 9.83602 -6.23953 5.84626 -7.51477 -6.08049 12.2234 -2.05855 1.21701 3.6138 8.37303 -12.5297 6.81996 -4.93441 -2.37213 10.5922 0.579889 -11.5307 12.7778 6.77491 5.79146 7.16706 -11.549 -2.03805 3.36722 10.0606 2.09118 -0.184779 3.79819 3.66108 -8.83594 4.5206 10.3264 3.37715 1.62111 1.31375 3.25552 2.9496 0.794993 3.22759 3.63303 0.271604 6.07371 0.243289 0.409462 1.64303
23 0.175481 -0.862265 -0.440743 0.574201 0.233282 0.176702 0.0406438 0.648876 0.933676 0.912635 0.403823 0.05399 -0.388844 -0.892229 -0.0938227 -0.486129 0.498924 0.427344 0.183619 -0.672604 -0.814758 -0.923492 0.880471 0.863606 -0.136914 0.938069 -0.0467513 0.040161 -0.139356 -0.465844 0.740682 0.50005 0.301198 -0.209689 0.902025 0.569375 -0.387425 0.275759 0.0972022 0.696376 0.890607 -0.398749 -0.0718619 -0.477553 -0.307728 0.892805 -0.447966 0.607539 0.670736 -0.539973 0.439916 -0.624744 -0.558266 0.893957 -0.10937 0.193252 0.210319 0.653842 -1 0.397281 -0.394464 -0.189569 0.652209 0.107517 -0.906802 0.818281 0.41078 0.401651 0.476374 -0.928187 -0.0514182 0.326404 0.867945 0.142818 -0.0443319 0.163217 0.349345 -0.590102 0.304646 0.798178 0.459404 -0.289547 -0.588506 0.00229705 0.492839 -0.641709 0.723301 0.451721 -0.962733 -0.28591 -1 -0.963971 0.433012 263.222 -1293.4 -661.115 861.301 349.922 265.053 60.9658 973.314 1400.51 1368.95 605.735 80.985 -5.83266 -13.3834 -1.40734 -7.29193 7.48386 6.41016 2.75428 -10.0891 -12.2214 -13.8524 13.2071 12.9541 -2.05371 14.071 -0.70127 0.602415 -2.09033 -6.98766 11.1102 7.50075 4.51797 -3.14533 13.5304 8.54063 -5.81138 4.13638 1.45803 10.4456 13.3591 -5.98124 -1.07793 -7.1633 -4.61591 13.3921 -6.71949 9.11309 10.061 -8.0996 6.59874 -9.37116 -8.37399 13.4093 -1.64055 2.89878 3.15478 9.80763 -15 5.95921 -5.91695 -2.84354 9.78314 1.61276 -13.602 12.2742 6.16169 6.02476 7.14561 -13.9228 -0.771273 4.89606 13.0192 2.14227 -0.664978 2.44826 5.24018 -8.85152 4.56969 11.9727 3.09178 1.55643 0.943563 2.15471 3.16032 0.834497 3.63277 3.07603 0.176397 5.35567 0.1 0.17386 1.71651 228.656 -1129.23 -572.692 398.817 331.126 366.882 35.7629 862.63 1230.69 1034.58 758.903 185.437 -4.35187 -10.8687 -1.66421 -7.8441 5.81251 5.08742 1.74772 -9.95114 -12.0128 -9.61049 12.3649 10.7392 -1.54747 11.8362 -1.27171 -0.64109 -3.29291 -5.21738 10.7818 7.38595 3.6417 -2.89324 10.2459 6.27166 6.08571 3.70999 0.776014 8.81458 11.5642 -5.50746 -1.8217 -6.35491 -6.06759 10.2897 -4.4253 7.26655 9.94535 -6.29151 6.26537 -7.04579 -6.50043 12.0716 -2.36472 1.6249 3.62945 8.74618 -12.8223 6.84714 -5.41016 -2.41889 10.4651 0.293747 -12.5487 12.7975 6.91446 5.70729 7.43161 -11.9368 -1.92457 3.90382 10.5752 2.32387 -0.159451 3.81723 3.4772 -8.86205 4.48741 10.4831 3.40273 1.63579 1.27475 3.22724 2.95634 0.764474 3.23498 3.67289 0.275674 6.01145 0.254267 0.426066 1.6327
24 0.175481 -0.862265 -0.440743 0.574201 0.233282 0.176702 0.0406438 0.648876 0.933676 0.912635 0.403823 0.05399 -0.388844 -0.892229 -0.0938227 -0.486129 0.498924 0.427344 0.183619 -0.672604 -0.814758 -0.923492 0.880471 0.863606 -0.136914 0.938069 -0.0467513 0.040161 -0.139356 -0.465844 0.740682 0.50005 0.301198 -0.209689 0.902025 0.569375 -0.387425 0.275759 0.0972022 0.696376 0.890607 -0.398749 -0.0718619 -0.477553 -0.307728 0.892805 -0.447966 0.607539 0.670736 -0.539973 0.439916 -0.624744 -0.558266 0.893957 -0.10937 0.193252 0.210319 0.653842 -1 0.397281 -0.394464 -0.189569 0.652209 0.107517 -0.906802 0.818281 0.41078 0.401651 0.476374 -0.928187 -0.0514182 0.326404 0.867945 0.142818 -0.0443319 0.163217 0.349345 -0.590102 0.304646 0.798178 0.459404 -0.289547 -0.588506 0.00229705 0.492839 -0.641709 0.723301 0.451721 -0.962733 -0.28591 -1 -0.963971 0.433012 263.222 -1293.4 -661.115 861.301 349.922 265.053 60.9658 973.314 1400.51 1368.95 605.735 80.985 -5.83266 -13.3834 -1.40734 -7.29193 7.48386 6.41016 2.75428 -10.0891 -12.2214 -13.8524 13.2071 12.9541 -2.05371 14.071 -0.70127 0.602415 -2.09033 -6.98766 11.1102 7.50075 4.51797 -3.14533 13.5304 8.54063 -5.81138 4.13638 1.45803 10.4456 13.3591 -5.98124 -1.07793 -7.1633 -4.61591 13.3921 -6.71949 9.11309 10.061 -8.0996 6.59874 -9.37116 -8.37399 13.4093 -1.64055 2.89878 3.15478 9.80763 -15 5.95921 -5.91695 -2.84354 9.78314 1.61276 -13.602 12.2742 6.16169 6.02476 7.14561 -13.9228 -0.771273 4.89606 13.0192 2.14227 -0.664978 2.44826 5.24018 -8.85152 4.56969 11.9727 3.09178 1.55643 0.943563 2.15471 3.16032 0.834497 3.63277 3.07603 0.176397 5.35567 0.1 0.17386 1.71651 244.918 -1210.07 -580.622 354.331 364.188 366.848 47.8902 874.016 1234.32 1139.77 784.598 129.476 -4.31642 -11.632 -1.80496 -7.91316 5.32392 5.80071 1.74942 -10.0807 -11.5265 -10.1179 12.6457 10.3625 -1.19601 12.2984 -1.24939 -0.821116 -2.9895 -5.52149 10.8706 7.3028 3.6469 -3.04204 10.3438 6.8977 5.93694 3.74949 0.993856 8.79742 12.2741 -5.44992 -1.86739 -6.69685 -5.99065 10.5528 -4.49757 7.27687 10.1289 -6.16725 6.4075 -7.54777 -6.80207 12.2202 -2.71134 2.01953 3.61458 8.68556 -12.9908 6.9504 -5.85739 -2.31564 10.1466 0.842356 -12.5443 12.7365 7.13828 5.65057 7.44474 -12.5686 -2.24665 3.97612 10.7156 2.48636 -0.136936 3.83588 3.77535 -8.45453 4.38195 10.5225 3.3877 1.65597 1.24459 3.14051 2.98832 0.769768 3.30598 3.81571 0.238597 5.82188 0.30737 0.363215 1.64098
25 0.175481 -0.862265 -0.440743 0.574201 0.233282 0.176702 0.0406438 0.648876 0.933676 0.912635 0.403823 0.05399 -0.388844 -0.892229 -0.0938227 -0.486129 0.498924 0.427344 0.183619 -0.672604 -0.814758 -0.923492 0.880471 0.863606 -0.136914 0.938069 -0.0467513 0.040161 -0.139356 -0.465844 0.740682 0.50005 0.301198 -0.209689 0.902025 0.569375 -0.387425 0.275759 0.0972022 0.696376 0.890607 -0.398749 -0.0718619 -0.477553 -0.307728 0.892805 -0.447966 0.607539 0.670736 -0.539973 0.439916 -0.624744 -0.558266 0.893957 -0.10937 0.193252 0.210319 0.653842 -1 0.397281 -0.394464 -0.189569 0.652209 0.107517 -0.906802 0.818281 0.41078 0.401651 0.476374 -0.928187 -0.0514182 0.326404 0.867945 0.142818 -0.0443319 0.163217 0.349345 -0.590102 0.304646 0.798178 0.459404 -0.289547 -0.588506 0.00229705 0.492839 -0.641709 0.723301 0.451721 -0.962733 -0.28591 -1 -0.963971 0.433012 263.222 -1293.4 -661.115 861.301 349.922 265.053 60.9658 973.314 1400.51 1368.95 605.735 80.985 -5.83266 -13.3834 -1.40734 -7.29193 7.48386 6.41016 2.75428 -10.0891 -12.2214 -13.8524 13.2071 12.9541 -2.05371 14.071 -0.70127 0.602415 -2.09033 -6.98766 11.1102 7.50075 4.51797 -3.14533 13.5304 8.54063 -5.81138 4.13638 1.45803 10.4456 13.3591 -5.98124 -1.07793 -7.1633 -4.61591 13.3921 -6.71949 9.11309 10.061 -8.0996 6.59874 -9.37116 -8.37399 13.4093 -1.64055 2.89878 3.15478 9.80763 -15 5.95921 -5.91695 -2.84354 9.78314 1.61276 -13.602 12.2742 6.16169 6.02476 7.14561 -13.9228 -0.771273 4.89606 13.0192 2.14227 -0.664978 2.44826 5.24018 -8.85152 4.56969 11.9727 3.09178 1.55643 0.943563 2.15471 3.16032 0.834497 3.63277 3.07603 0.176397 5.35567 0.1 0.17386 1.71651 237.821 -1234.88 -584.441 359.497 368.557 355.607 29.4761 844.904 1243.95 1149.87 765.295 123.092 -4.39446 -11.2494 -1.75586 -7.81491 5.47256 5.79296 1.81683 -10.2754 -12.0772 -10.4779 12.7405 10.82 -1.05982 11.6765 -1.2782 -1.13224 -2.94167 -5.70379 10.7456 7.4468 3.56526 -3.05422 10.6968 7.54307 6.01188 3.84862 0.930456 8.75148 12.1103 -5.5495 -2.1643 -6.89687 -5.80911 10.9687 -5.10953 7.32725 10.0512 -6.0779 6.52612 -7.37936 -6.85955 12.239 -2.74373 2.1149 3.62352 8.7723 -12.7162 6.81022 -5.54454 -2.0635 10.1544 0.449173 -12.7108 12.731 7.07621 5.60244 7.67158 -13.101 -2.27483 3.86114 10.4606 2.4426 0.0763489 3.77482 3.69215 -9.18143 4.26796 10.5141 3.36545 1.64629 1.18368 3.0695 2.99265 0.736797 3.30039 3.82132 0.208434 5.78144 0.350219 0.348412 1.63863
