50.02 1 5.14866e-05 2.72545e-06 0.159766 1.16667e-09 8.71713e-05 0.117579 2.07975e-07 0.0195467 0.99877
50.12 1 5.14892e-05 2.72541e-06 0.159764 1.16563e-09 8.71471e-05 0.117581 2.07378e-07 0.0195466 0.99877
50.22 1 5.14917e-05 2.72538e-06 0.159762 1.16462e-09 8.71238e-05 0.117584 2.06798e-07 0.0195464 0.99877
50.32 1 5.1494e-05 2.72535e-06 0.159761 1.16365e-09 8.71013e-05 0.117587 2.06234e-07 0.0195462 0.99877
50.42 1 5.14962e-05 2.72532e-06 0.15976 1.16272e-09 8.70796e-05 0.117589 2.05685e-07 0.0195461 0.99877
50.52 1 5.14983e-05 2.7253e-06 0.159758 1.16181e-09 8.70586e-05 0.117591 2.05152e-07 0.019546 0.99877
50.62 1 5.15003e-05 2.72527e-06 0.159757 1.16093e-09 8.70384e-05 0.117593 2.04633e-07 0.0195458 0.99877
50.72 1 5.15022e-05 2.72525e-06 0.159756 1.16008e-09 8.70189e-05 0.117596 2.04128e-07 0.0195457 0.99877
50.82 1 5.1504e-05 2.72522e-06 0.159755 1.15926e-09 8.7e-05 0.117597 2.03638e-07 0.0195456 0.99877
50.92 1 5.15058e-05 2.7252e-06 0.159754 1.15847e-09 8.69818e-05 0.117599 2.0316e-07 0.0195455 0.99877
51.02 1 5.15074e-05 2.72518e-06 0.159753 1.1577e-09 8.69643e-05 0.117601 2.02696e-07 0.0195454 0.99877
51.12 1 5.15089e-05 2.72516e-06 0.159752 1.15696e-09 8.69473e-05 0.117603 2.02244e-07 0.0195453 0.99877
51.22 1 5.15104e-05 2.72514e-06 0.159751 1.15624e-09 8.6931e-05 0.117604 2.01805e-07 0.0195452 0.99877
51.32 1 5.15118e-05 2.72512e-06 0.15975 1.15555e-09 8.69152e-05 0.117606 2.01377e-07 0.0195451 0.99877
51.42 1 5.15132e-05 2.7251e-06 0.159749 1.15488e-09 8.69e-05 0.117607 2.00961e-07 0.019545 0.99877
51.52 1 5.15144e-05 2.72509e-06 0.159749 1.15423e-09 8.68853e-05 0.117609 2.00556e-07 0.0195449 0.99877
51.62 1 5.15156e-05 2.72507e-06 0.159748 1.15361e-09 8.68711e-05 0.11761 2.00163e-07 0.0195448 0.99877
51.72 1 5.15168e-05 2.72506e-06 0.159747 1.153e-09 8.68574e-05 0.117611 1.99779e-07 0.0195448 0.99877
51.82 1 5.15179e-05 2.72504e-06 0.159747 1.15241e-09 8.68442e-05 0.117612 1.99407e-07 0.0195447 0.99877
51.92 1 5.15189e-05 2.72503e-06 0.159746 1.15185e-09 8.68315e-05 0.117614 1.99044e-07 0.0195446 0.99877
52.02 1 5.15199e-05 2.72502e-06 0.159745 1.1513e-09 8.68192e-05 0.117615 1.9869e-07 0.0195446 0.99877
52.12 1 5.15208e-05 2.72501e-06 0.159745 1.15077e-09 8.68073e-05 0.117616 1.98347e-07 0.0195445 0.99877
52.22 1 5.15217e-05 2.72499e-06 0.159744 1.15025e-09 8.67959e-05 0.117617 1.98012e-07 0.0195444 0.99877
52.32 1 5.15226e-05 2.72498e-06 0.159744 1.14976e-09 8.67849e-05 0.117617 1.97686e-07 0.0195444 0.99877
52.42 1 5.15234e-05 2.72497e-06 0.159743 1.14928e-09 8.67742e-05 0.117618 1.97369e-07 0.0195443 0.99877
52.52 1 5.15241e-05 2.72496e-06 0.159743 1.14882e-09 8.67639e-05 0.117619 1.97061e-07 0.0195443 0.99877
52.62 1 5.15249e-05 2.72495e-06 0.159742 1.14837e-09 8.6754e-05 0.11762 1.96761e-07 0.0195442 0.99877
52.72 1 5.15256e-05 2.72495e-06 0.159742 1.14793e-09 8.67444e-05 0.117621 1.96468e-07 0.0195442 0.99877
52.82 1 5.15262e-05 2.72494e-06 0.159742 1.14751e-09 8.67352e-05 0.117621 1.96184e-07 0.0195442 0.99877
52.92 1 5.15268e-05 2.72493e-06 0.159741 1.14711e-09 8.67263e-05 0.117622 1.95906e-07 0.0195441 0.99877
53.02 1 5.15274e-05 2.72492e-06 0.159741 1.14672e-09 8.67177e-05 0.117623 1.95637e-07 0.0195441 0.99877
53.12 1 5.1528e-05 2.72491e-06 0.15974 1.14634e-09 8.67094e-05 0.117623 1.95374e-07 0.019544 0.99877
53.22 1 5.15285e-05 2.72491e-06 0.15974 1.14597e-09 8.67014e-05 0.117624 1.95118e-07 0.019544 0.99877
53.32 1 5.1529e-05 2.7249e-06 0.15974 1.14561e-09 8.66937e-05 0.117624 1.94869e-07 0.019544 0.99877
53.42 1 5.15295e-05 2.7249e-06 0.15974 1.14527e-09 8.66863e-05 0.117625 1.94627e-07 0.0195439 0.99877
53.52 1 5.153e-05 2.72489e-06 0.159739 1.14494e-09 8.66791e-05 0.117625 1.94391e-07 0.0195439 0.99877
53.62 1 5.15304e-05 2.72488e-06 0.159739 1.14462e-09 8.66721e-05 0.117626 1.94161e-07 0.0195439 0.99877
53.72 1 5.15308e-05 2.72488e-06 0.159739 1.14431e-09 8.66655e-05 0.117626 1.93937e-07 0.0195439 0.99877
53.82 1 5.15312e-05 2.72487e-06 0.159739 1.14401e-09 8.6659e-05 0.117627 1.93719e-07 0.0195438 0.99877
53.92 1 5.15316e-05 2.72487e-06 0.159738 1.14372e-09 8.66528e-05 0.117627 1.93507e-07 0.0195438 0.99877
54.02 1 5.1532e-05 2.72486e-06 0.159738 1.14344e-09 8.66468e-05 0.117628 1.933e-07 0.0195438 0.99877
54.12 1 5.15323e-05 2.72486e-06 0.159738 1.14317e-09 8.6641e-05 0.117628 1.93098e-07 0.0195438 0.99877
54.22 1 5.15326e-05 2.72486e-06 0.159738 1.1429e-09 8.66354e-05 0.117628 1.92902e-07 0.0195437 0.99877
54.32 1 5.15329e-05 2.72485e-06 0.159737 1.14265e-09 8.663e-05 0.117629 1.92711e-07 0.0195437 0.99877
54.42 1 5.15332e-05 2.72485e-06 0.159737 1.1424e-09 8.66248e-05 0.117629 1.92525e-07 0.0195437 0.99877
54.52 1 5.15335e-05 2.72484e-06 0.159737 1.14217e-09 8.66198e-05 0.117629 1.92344e-07 0.0195437 0.99877
54.62 1 5.15338e-05 2.72484e-06 0.159737 1.14194e-09 8.6615e-05 0.11763 1.92168e-07 0.0195437 0.99877
54.72 1 5.1534e-05 2.72484e-06 0.159737 1.14171e-09 8.66103e-05 0.11763 1.91996e-07 0.0195437 0.99877
54.82 1 5.15343e-05 2.72483e-06 0.159737 1.1415e-09 8.66059e-05 0.11763 1.91828e-07 0.0195436 0.99877
54.92 1 5.15345e-05 2.72483e-06 0.159737 1.14129e-09 8.66015e-05 0.11763 1.91665e-07 0.0195436 0.99877
55.02 1 5.15347e-05 2.72483e-06 0.159736 1.14109e-09 8.65973e-05 0.117631 1.91507e-07 0.0195436 0.99877
55.12 1 5.15349e-05 2.72483e-06 0.159736 1.1409e-09 8.65933e-05 0.117631 1.91352e-07 0.0195436 0.99877
55.22 1 5.15351e-05 2.72482e-06 0.159736 1.14071e-09 8.65894e-05 0.117631 1.91201e-07 0.0195436 0.99877
55.32 1 5.15353e-05 2.72482e-06 0.159736 1.14053e-09 8.65857e-05 0.117631 1.91054e-07 0.0195436 0.99877
55.42 1 5.15354e-05 2.72482e-06 0.159736 1.14035e-09 8.6582e-05 0.117631 1.90911e-07 0.0195436 0.99877
55.52 1 5.15356e-05 2.72482e-06 0.159736 1.14018e-09 8.65785e-05 0.117632 1.90772e-07 0.0195436 0.99877
55.62 1 5.15358e-05 2.72482e-06 0.159736 1.14002e-09 8.65752e-05 0.117632 1.90636e-07 0.0195435 0.99877
55.72 1 5.15359e-05 2.72481e-06 0.159736 1.13986e-09 8.65719e-05 0.117632 1.90504e-07 0.0195435 0.99877
55.82 1 5.15361e-05 2.72481e-06 0.159736 1.1397e-09 8.65688e-05 0.117632 1.90375e-07 0.0195435 0.99877
55.92 1 5.15362e-05 2.72481e-06 0.159736 1.13956e-09 8.65658e-05 0.117632 1.9025e-07 0.0195435 0.99877
56.02 1 5.15363e-05 2.72481e-06 0.159735 1.13941e-09 8.65629e-05 0.117632 1.90127e-07 0.0195435 0.99877
56.12 1 5.15365e-05 2.72481e-06 0.159735 1.13927e-09 8.65601e-05 0.117632 1.90008e-07 0.0195435 0.99877
56.22 1 5.15366e-05 2.72481e-06 0.159735 1.13914e-09 8.65574e-05 0.117633 1.89892e-07 0.0195435 0.99877
56.32 1 5.15367e-05 2.7248e-06 0.159735 1.13901e-09 8.65547e-05 0.117633 1.89779e-07 0.0195435 0.99877
56.42 1 5.15368e-05 2.7248e-06 0.159735 1.13888e-09 8.65522e-05 0.117633 1.89669e-07 0.0195435 0.99877
56.52 1 5.15369e-05 2.7248e-06 0.159735 1.13876e-09 8.65498e-05 0.117633 1.89562e-07 0.0195435 0.99877
56.62 1 5.1537e-05 2.7248e-06 0.159735 1.13864e-09 8.65475e-05 0.117633 1.89457e-07 0.0195435 0.99877
56.72 1 5.15371e-05 2.7248e-06 0.159735 1.13853e-09 8.65452e-05 0.117633 1.89355e-07 0.0195435 0.99877
56.82 1 5.15372e-05 2.7248e-06 0.159735 1.13842e-09 8.6543e-05 0.117633 1.89256e-07 0.0195435 0.99877
56.92 1 5.15372e-05 2.7248e-06 0.159735 1.13831e-09 8.65409e-05 0.117633 1.89159e-07 0.0195434 0.99877
57.02 1 5.15373e-05 2.7248e-06 0.159735 1.13821e-09 8.65389e-05 0.117633 1.89065e-07 0.0195434 0.99877
57.12 1 5.15374e-05 2.72479e-06 0.159735 1.13811e-09 8.65369e-05 0.117633 1.88973e-07 0.0195434 0.99877
57.22 1 5.15375e-05 2.72479e-06 0.159735 1.13801e-09 8.65351e-05 0.117634 1.88883e-07 0.0195434 0.99877
57.32 1 5.15375e-05 2.72479e-06 0.159735 1.13792e-09 8.65332e-05 0.117634 1.88796e-07 0.0195434 0.99877
57.42 1 5.15376e-05 2.72479e-06 0.159735 1.13783e-09 8.65315e-05 0.117634 1.88711e-07 0.0195434 0.99877
57.52 1 5.15376e-05 2.72479e-06 0.159735 1.13774e-09 8.65298e-05 0.117634 1.88628e-07 0.0195434 0.99877
57.62 1 5.15377e-05 2.72479e-06 0.159735 1.13766e-09 8.65282e-05 0.117634 1.88548e-07 0.0195434 0.99877
57.72 1 5.15378e-05 2.72479e-06 0.159735 1.13758e-09 8.65266e-05 0.117634 1.88469e-07 0.0195434 0.99877
57.82 1 5.15378e-05 2.72479e-06 0.159735 1.1375e-09 8.65251e-05 0.117634 1.88393e-07 0.0195434 0.99877
57.92 1 5.15379e-05 2.72479e-06 0.159734 1.13742e-09 8.65236e-05 0.117634 1.88318e-07 0.0195434 0.99877
58.02 1 5.15379e-05 2.72479e-06 0.159734 1.13735e-09 8.65222e-05 0.117634 1.88245e-07 0.0195434 0.99877
58.12 1 5.1538e-05 2.72479e-06 0.159734 1.13728e-09 8.65209e-05 0.117634 1.88174e-07 0.0195434 0.99877
58.22 1 5.1538e-05 2.72479e-06 0.159734 1.13721e-09 8.65196e-05 0.117634 1.88105e-07 0.0195434 0.99877
58.32 1 5.1538e-05 2.72479e-06 0.159734 1.13714e-09 8.65183e-05 0.117634 1.88038e-07 0.0195434 0.99877
58.42 1 5.15381e-05 2.72479e-06 0.159734 1.13708e-09 8.65171e-05 0.117634 1.87972e-07 0.0195434 0.99877
58.52 1 5.15381e-05 2.72479e-06 0.159734 1.13701e-09 8.65159e-05 0.117634 1.87908e-07 0.0195434 0.99877
58.62 1 5.15381e-05 2.72479e-06 0.159734 1.13695e-09 8.65148e-05 0.117634 1.87846e-07 0.0195434 0.99877
58.72 1 5.15382e-05 2.72478e-06 0.159734 1.1369e-09 8.65137e-05 0.117634 1.87785e-07 0.0195434 0.99877
58.82 1 5.15382e-05 2.72478e-06 0.159734 1.13684e-09 8.65126e-05 0.117634 1.87726e-07 0.0195434 0.99877
58.92 1 5.15382e-05 2.72478e-06 0.159734 1.13679e-09 8.65116e-05 0.117634 1.87668e-07 0.0195434 0.99877
59.02 1 5.15383e-05 2.72478e-06 0.159734 1.13673e-09 8.65106e-05 0.117634 1.87612e-07 0.0195434 0.99877
59.12 1 5.15383e-05 2.72478e-06 0.159734 1.13668e-09 8.65097e-05 0.117634 1.87557e-07 0.0195434 0.99877
59.22 1 5.15383e-05 2.72478e-06 0.159734 1.13663e-09 8.65088e-05 0.117634 1.87504e-07 0.0195434 0.99877
59.32 1 5.15383e-05 2.72478e-06 0.159734 1.13658e-09 8.65079e-05 0.117634 1.87452e-07 0.0195434 0.99877
59.42 1 5.15384e-05 2.72478e-06 0.159734 1.13654e-09 8.65071e-05 0.117635 1.87401e-07 0.0195434 0.99877
59.52 1 5.15384e-05 2.72478e-06 0.159734 1.13649e-09 8.65063e-05 0.117635 1.87352e-07 0.0195434 0.99877
59.62 1 5.15384e-05 2.72478e-06 0.159734 1.13645e-09 8.65055e-05 0.117635 1.87304e-07 0.0195434 0.99877
59.72 1 5.15384e-05 2.72478e-06 0.159734 1.13641e-09 8.65047e-05 0.117635 1.87257e-07 0.0195434 0.99877
59.82 1 5.15384e-05 2.72478e-06 0.159734 1.13637e-09 8.6504e-05 0.117635 1.87211e-07 0.0195434 0.99877
59.92 1 5.15385e-05 2.72478e-06 0.159734 1.13633e-09 8.65033e-05 0.117635 1.87166e-07 0.0195434 0.99877
60.02 1 5.15385e-05 2.72478e-06 0.159734 1.13629e-09 8.65026e-05 0.117635 1.87123e-07 0.0195434 0.99877
60.12 1 5.15385e-05 2.72478e-06 0.159734 1.13626e-09 8.6502e-05 0.117635 1.8708e-07 0.0195434 0.99877
60.22 1 5.15385e-05 2.72478e-06 0.159734 1.13622e-09 8.65013e-05 0.117635 1.87039e-07 0.0195434 0.99877
60.32 1 5.15385e-05 2.72478e-06 0.159734 1.13619e-09 8.65007e-05 0.117635 1.86999e-07 0.0195434 0.99877
60.42 1 5.15385e-05 2.72478e-06 0.159734 1.13615e-09 8.65001e-05 0.117635 1.8696e-07 0.0195434 0.99877
60.52 1 5.15385e-05 2.72478e-06 0.159734 1.13612e-09 8.64996e-05 0.117635 1.86921e-07 0.0195434 0.99877
60.62 1 5.15386e-05 2.72478e-06 0.159734 1.13609e-09 8.6499e-05 0.117635 1.86884e-07 0.0195434 0.99877
60.72 1 5.15386e-05 2.72478e-06 0.159734 1.13606e-09 8.64985e-05 0.117635 1.86848e-07 0.0195434 0.99877
60.82 1 5.15386e-05 2.72478e-06 0.159734 1.13603e-09 8.6498e-05 0.117635 1.86812e-07 0.0195434 0.99877
60.92 1 5.15386e-05 2.72478e-06 0.159734 1.136e-09 8.64975e-05 0.117635 1.86778e-07 0.0195434 0.99877
61.02 1 5.15386e-05 2.72478e-06 0.159734 1.13598e-09 8.6497e-05 0.117635 1.86744e-07 0.0195434 0.99877
61.12 1 5.15386e-05 2.72478e-06 0.159734 1.13595e-09 8.64966e-05 0.117635 1.86712e-07 0.0195434 0.99877
61.22 1 5.15386e-05 2.72478e-06 0.159734 1.13593e-09 8.64961e-05 0.117635 1.8668e-07 0.0195434 0.99877
61.32 1 5.15386e-05 2.72478e-06 0.159734 1.1359e-09 8.64957e-05 0.117635 1.86649e-07 0.0195434 0.99877
61.42 1 5.15386e-05 2.72478e-06 0.159734 1.13588e-09 8.64953e-05 0.117635 1.86618e-07 0.0195434 0.99877
61.52 1 5.15386e-05 2.72478e-06 0.159734 1.13585e-09 8.64949e-05 0.117635 1.86589e-07 0.0195434 0.99877
61.62 1 5.15386e-05 2.72478e-06 0.159734 1.13583e-09 8.64945e-05 0.117635 1.8656e-07 0.0195434 0.99877
61.72 1 5.15387e-05 2.72478e-06 0.159734 1.13581e-09 8.64942e-05 0.117635 1.86532e-07 0.0195434 0.99877
61.82 1 5.15387e-05 2.72478e-06 0.159734 1.13579e-09 8.64938e-05 0.117635 1.86504e-07 0.0195434 0.99877
61.92 1 5.15387e-05 2.72478e-06 0.159734 1.13577e-09 8.64935e-05 0.117635 1.86478e-07 0.0195434 0.99877
62.02 1 5.15387e-05 2.72478e-06 0.159734 1.13575e-09 8.64932e-05 0.117635 1.86452e-07 0.0195434 0.99877
62.12 1 5.15387e-05 2.72478e-06 0.159734 1.13573e-09 8.64929e-05 0.117635 1.86426e-07 0.0195434 0.99877
62.22 1 5.15387e-05 2.72478e-06 0.159734 1.13571e-09 8.64925e-05 0.117635 1.86402e-07 0.0195434 0.99877
62.32 1 5.15387e-05 2.72478e-06 0.159734 1.1357e-09 8.64923e-05 0.117635 1.86377e-07 0.0195434 0.99877
62.42 1 5.15387e-05 2.72478e-06 0.159734 1.13568e-09 8.6492e-05 0.117635 1.86354e-07 0.0195434 0.99877
62.52 1 5.15387e-05 2.72478e-06 0.159734 1.13566e-09 8.64917e-05 0.117635 1.86331e-07 0.0195434 0.99877
62.62 1 5.15387e-05 2.72478e-06 0.159734 1.13565e-09 8.64914e-05 0.117635 1.86309e-07 0.0195434 0.99877
62.72 1 5.15387e-05 2.72478e-06 0.159734 1.13563e-09 8.64912e-05 0.117635 1.86287e-07 0.0195434 0.99877
62.82 1 5.15387e-05 2.72478e-06 0.159734 1.13562e-09 8.64909e-05 0.117635 1.86266e-07 0.0195434 0.99877
62.92 1 5.15387e-05 2.72478e-06 0.159734 1.1356e-09 8.64907e-05 0.117635 1.86245e-07 0.0195434 0.99877
63.02 1 5.15387e-05 2.72478e-06 0.159734 1.13559e-09 8.64905e-05 0.117635 1.86225e-07 0.0195434 0.99877
63.12 1 5.15387e-05 2.72478e-06 0.159734 1.13558e-09 8.64903e-05 0.117635 1.86205e-07 0.0195434 0.99877
63.22 1 5.15387e-05 2.72478e-06 0.159734 1.13556e-09 8.64901e-05 0.117635 1.86186e-07 0.0195434 0.99877
63.32 1 5.15387e-05 2.72478e-06 0.159734 1.13555e-09 8.64899e-05 0.117635 1.86168e-07 0.0195434 0.99877
63.42 1 5.15387e-05 2.72478e-06 0.159734 1.13554e-09 8.64897e-05 0.117635 1.86149e-07 0.0195434 0.99877
63.52 1 5.15387e-05 2.72478e-06 0.159734 1.13553e-09 8.64895e-05 0.117635 1.86132e-07 0.0195434 0.99877
63.62 1 5.15387e-05 2.72478e-06 0.159734 1.13552e-09 8.64893e-05 0.117635 1.86114e-07 0.0195434 0.99877
63.72 1 5.15387e-05 2.72478e-06 0.159734 1.13551e-09 8.64891e-05 0.117635 1.86098e-07 0.0195434 0.99877
63.82 1 5.15387e-05 2.72478e-06 0.159734 1.1355e-09 8.6489e-05 0.117635 1.86081e-07 0.0195434 0.99877
63.92 1 5.15387e-05 2.72478e-06 0.159734 1.13548e-09 8.64888e-05 0.117635 1.86065e-07 0.0195434 0.99877
64.02 1 5.15387e-05 2.72478e-06 0.159734 1.13547e-09 8.64886e-05 0.117635 1.8605e-07 0.0195434 0.99877
64.12 1 5.15387e-05 2.72478e-06 0.159734 1.13547e-09 8.64885e-05 0.117635 1.86034e-07 0.0195434 0.99877
64.22 1 5.15387e-05 2.72478e-06 0.159734 1.13546e-09 8.64883e-05 0.117635 1.8602e-07 0.0195434 0.99877
64.32 1 5.15388e-05 2.72478e-06 0.159734 1.13545e-09 8.64882e-05 0.117635 1.86005e-07 0.0195434 0.99877
64.42 1 5.15388e-05 2.72478e-06 0.159734 1.13544e-09 8.64881e-05 0.117635 1.85991e-07 0.0195434 0.99877
64.52 1 5.15388e-05 2.72478e-06 0.159734 1.13543e-09 8.64879e-05 0.117635 1.85977e-07 0.0195434 0.99877
64.62 1 5.15388e-05 2.72478e-06 0.159734 1.13542e-09 8.64878e-05 0.117635 1.85964e-07 0.0195434 0.99877
64.72 1 5.15388e-05 2.72478e-06 0.159734 1.13541e-09 8.64877e-05 0.117635 1.85951e-07 0.0195434 0.99877
64.82 1 5.15388e-05 2.72478e-06 0.159734 1.13541e-09 8.64876e-05 0.117635 1.85938e-07 0.0195434 0.99877
64.92 1 5.15388e-05 2.72478e-06 0.159734 1.1354e-09 8.64875e-05 0.117635 1.85926e-07 0.0195434 0.99877
65.02 1 5.15388e-05 2.72478e-06 0.159734 1.13539e-09 8.64874e-05 0.117635 1.85914e-07 0.0195434 0.99877
65.12 1 5.15388e-05 2.72478e-06 0.159734 1.13539e-09 8.64872e-05 0.117635 1.85902e-07 0.0195434 0.99877
65.22 1 5.15388e-05 2.72478e-06 0.159734 1.13538e-09 8.64871e-05 0.117635 1.8589e-07 0.0195434 0.99877
65.32 1 5.15388e-05 2.72478e-06 0.159734 1.13537e-09 8.6487e-05 0.117635 1.85879e-07 0.0195434 0.99877
65.42 1 5.15388e-05 2.72478e-06 0.159734 1.13537e-09 8.6487e-05 0.117635 1.85868e-07 0.0195434 0.99877
65.52 1 5.15388e-05 2.72478e-06 0.159734 1.13536e-09 8.64869e-05 0.117635 1.85858e-07 0.0195434 0.99877
65.62 1 5.15388e-05 2.72478e-06 0.159734 1.13535e-09 8.64868e-05 0.117635 1.85847e-07 0.0195434 0.99877
65.72 1 5.15388e-05 2.72478e-06 0.159734 1.13535e-09 8.64867e-05 0.117635 1.85837e-07 0.0195434 0.99877
65.82 1 5.15388e-05 2.72478e-06 0.159734 1.13534e-09 8.64866e-05 0.117635 1.85827e-07 0.0195434 0.99877
65.92 1 5.15388e-05 2.72478e-06 0.159734 1.13534e-09 8.64865e-05 0.117635 1.85818e-07 0.0195434 0.99877
66.02 1 5.15388e-05 2.72478e-06 0.159734 1.13533e-09 8.64865e-05 0.117635 1.85808e-07 0.0195434 0.99877
66.12 1 5.15388e-05 2.72478e-06 0.159734 1.13533e-09 8.64864e-05 0.117635 1.85799e-07 0.0195434 0.99877
66.22 1 5.15388e-05 2.72478e-06 0.159734 1.13532e-09 8.64863e-05 0.117635 1.8579e-07 0.0195434 0.99877
66.32 1 5.15388e-05 2.72478e-06 0.159734 1.13532e-09 8.64863e-05 0.117635 1.85782e-07 0.0195434 0.99877
66.42 1 5.15388e-05 2.72478e-06 0.159734 1.13531e-09 8.64862e-05 0.117635 1.85773e-07 0.0195434 0.99877
66.52 1 5.15388e-05 2.72478e-06 0.159734 1.13531e-09 8.64861e-05 0.117635 1.85765e-07 0.0195434 0.99877
66.62 1 5.15388e-05 2.72478e-06 0.159734 1.13531e-09 8.64861e-05 0.117635 1.85757e-07 0.0195434 0.99877
66.72 1 5.15388e-05 2.72478e-06 0.159734 1.1353e-09 8.6486e-05 0.117635 1.85749e-07 0.0195434 0.99877
66.82 1 5.15388e-05 2.72478e-06 0.159734 1.1353e-09 8.6486e-05 0.117635 1.85742e-07 0.0195434 0.99877
66.92 1 5.15388e-05 2.72478e-06 0.159734 1.13529e-09 8.64859e-05 0.117635 1.85734e-07 0.0195434 0.99877
67.02 1 5.15388e-05 2.72478e-06 0.159734 1.13529e-09 8.64858e-05 0.117635 1.85727e-07 0.0195434 0.99877
67.12 1 5.15388e-05 2.72478e-06 0.159734 1.13529e-09 8.64858e-05 0.117635 1.8572e-07 0.0195434 0.99877
67.22 1 5.15388e-05 2.72478e-06 0.159734 1.13528e-09 8.64857e-05 0.117635 1.85713e-07 0.0195434 0.99877
67.32 1 5.15388e-05 2.72478e-06 0.159734 1.13528e-09 8.64857e-05 0.117635 1.85706e-07 0.0195434 0.99877
67.42 1 5.15388e-05 2.72478e-06 0.159734 1.13528e-09 8.64857e-05 0.117635 1.857e-07 0.0195434 0.99877
67.52 1 5.15388e-05 2.72478e-06 0.159734 1.13528e-09 8.64856e-05 0.117635 1.85693e-07 0.0195434 0.99877
67.62 1 5.15388e-05 2.72478e-06 0.159734 1.13527e-09 8.64856e-05 0.117635 1.85687e-07 0.0195434 0.99877
67.72 1 5.15388e-05 2.72478e-06 0.159734 1.13527e-09 8.64855e-05 0.117635 1.85681e-07 0.0195434 0.99877
67.82 1 5.15388e-05 2.72478e-06 0.159734 1.13527e-09 8.64855e-05 0.117635 1.85675e-07 0.0195434 0.99877
67.92 1 5.15388e-05 2.72478e-06 0.159734 1.13526e-09 8.64855e-05 0.117635 1.85669e-07 0.0195434 0.99877
68.02 1 5.15388e-05 2.72478e-06 0.159734 1.13526e-09 8.64854e-05 0.117635 1.85664e-07 0.0195434 0.99877
68.12 1 5.15388e-05 2.72478e-06 0.159734 1.13526e-09 8.64854e-05 0.117635 1.85658e-07 0.0195434 0.99877
68.22 1 5.15388e-05 2.72478e-06 0.159734 1.13526e-09 8.64854e-05 0.117635 1.85653e-07 0.0195434 0.99877
68.32 1 5.15388e-05 2.72478e-06 0.159734 1.13525e-09 8.64853e-05 0.117635 1.85648e-07 0.0195434 0.99877
68.42 1 5.15388e-05 2.72478e-06 0.159734 1.13525e-09 8.64853e-05 0.117635 1.85643e-07 0.0195434 0.99877
68.52 1 5.15388e-05 2.72478e-06 0.159734 1.13525e-09 8.64853e-05 0.117635 1.85638e-07 0.0195434 0.99877
68.62 1 5.15388e-05 2.72478e-06 0.159734 1.13525e-09 8.64852e-05 0.117635 1.85633e-07 0.0195434 0.99877
68.72 1 5.15388e-05 2.72478e-06 0.159734 1.13525e-09 8.64852e-05 0.117635 1.85628e-07 0.0195434 0.99877
68.82 1 5.15388e-05 2.72478e-06 0.159734 1.13524e-09 8.64852e-05 0.117635 1.85624e-07 0.0195434 0.99877
68.92 1 5.15388e-05 2.72478e-06 0.159734 1.13524e-09 8.64852e-05 0.117635 1.85619e-07 0.0195434 0.99877
69.02 1 5.15388e-05 2.72478e-06 0.159734 1.13524e-09 8.64851e-05 0.117635 1.85615e-07 0.0195434 0.99877
69.12 1 5.15388e-05 2.72478e-06 0.159734 1.13524e-09 8.64851e-05 0.117635 1.85611e-07 0.0195434 0.99877
69.22 1 5.15388e-05 2.72478e-06 0.159734 1.13524e-09 8.64851e-05 0.117635 1.85606e-07 0.0195434 0.99877
69.32 1 5.15388e-05 2.72478e-06 0.159734 1.13523e-09 8.64851e-05 0.117635 1.85602e-07 0.0195434 0.99877
69.42 1 5.15388e-05 2.72478e-06 0.159734 1.13523e-09 8.6485e-05 0.117635 1.85598e-07 0.0195434 0.99877
69.52 1 5.15388e-05 2.72478e-06 0.159734 1.13523e-09 8.6485e-05 0.117635 1.85595e-07 0.0195434 0.99877
69.62 1 5.15388e-05 2.72478e-06 0.159734 1.13523e-09 8.6485e-05 0.117635 1.85591e-07 0.0195434 0.99877
69.72 1 5.15388e-05 2.72478e-06 0.159734 1.13523e-09 8.6485e-05 0.117635 1.85587e-07 0.0195434 0.99877
69.82 1 5.15388e-05 2.72478e-06 0.159734 1.13523e-09 8.6485e-05 0.117635 1.85584e-07 0.0195434 0.99877
69.92 1 5.15388e-05 2.72478e-06 0.159734 1.13523e-09 8.64849e-05 0.117635 1.8558e-07 0.0195434 0.99877
70.02 1 5.15388e-05 2.72478e-06 0.159734 1.13522e-09 8.64849e-05 0.117635 1.85577e-07 0.0195434 0.99877
70.12 1 5.15388e-05 2.72478e-06 0.159734 1.13522e-09 8.64849e-05 0.117635 1.85574e-07 0.0195434 0.99877
70.22 1 5.15388e-05 2.72478e-06 0.159734 1.13522e-09 8.64849e-05 0.117635 1.8557e-07 0.0195434 0.99877
70.32 1 5.15388e-05 2.72478e-06 0.159734 1.13522e-09 8.64849e-05 0.117635 1.85567e-07 0.0195434 0.99877
70.42 1 5.15388e-05 2.72478e-06 0.159734 1.13522e-09 8.64849e-05 0.117635 1.85564e-07 0.0195434 0.99877
70.52 1 5.15388e-05 2.72478e-06 0.159734 1.13522e-09 8.64848e-05 0.117635 1.85561e-07 0.0195434 0.99877
70.62 1 5.15388e-05 2.72478e-06 0.159734 1.13522e-09 8.64848e-05 0.117635 1.85558e-07 0.0195434 0.99877
70.72 1 5.15388e-05 2.72478e-06 0.159734 1.13522e-09 8.64848e-05 0.117635 1.85556e-07 0.0195434 0.99877
70.82 1 5.15388e-05 2.72478e-06 0.159734 1.13522e-09 8.64848e-05 0.117635 1.85553e-07 0.0195434 0.99877
70.92 1 5.15388e-05 2.72478e-06 0.159734 1.13521e-09 8.64848e-05 0.117635 1.8555e-07 0.0195434 0.99877
71.02 1 5.15388e-05 2.72478e-06 0.159734 1.13521e-09 8.64848e-05 0.117635 1.85548e-07 0.0195434 0.99877
71.12 1 5.15388e-05 2.72478e-06 0.159734 1.13521e-09 8.64848e-05 0.117635 1.85545e-07 0.0195434 0.99877
71.22 1 5.15388e-05 2.72478e-06 0.159734 1.13521e-09 8.64848e-05 0.117635 1.85542e-07 0.0195434 0.99877
71.32 1 5.15388e-05 2.72478e-06 0.159734 1.13521e-09 8.64848e-05 0.117635 1.8554e-07 0.0195434 0.99877
71.42 1 5.15388e-05 2.72478e-06 0.159734 1.13521e-09 8.64847e-05 0.117635 1.85538e-07 0.0195434 0.99877
71.52 1 5.15388e-05 2.72478e-06 0.159734 1.13521e-09 8.64847e-05 0.117635 1.85535e-07 0.0195434 0.99877
71.62 1 5.15388e-05 2.72478e-06 0.159734 1.13521e-09 8.64847e-05 0.117635 1.85533e-07 0.0195434 0.99877
71.72 1 5.15388e-05 2.72478e-06 0.159734 1.13521e-09 8.64847e-05 0.117635 1.85531e-07 0.0195434 0.99877
71.82 1 5.15388e-05 2.72478e-06 0.159734 1.13521e-09 8.64847e-05 0.117635 1.85529e-07 0.0195434 0.99877
71.92 1 5.15388e-05 2.72478e-06 0.159734 1.13521e-09 8.64847e-05 0.117635 1.85527e-07 0.0195434 0.99877
72.02 1 5.15388e-05 2.72478e-06 0.159734 1.13521e-09 8.64847e-05 0.117635 1.85525e-07 0.0195434 0.99877
72.12 1 5.15388e-05 2.72478e-06 0.159734 1.1352e-09 8.64847e-05 0.117635 1.85523e-07 0.0195434 0.99877
72.22 1 5.15388e-05 2.72478e-06 0.159734 1.1352e-09 8.64847e-05 0.117635 1.85521e-07 0.0195434 0.99877
72.32 1 5.15388e-05 2.72478e-06 0.159734 1.1352e-09 8.64847e-05 0.117635 1.85519e-07 0.0195434 0.99877
72.42 1 5.15388e-05 2.72478e-06 0.159734 1.1352e-09 8.64847e-05 0.117635 1.85517e-07 0.0195434 0.99877
72.52 1 5.15388e-05 2.72478e-06 0.159734 1.1352e-09 8.64847e-05 0.117635 1.85515e-07 0.0195434 0.99877
72.62 1 5.15388e-05 2.72478e-06 0.159734 1.1352e-09 8.64846e-05 0.117635 1.85514e-07 0.0195434 0.99877
72.72 1 5.15388e-05 2.72478e-06 0.159734 1.1352e-09 8.64846e-05 0.117635 1.85512e-07 0.0195434 0.99877
72.82 1 5.15388e-05 2.72478e-06 0.159734 1.1352e-09 8.64846e-05 0.117635 1.8551e-07 0.0195434 0.99877
72.92 1 5.15388e-05 2.72478e-06 0.159734 1.1352e-09 8.64846e-05 0.117635 1.85509e-07 0.0195434 0.99877
73.02 1 5.15388e-05 2.72478e-06 0.159734 1.1352e-09 8.64846e-05 0.117635 1.85507e-07 0.0195434 0.99877
73.12 1 5.15388e-05 2.72478e-06 0.159734 1.1352e-09 8.64846e-05 0.117635 1.85506e-07 0.0195434 0.99877
73.22 1 5.15388e-05 2.72478e-06 0.159734 1.1352e-09 8.64846e-05 0.117635 1.85504e-07 0.0195434 0.99877
73.32 1 5.15388e-05 2.72478e-06 0.159734 1.1352e-09 8.64846e-05 0.117635 1.85503e-07 0.0195434 0.99877
73.42 1 5.15388e-05 2.72478e-06 0.159734 1.1352e-09 8.64846e-05 0.117635 1.85501e-07 0.0195434 0.99877
73.52 1 5.15388e-05 2.72478e-06 0.159734 1.1352e-09 8.64846e-05 0.117635 1.855e-07 0.0195434 0.99877
73.62 1 5.15388e-05 2.72478e-06 0.159734 1.1352e-09 8.64846e-05 0.117635 1.85498e-07 0.0195434 0.99877
73.72 1 5.15388e-05 2.72478e-06 0.159734 1.1352e-09 8.64846e-05 0.117635 1.85497e-07 0.0195434 0.99877
73.82 1 5.15388e-05 2.72478e-06 0.159734 1.1352e-09 8.64846e-05 0.117635 1.85496e-07 0.0195434 0.99877
73.92 1 5.15388e-05 2.72478e-06 0.159734 1.1352e-09 8.64846e-05 0.117635 1.85495e-07 0.0195434 0.99877
74.02 1 5.15388e-05 2.72478e-06 0.159734 1.1352e-09 8.64846e-05 0.117635 1.85493e-07 0.0195434 0.99877
74.12 1 5.15388e-05 2.72478e-06 0.159734 1.1352e-09 8.64846e-05 0.117635 1.85492e-07 0.0195434 0.99877
74.22 1 5.15388e-05 2.72478e-06 0.159734 1.1352e-09 8.64846e-05 0.117635 1.85491e-07 0.0195434 0.99877
74.32 1 5.15388e-05 2.72478e-06 0.159734 1.13519e-09 8.64846e-05 0.117635 1.8549e-07 0.0195434 0.99877
74.42 1 5.15388e-05 2.72478e-06 0.159734 1.13519e-09 8.64846e-05 0.117635 1.85489e-07 0.0195434 0.99877
74.52 1 5.15388e-05 2.72478e-06 0.159734 1.13519e-09 8.64846e-05 0.117635 1.85488e-07 0.0195434 0.99877
74.62 1 5.15388e-05 2.72478e-06 0.159734 1.13519e-09 8.64846e-05 0.117635 1.85487e-07 0.0195434 0.99877
74.72 1 5.15388e-05 2.72478e-06 0.159734 1.13519e-09 8.64846e-05 0.117635 1.85486e-07 0.0195434 0.99877
74.82 1 5.15388e-05 2.72478e-06 0.159734 1.13519e-09 8.64845e-05 0.117635 1.85485e-07 0.0195434 0.99877
74.92 1 5.15388e-05 2.72478e-06 0.159734 1.13519e-09 8.64845e-05 0.117635 1.85484e-07 0.0195434 0.99877
75.02 1 5.15388e-05 2.72478e-06 0.159734 1.13519e-09 8.64845e-05 0.117635 1.85483e-07 0.0195434 0.99877
75.12 1 5.15388e-05 2.72478e-06 0.159734 1.13519e-09 8.64845e-05 0.117635 1.85482e-07 0.0195434 0.99877
75.22 1 5.15388e-05 2.72478e-06 0.159734 1.13519e-09 8.64845e-05 0.117635 1.85481e-07 0.0195434 0.99877
75.32 1 5.15388e-05 2.72478e-06 0.159734 1.13519e-09 8.64845e-05 0.117635 1.8548e-07 0.0195434 0.99877
75.42 1 5.15387e-05 2.72478e-06 0.159734 1.13519e-09 8.64845e-05 0.117635 1.85479e-07 0.0195434 0.99877
75.52 1 5.15387e-05 2.72478e-06 0.159734 1.13519e-09 8.64846e-05 0.117635 1.85478e-07 0.0195434 0.99877
75.62 1 5.15385e-05 2.72479e-06 0.159734 1.13519e-09 8.64847e-05 0.117635 1.85478e-07 0.0195434 0.99877
75.72 1 5.15382e-05 2.7248e-06 0.159734 1.13519e-09 8.64848e-05 0.117635 1.85477e-07 0.0195434 0.99877
75.82 1 5.15376e-05 2.72481e-06 0.159735 1.13519e-09 8.64851e-05 0.117635 1.85476e-07 0.0195434 0.99877
75.92 1 5.15366e-05 2.72484e-06 0.159736 1.13519e-09 8.64856e-05 0.117635 1.85475e-07 0.0195434 0.99877
76.02 1 5.15351e-05 2.72489e-06 0.159737 1.13519e-09 8.64865e-05 0.117635 1.85475e-07 0.0195435 0.99877
76.12 1 5.15327e-05 2.72496e-06 0.159739 1.13518e-09 8.64877e-05 0.117634 1.85474e-07 0.0195435 0.99877
76.22 1 5.15294e-05 2.72505e-06 0.159741 1.13518e-09 8.64895e-05 0.117634 1.85474e-07 0.0195437 0.99877
76.32 1 5.15248e-05 2.72518e-06 0.159745 1.13517e-09 8.64919e-05 0.117633 1.85474e-07 0.0195438 0.99877
76.42 1 5.15187e-05 2.72534e-06 0.15975 1.13517e-09 8.64952e-05 0.117632 1.85474e-07 0.0195441 0.99877
76.52 1 5.1511e-05 2.72555e-06 0.159756 1.13516e-09 8.64994e-05 0.117631 1.85474e-07 0.0195444 0.99877
76.62 1 5.15014e-05 2.7258e-06 0.159763 1.13515e-09 8.65048e-05 0.117629 1.85475e-07 0.0195448 0.99877
76.72 1 5.14898e-05 2.72609e-06 0.159772 1.13515e-09 8.65113e-05 0.117626 1.85476e-07 0.0195454 0.99877
76.82 1 5.14761e-05 2.72643e-06 0.159783 1.13514e-09 8.6519e-05 0.117623 1.85477e-07 0.019546 0.99877
76.92 1 5.14606e-05 2.7268e-06 0.159795 1.13513e-09 8.6528e-05 0.117619 1.8548e-07 0.0195468 0.99877
77.02 1 5.14433e-05 2.7272e-06 0.159808 1.13513e-09 8.65382e-05 0.117615 1.85482e-07 0.0195477 0.99877
77.12 1 5.14248e-05 2.72762e-06 0.159823 1.13513e-09 8.65493e-05 0.117609 1.85486e-07 0.0195488 0.99877
77.22 1 5.14054e-05 2.72803e-06 0.159837 1.13513e-09 8.65612e-05 0.117603 1.8549e-07 0.0195499 0.99877
77.32 1 5.13857e-05 2.72843e-06 0.159852 1.13514e-09 8.65736e-05 0.117596 1.85495e-07 0.0195512 0.99877
77.42 1 5.13662e-05 2.72881e-06 0.159867 1.13515e-09 8.65863e-05 0.117588 1.85501e-07 0.0195524 0.99877
77.52 1 5.13476e-05 2.72915e-06 0.159881 1.13517e-09 8.65989e-05 0.11758 1.85507e-07 0.0195537 0.99877
77.62 1 5.13302e-05 2.72944e-06 0.159894 1.1352e-09 8.66112e-05 0.117571 1.85514e-07 0.019555 0.99877
77.72 1 5.13146e-05 2.72967e-06 0.159905 1.13524e-09 8.6623e-05 0.117562 1.85522e-07 0.0195563 0.99877
77.82 1 5.1301e-05 2.72985e-06 0.159915 1.13528e-09 8.66339e-05 0.117553 1.85529e-07 0.0195574 0.998771
77.92 1 5.12898e-05 2.72996e-06 0.159923 1.13533e-09 8.66438e-05 0.117544 1.85538e-07 0.0195585 0.998771
78.02 1 5.12811e-05 2.73001e-06 0.159928 1.13538e-09 8.66526e-05 0.117535 1.85546e-07 0.0195594 0.998771
78.12 1 5.12752e-05 2.73e-06 0.159932 1.13544e-09 8.666e-05 0.117527 1.85555e-07 0.0195602 0.998771
78.22 1 5.1272e-05 2.72992e-06 0.159933 1.1355e-09 8.66661e-05 0.117519 1.85564e-07 0.0195608 0.998771
78.32 1 5.12716e-05 2.72979e-06 0.159932 1.13557e-09 8.66707e-05 0.117512 1.85572e-07 0.0195612 0.998771
78.42 1 5.12739e-05 2.72961e-06 0.15993 1.13564e-09 8.66738e-05 0.117506 1.85581e-07 0.0195614 0.998771
78.52 1 5.12788e-05 2.72938e-06 0.159925 1.13571e-09 8.66754e-05 0.117501 1.85589e-07 0.0195615 0.998771
78.62 1 5.12863e-05 2.72911e-06 0.159918 1.13577e-09 8.66755e-05 0.117497 1.85596e-07 0.0195613 0.998771
78.72 1 5.12961e-05 2.72879e-06 0.159909 1.13584e-09 8.6674e-05 0.117494 1.85603e-07 0.019561 0.998771
78.82 1 5.13057e-05 2.72838e-06 0.159902 1.13589e-09 8.66707e-05 0.117492 1.8561e-07 0.0195605 0.998771
78.92 1 5.13142e-05 2.72793e-06 0.159895 1.13592e-09 8.66656e-05 0.117491 1.85615e-07 0.01956 0.998771
79.02 1 5.13218e-05 2.72745e-06 0.15989 1.13592e-09 8.66589e-05 0.117491 1.85621e-07 0.0195594 0.998771
79.12 1 5.13284e-05 2.72697e-06 0.159885 1.13591e-09 8.66506e-05 0.117491 1.85626e-07 0.0195589 0.998771
79.22 1 5.13341e-05 2.7265e-06 0.159882 1.13588e-09 8.6641e-05 0.117491 1.85631e-07 0.0195585 0.998771
79.32 1 5.13389e-05 2.72605e-06 0.15988 1.13583e-09 8.66301e-05 0.117492 1.85635e-07 0.0195581 0.998771
79.42 1 5.13428e-05 2.72562e-06 0.159879 1.13578e-09 8.66181e-05 0.117493 1.85639e-07 0.0195577 0.998771
79.52 1 5.1346e-05 2.72523e-06 0.159878 1.1357e-09 8.66051e-05 0.117493 1.85643e-07 0.0195575 0.998771
79.62 1 5.13484e-05 2.72487e-06 0.159878 1.13562e-09 8.65914e-05 0.117494 1.85647e-07 0.0195573 0.998771
79.72 1 5.13502e-05 2.72454e-06 0.159879 1.13553e-09 8.65771e-05 0.117495 1.85651e-07 0.0195572 0.998771
79.82 1 5.13513e-05 2.72425e-06 0.159881 1.13543e-09 8.65622e-05 0.117495 1.85655e-07 0.0195572 0.998771
79.92 1 5.13519e-05 2.724e-06 0.159882 1.13533e-09 8.6547e-05 0.117495 1.85659e-07 0.0195572 0.998771
80.02 1 5.13519e-05 2.72376e-06 0.159885 1.13522e-09 8.65314e-05 0.117495 1.85663e-07 0.0195573 0.998771
80.12 1 5.13515e-05 2.72354e-06 0.159887 1.13511e-09 8.65155e-05 0.117495 1.85667e-07 0.0195574 0.998771
80.22 1 5.13504e-05 2.72332e-06 0.15989 1.13499e-09 8.6499e-05 0.117495 1.8567e-07 0.0195576 0.998771
80.32 1 5.13486e-05 2.72307e-06 0.159894 1.13486e-09 8.64818e-05 0.117494 1.85674e-07 0.0195578 0.998771
80.42 1 5.13461e-05 2.72278e-06 0.159899 1.13472e-09 8.64635e-05 0.117493 1.85679e-07 0.0195581 0.998771
80.52 1 5.13427e-05 2.72244e-06 0.159904 1.13457e-09 8.64439e-05 0.117492 1.85683e-07 0.0195584 0.998771
80.62 1 5.13382e-05 2.72203e-06 0.159911 1.13439e-09 8.64226e-05 0.11749 1.85687e-07 0.0195588 0.998771
80.72 1 5.13324e-05 2.72154e-06 0.159919 1.1342e-09 8.63991e-05 0.117487 1.85692e-07 0.0195593 0.998771
80.82 1 5.13253e-05 2.72097e-06 0.159928 1.13398e-09 8.63731e-05 0.117485 1.85697e-07 0.0195599 0.998771
80.92 1 5.13166e-05 2.72033e-06 0.159939 1.13373e-09 8.63444e-05 0.117481 1.85703e-07 0.0195606 0.998771
81.02 1 5.13063e-05 2.71962e-06 0.159952 1.13345e-09 8.63127e-05 0.117477 1.85709e-07 0.0195615 0.998771
81.12 1 5.12942e-05 2.71886e-06 0.159967 1.13314e-09 8.62781e-05 0.117472 1.85715e-07 0.0195625 0.998771
81.22 1 5.12805e-05 2.71809e-06 0.159984 1.13281e-09 8.62406e-05 0.117465 1.85723e-07 0.0195636 0.998771
81.32 1 5.12653e-05 2.71733e-06 0.160002 1.13245e-09 8.62005e-05 0.117458 1.85731e-07 0.019565 0.998771
81.42 1 5.12487e-05 2.71663e-06 0.160021 1.13207e-09 8.61585e-05 0.11745 1.8574e-07 0.0195664 0.998771
81.52 1 5.12309e-05 2.71602e-06 0.160041 1.13168e-09 8.61151e-05 0.117441 1.8575e-07 0.019568 0.998771
81.62 1 5.12122e-05 2.71551e-06 0.160062 1.13128e-09 8.60709e-05 0.117431 1.8576e-07 0.0195697 0.998771
81.72 1 5.11929e-05 2.71513e-06 0.160084 1.13088e-09 8.60264e-05 0.11742 1.85772e-07 0.0195715 0.998771
81.82 1 5.11732e-05 2.71487e-06 0.160105 1.13049e-09 8.59824e-05 0.117408 1.85785e-07 0.0195734 0.998772
81.92 1 5.11534e-05 2.71474e-06 0.160126 1.1301e-09 8.59392e-05 0.117395 1.85798e-07 0.0195753 0.998772
82.02 1 5.11337e-05 2.71473e-06 0.160146 1.12973e-09 8.58973e-05 0.117381 1.85813e-07 0.0195772 0.998772
82.12 1 5.11142e-05 2.71483e-06 0.160166 1.12938e-09 8.58572e-05 0.117367 1.85828e-07 0.0195791 0.998772
82.22 1 5.10953e-05 2.71503e-06 0.160184 1.12905e-09 8.58191e-05 0.117353 1.85844e-07 0.019581 0.998772
82.32 1 5.10769e-05 2.71532e-06 0.160202 1.12874e-09 8.57832e-05 0.117339 1.8586e-07 0.0195828 0.998772
82.42 1 5.10593e-05 2.71568e-06 0.160218 1.12845e-09 8.57498e-05 0.117324 1.85878e-07 0.0195846 0.998772
82.52 1 5.10426e-05 2.7161e-06 0.160233 1.1282e-09 8.5719e-05 0.117309 1.85895e-07 0.0195863 0.998772
82.62 1 5.10268e-05 2.71657e-06 0.160247 1.12797e-09 8.56908e-05 0.117294 1.85914e-07 0.0195878 0.998773
82.72 1 5.10121e-05 2.71708e-06 0.160259 1.12777e-09 8.56654e-05 0.11728 1.85932e-07 0.0195893 0.998773
82.82 1 5.09985e-05 2.71763e-06 0.16027 1.12759e-09 8.56429e-05 0.117266 1.85951e-07 0.0195906 0.998773
82.92 1 5.09862e-05 2.7182e-06 0.16028 1.12744e-09 8.56232e-05 0.117253 1.8597e-07 0.0195919 0.998773
83.02 1 5.0975e-05 2.7188e-06 0.160287 1.12733e-09 8.56064e-05 0.11724 1.85989e-07 0.019593 0.998773
83.12 1 5.09651e-05 2.7194e-06 0.160294 1.12724e-09 8.55924e-05 0.117227 1.86009e-07 0.0195939 0.998773
83.22 1 5.09565e-05 2.72001e-06 0.160299 1.12717e-09 8.55811e-05 0.117216 1.86028e-07 0.0195948 0.998773
83.32 1 5.09491e-05 2.72061e-06 0.160302 1.12713e-09 8.55724e-05 0.117205 1.86047e-07 0.0195955 0.998773
83.42 1 5.0943e-05 2.7212e-06 0.160305 1.12712e-09 8.55663e-05 0.117195 1.86066e-07 0.019596 0.998773
83.52 1 5.09381e-05 2.72177e-06 0.160306 1.12712e-09 8.55625e-05 0.117185 1.86084e-07 0.0195964 0.998773
83.62 1 5.09343e-05 2.72231e-06 0.160306 1.12715e-09 8.55608e-05 0.117177 1.86102e-07 0.0195968 0.998773
83.72 1 5.09316e-05 2.72282e-06 0.160305 1.1272e-09 8.55612e-05 0.117169 1.8612e-07 0.019597 0.998773
83.82 1 5.09299e-05 2.72329e-06 0.160302 1.12726e-09 8.55632e-05 0.117163 1.86137e-07 0.019597 0.998773
83.92 1 5.09292e-05 2.72372e-06 0.1603 1.12733e-09 8.55668e-05 0.117157 1.86154e-07 0.019597 0.998773
84.02 1 5.09292e-05 2.7241e-06 0.160296 1.12742e-09 8.55716e-05 0.117152 1.8617e-07 0.0195969 0.998773
84.12 1 5.093e-05 2.72443e-06 0.160292 1.12751e-09 8.55774e-05 0.117148 1.86186e-07 0.0195967 0.998773
84.22 1 5.09314e-05 2.72471e-06 0.160288 1.12761e-09 8.55841e-05 0.117145 1.86201e-07 0.0195965 0.998773
84.32 1 5.09334e-05 2.72495e-06 0.160283 1.12772e-09 8.55914e-05 0.117143 1.86216e-07 0.0195962 0.998773
84.42 1 5.0936e-05 2.72516e-06 0.160278 1.12783e-09 8.55994e-05 0.117141 1.8623e-07 0.0195958 0.998773
84.52 1 5.0939e-05 2.72534e-06 0.160272 1.12794e-09 8.5608e-05 0.11714 1.86243e-07 0.0195954 0.998773
84.62 1 5.09425e-05 2.72551e-06 0.160266 1.12806e-09 8.56171e-05 0.117139 1.86256e-07 0.0195949 0.998773
84.72 1 5.09465e-05 2.72567e-06 0.16026 1.12818e-09 8.56267e-05 0.117139 1.86268e-07 0.0195944 0.998773
84.82 1 5.09508e-05 2.7258e-06 0.160254 1.1283e-09 8.56368e-05 0.11714 1.8628e-07 0.0195939 0.998773
84.92 1 5.09555e-05 2.72592e-06 0.160248 1.12843e-09 8.56471e-05 0.117141 1.86291e-07 0.0195934 0.998773
85.02 1 5.09604e-05 2.72601e-06 0.160241 1.12855e-09 8.56575e-05 0.117143 1.86301e-07 0.0195928 0.998773
85.12 1 5.09656e-05 2.72606e-06 0.160235 1.12867e-09 8.56679e-05 0.117145 1.86311e-07 0.0195923 0.998773
85.22 1 5.09708e-05 2.72609e-06 0.160229 1.12879e-09 8.56781e-05 0.117148 1.8632e-07 0.0195917 0.998773
85.32 1 5.0976e-05 2.72608e-06 0.160223 1.12891e-09 8.5688e-05 0.11715 1.86328e-07 0.0195911 0.998773
85.42 1 5.09813e-05 2.72606e-06 0.160217 1.12902e-09 8.56977e-05 0.117153 1.86336e-07 0.0195905 0.998773
85.52 1 5.09866e-05 2.72602e-06 0.160211 1.12912e-09 8.5707e-05 0.117157 1.86343e-07 0.0195899 0.998773
85.62 1 5.09919e-05 2.72599e-06 0.160205 1.12923e-09 8.57162e-05 0.11716 1.8635e-07 0.0195894 0.998773
85.72 1 5.09973e-05 2.72597e-06 0.160199 1.12933e-09 8.57253e-05 0.117164 1.86357e-07 0.0195888 0.998773
85.82 1 5.10029e-05 2.72599e-06 0.160194 1.12943e-09 8.57348e-05 0.117168 1.86363e-07 0.0195883 0.998773
85.92 1 5.10088e-05 2.72606e-06 0.160188 1.12954e-09 8.57448e-05 0.117172 1.86368e-07 0.0195877 0.998773
86.02 1 5.10151e-05 2.7262e-06 0.160181 1.12966e-09 8.57558e-05 0.117176 1.86373e-07 0.0195871 0.998773
86.12 1 5.10221e-05 2.72642e-06 0.160173 1.12979e-09 8.57682e-05 0.117181 1.86377e-07 0.0195865 0.998773
86.22 1 5.103e-05 2.72674e-06 0.160165 1.12993e-09 8.57825e-05 0.117185 1.86381e-07 0.0195859 0.998772
86.32 1 5.10388e-05 2.72714e-06 0.160155 1.1301e-09 8.57989e-05 0.11719 1.86384e-07 0.0195852 0.998772
86.42 1 5.10488e-05 2.72762e-06 0.160145 1.13029e-09 8.58178e-05 0.117196 1.86387e-07 0.0195844 0.998772
86.52 1 5.10599e-05 2.72816e-06 0.160132 1.13051e-09 8.58392e-05 0.117202 1.86389e-07 0.0195835 0.998772
86.62 1 5.10724e-05 2.72875e-06 0.160118 1.13074e-09 8.58632e-05 0.117209 1.8639e-07 0.0195825 0.998772
86.72 1 5.10861e-05 2.72937e-06 0.160103 1.13101e-09 8.58898e-05 0.117216 1.8639e-07 0.0195814 0.998772
86.82 1 5.11011e-05 2.72998e-06 0.160087 1.13129e-09 8.59187e-05 0.117224 1.86389e-07 0.0195802 0.998772
86.92 1 5.11157e-05 2.73054e-06 0.160071 1.13158e-09 8.59496e-05 0.117233 1.86387e-07 0.0195788 0.998772
87.02 1 5.11252e-05 2.73098e-06 0.160059 1.13185e-09 8.59816e-05 0.117242 1.86385e-07 0.0195775 0.998772
87.12 1 5.11297e-05 2.73135e-06 0.160052 1.1321e-09 8.60145e-05 0.117251 1.86382e-07 0.0195763 0.998772
87.22 1 5.11295e-05 2.7317e-06 0.160049 1.13233e-09 8.60483e-05 0.11726 1.86379e-07 0.0195753 0.998772
87.32 1 5.11252e-05 2.73206e-06 0.16005 1.13254e-09 8.6083e-05 0.117268 1.86375e-07 0.0195746 0.998772
87.42 1 5.1117e-05 2.73244e-06 0.160055 1.13273e-09 8.61186e-05 0.117275 1.86372e-07 0.0195742 0.998772
87.52 1 5.1105e-05 2.73286e-06 0.160062 1.13292e-09 8.61551e-05 0.117281 1.86369e-07 0.0195741 0.998772
87.62 1 5.10892e-05 2.73334e-06 0.160073 1.13309e-09 8.61926e-05 0.117285 1.86367e-07 0.0195743 0.998772
87.72 1 5.10698e-05 2.73387e-06 0.160086 1.13326e-09 8.62313e-05 0.117288 1.86365e-07 0.0195748 0.998772
87.82 1 5.10466e-05 2.73447e-06 0.160103 1.13342e-09 8.62713e-05 0.117289 1.86364e-07 0.0195756 0.998772
87.92 1 5.10195e-05 2.73514e-06 0.160123 1.13357e-09 8.63127e-05 0.117289 1.86364e-07 0.0195767 0.998772
88.02 1 5.09888e-05 2.73587e-06 0.160146 1.13372e-09 8.63556e-05 0.117286 1.86365e-07 0.0195781 0.998772
88.12 1 5.09543e-05 2.73667e-06 0.160172 1.13387e-09 8.64001e-05 0.117281 1.86368e-07 0.0195798 0.998772
88.22 1 5.09164e-05 2.73753e-06 0.1602 1.13401e-09 8.64461e-05 0.117275 1.86372e-07 0.0195817 0.998772
88.32 1 5.08753e-05 2.73845e-06 0.160231 1.13416e-09 8.64937e-05 0.117266 1.86377e-07 0.019584 0.998772
88.42 1 5.08314e-05 2.7394e-06 0.160264 1.13431e-09 8.65427e-05 0.117255 1.86384e-07 0.0195865 0.998772
88.52 1 5.0785e-05 2.74039e-06 0.160299 1.13446e-09 8.6593e-05 0.117242 1.86393e-07 0.0195892 0.998773
88.62 1 5.07368e-05 2.74139e-06 0.160336 1.13461e-09 8.66445e-05 0.117227 1.86403e-07 0.0195921 0.998773
88.72 1 5.0687e-05 2.7424e-06 0.160373 1.13478e-09 8.66969e-05 0.11721 1.86415e-07 0.0195952 0.998773
88.82 1 5.06364e-05 2.74341e-06 0.160412 1.13495e-09 8.67499e-05 0.117192 1.86429e-07 0.0195984 0.998773
88.92 1 5.05852e-05 2.7444e-06 0.16045 1.13513e-09 8.68035e-05 0.117171 1.86445e-07 0.0196018 0.998774
89.02 1 5.05338e-05 2.74538e-06 0.160488 1.13531e-09 8.68575e-05 0.11715 1.86463e-07 0.0196053 0.998774
89.12 1 5.04825e-05 2.74635e-06 0.160527 1.13551e-09 8.69117e-05 0.117126 1.86483e-07 0.0196088 0.998774
89.22 1 5.04313e-05 2.74729e-06 0.160565 1.13571e-09 8.69661e-05 0.117102 1.86504e-07 0.0196123 0.998774
89.32 1 5.03801e-05 2.74824e-06 0.160603 1.13593e-09 8.70207e-05 0.117076 1.86527e-07 0.0196159 0.998774
89.42 1 5.03286e-05 2.74919e-06 0.160641 1.13615e-09 8.70757e-05 0.11705 1.86552e-07 0.0196194 0.998775
89.52 1 5.02765e-05 2.75016e-06 0.16068 1.13637e-09 8.71313e-05 0.117022 1.86578e-07 0.019623 0.998775
89.62 1 5.0223e-05 2.75117e-06 0.160719 1.1366e-09 8.71878e-05 0.116994 1.86606e-07 0.0196266 0.998775
89.72 1 5.01676e-05 2.75224e-06 0.160761 1.13683e-09 8.72456e-05 0.116965 1.86636e-07 0.0196303 0.998775
89.82 1 5.01096e-05 2.75339e-06 0.160804 1.13707e-09 8.7305e-05 0.116934 1.86667e-07 0.0196341 0.998776
89.92 1 5.00483e-05 2.75463e-06 0.16085 1.13731e-09 8.73665e-05 0.116903 1.867e-07 0.019638 0.998776
90.02 1 4.99834e-05 2.75597e-06 0.160899 1.13755e-09 8.74304e-05 0.11687 1.86736e-07 0.0196421 0.998776
90.12 1 4.99149e-05 2.75739e-06 0.160951 1.1378e-09 8.74966e-05 0.116836 1.86773e-07 0.0196465 0.998777
90.22 1 4.98429e-05 2.75889e-06 0.161006 1.13805e-09 8.75653e-05 0.116801 1.86812e-07 0.019651 0.998777
90.32 1 4.9768e-05 2.76044e-06 0.161063 1.13832e-09 8.76361e-05 0.116764 1.86854e-07 0.0196558 0.998777
90.42 1 4.96909e-05 2.76201e-06 0.161121 1.13858e-09 8.77089e-05 0.116725 1.86898e-07 0.0196608 0.998778
90.52 1 4.96122e-05 2.7636e-06 0.161181 1.13886e-09 8.77834e-05 0.116685 1.86945e-07 0.019666 0.998778
90.62 1 4.95326e-05 2.76518e-06 0.161242 1.13916e-09 8.7859e-05 0.116643 1.86994e-07 0.0196713 0.998778
90.72 1 4.9453e-05 2.76673e-06 0.161302 1.13946e-09 8.79356e-05 0.116599 1.87045e-07 0.0196768 0.998779
90.82 1 4.93739e-05 2.76824e-06 0.161362 1.13978e-09 8.80127e-05 0.116555 1.87099e-07 0.0196824 0.998779
90.92 1 4.92959e-05 2.7697e-06 0.161421 1.14012e-09 8.809e-05 0.116509 1.87155e-07 0.019688 0.998779
91.02 1 4.92196e-05 2.77109e-06 0.161479 1.14046e-09 8.81672e-05 0.116463 1.87213e-07 0.0196935 0.99878
91.12 1 4.91454e-05 2.77242e-06 0.161535 1.14083e-09 8.8244e-05 0.116416 1.87273e-07 0.019699 0.99878
91.22 1 4.90735e-05 2.77369e-06 0.161588 1.1412e-09 8.83201e-05 0.116368 1.87335e-07 0.0197044 0.99878
91.32 1 4.90041e-05 2.77488e-06 0.16164 1.14159e-09 8.83953e-05 0.116321 1.87399e-07 0.0197097 0.998781
91.42 1 4.89375e-05 2.77602e-06 0.161689 1.14199e-09 8.84697e-05 0.116273 1.87464e-07 0.0197149 0.998781
91.52 1 4.88735e-05 2.77709e-06 0.161737 1.1424e-09 8.85429e-05 0.116226 1.8753e-07 0.0197198 0.998782
91.62 1 4.88121e-05 2.7781e-06 0.161782 1.14282e-09 8.86151e-05 0.11618 1.87598e-07 0.0197246 0.998782
91.72 1 4.87533e-05 2.77907e-06 0.161825 1.14325e-09 8.8686e-05 0.116134 1.87667e-07 0.0197292 0.998782
91.82 1 4.86969e-05 2.77998e-06 0.161866 1.14368e-09 8.87559e-05 0.116088 1.87737e-07 0.0197336 0.998782
91.92 1 4.86428e-05 2.78086e-06 0.161905 1.14412e-09 8.88246e-05 0.116044 1.87808e-07 0.0197378 0.998783
92.02 1 4.85908e-05 2.7817e-06 0.161943 1.14457e-09 8.88921e-05 0.116 1.8788e-07 0.0197418 0.998783
92.12 1 4.85409e-05 2.78251e-06 0.161979 1.14501e-09 8.89585e-05 0.115957 1.87952e-07 0.0197457 0.998783
92.22 1 4.84928e-05 2.78329e-06 0.162013 1.14546e-09 8.90238e-05 0.115916 1.88024e-07 0.0197494 0.998784
92.32 1 4.84464e-05 2.78405e-06 0.162047 1.14591e-09 8.90881e-05 0.115875 1.88098e-07 0.0197529 0.998784
92.42 1 4.84016e-05 2.78478e-06 0.162079 1.14636e-09 8.91514e-05 0.115835 1.88171e-07 0.0197563 0.998784
92.52 1 4.83582e-05 2.78549e-06 0.16211 1.14681e-09 8.92136e-05 0.115797 1.88245e-07 0.0197596 0.998784
92.62 1 4.83161e-05 2.78618e-06 0.16214 1.14726e-09 8.9275e-05 0.115759 1.88318e-07 0.0197628 0.998784
92.72 1 4.82751e-05 2.78687e-06 0.16217 1.14771e-09 8.93354e-05 0.115723 1.88392e-07 0.0197658 0.998785
92.82 1 4.82351e-05 2.78754e-06 0.162198 1.14815e-09 8.93952e-05 0.115687 1.88467e-07 0.0197688 0.998785
92.92 1 4.81957e-05 2.78821e-06 0.162227 1.1486e-09 8.94542e-05 0.115653 1.88541e-07 0.0197717 0.998785
93.02 1 4.81569e-05 2.78889e-06 0.162255 1.14904e-09 8.95126e-05 0.115619 1.88615e-07 0.0197745 0.998785
93.12 1 4.81184e-05 2.78957e-06 0.162283 1.14947e-09 8.95706e-05 0.115586 1.88689e-07 0.0197773 0.998785
93.22 1 4.808e-05 2.79026e-06 0.162311 1.14991e-09 8.96282e-05 0.115554 1.88763e-07 0.01978 0.998786
93.32 1 4.80418e-05 2.79095e-06 0.162339 1.15033e-09 8.96855e-05 0.115522 1.88837e-07 0.0197827 0.998786
93.42 1 4.80036e-05 2.79165e-06 0.162367 1.15076e-09 8.97424e-05 0.115491 1.88911e-07 0.0197854 0.998786
93.52 1 4.79655e-05 2.79236e-06 0.162395 1.15118e-09 8.97991e-05 0.115461 1.88985e-07 0.0197881 0.998786
93.62 1 4.79276e-05 2.79306e-06 0.162423 1.1516e-09 8.98553e-05 0.115431 1.89059e-07 0.0197908 0.998786
93.72 1 4.78903e-05 2.79374e-06 0.16245 1.15202e-09 8.9911e-05 0.115401 1.89133e-07 0.0197935 0.998787
93.82 1 4.78539e-05 2.7944e-06 0.162477 1.15244e-09 8.9966e-05 0.115372 1.89207e-07 0.0197961 0.998787
93.92 1 4.7819e-05 2.79501e-06 0.162503 1.15285e-09 9.00198e-05 0.115343 1.8928e-07 0.0197987 0.998787
94.02 1 4.77861e-05 2.79555e-06 0.162527 1.15327e-09 9.00722e-05 0.115315 1.89354e-07 0.0198013 0.998787
94.12 1 4.7756e-05 2.79601e-06 0.162549 1.15368e-09 9.01228e-05 0.115288 1.89427e-07 0.0198037 0.998787
94.22 1 4.77291e-05 2.79639e-06 0.162568 1.1541e-09 9.01712e-05 0.115261 1.895e-07 0.0198059 0.998787
94.32 1 4.77059e-05 2.79666e-06 0.162584 1.15451e-09 9.0217e-05 0.115236 1.89572e-07 0.019808 0.998788
94.42 1 4.76867e-05 2.79682e-06 0.162596 1.15493e-09 9.02601e-05 0.115211 1.89643e-07 0.0198099 0.998788
94.52 1 4.7672e-05 2.79688e-06 0.162605 1.15535e-09 9.03e-05 0.115189 1.89714e-07 0.0198115 0.998788
94.62 1 4.76618e-05 2.79683e-06 0.16261 1.15576e-09 9.03367e-05 0.115167 1.89783e-07 0.0198128 0.998788
94.72 1 4.76563e-05 2.79666e-06 0.162612 1.15617e-09 9.03699e-05 0.115148 1.89851e-07 0.0198137 0.998788
94.82 1 4.76556e-05 2.7964e-06 0.162609 1.15658e-09 9.03996e-05 0.11513 1.89918e-07 0.0198144 0.998788
94.92 1 4.76595e-05 2.79604e-06 0.162602 1.15698e-09 9.04256e-05 0.115115 1.89982e-07 0.0198147 0.998788
95.02 1 4.7668e-05 2.79558e-06 0.162592 1.15737e-09 9.0448e-05 0.115102 1.90045e-07 0.0198146 0.998788
95.12 1 4.76809e-05 2.79504e-06 0.162579 1.15775e-09 9.04667e-05 0.115091 1.90106e-07 0.0198142 0.998788
95.22 1 4.76982e-05 2.79442e-06 0.162562 1.15813e-09 9.04817e-05 0.115083 1.90165e-07 0.0198135 0.998788
95.32 1 4.77195e-05 2.79373e-06 0.162541 1.15849e-09 9.04931e-05 0.115078 1.90221e-07 0.0198124 0.998788
95.42 1 4.77448e-05 2.79296e-06 0.162518 1.15883e-09 9.0501e-05 0.115074 1.90275e-07 0.019811 0.998788
95.52 1 4.77738e-05 2.79213e-06 0.162492 1.15917e-09 9.05053e-05 0.115074 1.90326e-07 0.0198093 0.998788
95.62 1 4.78065e-05 2.79124e-06 0.162463 1.15949e-09 9.05061e-05 0.115076 1.90375e-07 0.0198073 0.998788
95.72 1 4.78429e-05 2.79029e-06 0.162431 1.15979e-09 9.05033e-05 0.11508 1.9042e-07 0.0198051 0.998787
95.82 1 4.78828e-05 2.78927e-06 0.162396 1.16008e-09 9.0497e-05 0.115088 1.90463e-07 0.0198025 0.998787
95.92 1 4.79263e-05 2.78819e-06 0.162359 1.16035e-09 9.04872e-05 0.115097 1.90502e-07 0.0197997 0.998787
96.02 1 4.79734e-05 2.78704e-06 0.162319 1.1606e-09 9.04737e-05 0.11511 1.90539e-07 0.0197966 0.998787
96.12 1 4.80241e-05 2.78582e-06 0.162277 1.16084e-09 9.04565e-05 0.115124 1.90572e-07 0.0197932 0.998787
96.22 1 4.80786e-05 2.78454e-06 0.162231 1.16106e-09 9.04356e-05 0.115142 1.90602e-07 0.0197896 0.998786
96.32 1 4.81369e-05 2.78318e-06 0.162183 1.16126e-09 9.04109e-05 0.115162 1.90628e-07 0.0197857 0.998786
96.42 1 4.8199e-05 2.78175e-06 0.162132 1.16144e-09 9.03824e-05 0.115184 1.90651e-07 0.0197815 0.998786
96.52 1 4.8265e-05 2.78024e-06 0.162078 1.1616e-09 9.03499e-05 0.115209 1.90671e-07 0.0197771 0.998786
96.62 1 4.83348e-05 2.77867e-06 0.162021 1.16174e-09 9.03137e-05 0.115237 1.90687e-07 0.0197724 0.998785
96.72 1 4.84082e-05 2.77704e-06 0.161962 1.16186e-09 9.02736e-05 0.115267 1.90698e-07 0.0197675 0.998785
96.82 1 4.8485e-05 2.77536e-06 0.1619 1.16196e-09 9.02298e-05 0.115299 1.90707e-07 0.0197623 0.998785
96.92 1 4.85647e-05 2.77364e-06 0.161837 1.16204e-09 9.01827e-05 0.115335 1.90711e-07 0.0197568 0.998784
97.02 1 4.86467e-05 2.7719e-06 0.161771 1.16209e-09 9.01325e-05 0.115372 1.90711e-07 0.0197511 0.998784
97.12 1 4.87301e-05 2.77018e-06 0.161706 1.16212e-09 9.00797e-05 0.115412 1.90707e-07 0.0197453 0.998783
97.22 1 4.8814e-05 2.76849e-06 0.16164 1.16212e-09 9.00249e-05 0.115454 1.907e-07 0.0197393 0.998783
97.32 1 4.88974e-05 2.76686e-06 0.161575 1.16209e-09 8.99687e-05 0.115498 1.90689e-07 0.0197333 0.998783
97.42 1 4.89791e-05 2.76532e-06 0.161512 1.16204e-09 8.99118e-05 0.115543 1.90674e-07 0.0197272 0.998782
97.52 1 4.90581e-05 2.76389e-06 0.161452 1.16196e-09 8.98549e-05 0.11559 1.90656e-07 0.0197212 0.998782
97.62 1 4.91331e-05 2.7626e-06 0.161395 1.16185e-09 8.97988e-05 0.115637 1.90635e-07 0.0197154 0.998781
97.72 1 4.92033e-05 2.76146e-06 0.161343 1.16171e-09 8.97439e-05 0.115684 1.9061e-07 0.0197097 0.998781
97.82 1 4.92677e-05 2.76049e-06 0.161296 1.16154e-09 8.96911e-05 0.115732 1.90584e-07 0.0197044 0.998781
97.92 1 4.93259e-05 2.75968e-06 0.161254 1.16135e-09 8.96408e-05 0.115779 1.90555e-07 0.0196994 0.99878
98.02 1 4.93773e-05 2.75904e-06 0.161218 1.16114e-09 8.95933e-05 0.115825 1.90524e-07 0.0196948 0.99878
98.12 1 4.94215e-05 2.75857e-06 0.161187 1.16091e-09 8.95492e-05 0.115869 1.90492e-07 0.0196907 0.99878
98.22 1 4.94584e-05 2.75827e-06 0.161163 1.16066e-09 8.95086e-05 0.115912 1.90458e-07 0.019687 0.998779
98.32 1 4.94879e-05 2.75812e-06 0.161145 1.1604e-09 8.94718e-05 0.115952 1.90424e-07 0.0196839 0.998779
98.42 1 4.95102e-05 2.75812e-06 0.161132 1.16012e-09 8.94388e-05 0.115989 1.90389e-07 0.0196813 0.998779
98.52 1 4.95253e-05 2.75825e-06 0.161125 1.15984e-09 8.94099e-05 0.116024 1.90355e-07 0.0196793 0.998779
98.62 1 4.95336e-05 2.75851e-06 0.161124 1.15955e-09 8.9385e-05 0.116056 1.90321e-07 0.0196777 0.998779
98.72 1 4.95352e-05 2.7589e-06 0.161128 1.15927e-09 8.93641e-05 0.116085 1.90287e-07 0.0196767 0.998779
98.82 1 4.95305e-05 2.75939e-06 0.161136 1.15898e-09 8.93473e-05 0.11611 1.90254e-07 0.0196762 0.998779
98.92 1 4.95197e-05 2.75998e-06 0.161149 1.15869e-09 8.93345e-05 0.116132 1.90222e-07 0.0196762 0.998779
99.02 1 4.95031e-05 2.76067e-06 0.161167 1.15841e-09 8.93257e-05 0.11615 1.90192e-07 0.0196766 0.998779
99.12 1 4.9481e-05 2.76145e-06 0.161188 1.15814e-09 8.93209e-05 0.116164 1.90163e-07 0.0196775 0.998779
99.22 1 4.94538e-05 2.76231e-06 0.161214 1.15787e-09 8.93199e-05 0.116175 1.90136e-07 0.0196789 0.998779
99.32 1 4.94216e-05 2.76326e-06 0.161243 1.15762e-09 8.93228e-05 0.116183 1.90112e-07 0.0196806 0.998779
99.42 1 4.93846e-05 2.76427e-06 0.161276 1.15737e-09 8.93296e-05 0.116186 1.90089e-07 0.0196827 0.998779
99.52 1 4.93432e-05 2.76536e-06 0.161311 1.15714e-09 8.93401e-05 0.116187 1.90069e-07 0.0196852 0.998779
99.62 1 4.92976e-05 2.76651e-06 0.16135 1.15693e-09 8.93543e-05 0.116183 1.90051e-07 0.019688 0.998779
99.72 1 4.92478e-05 2.76773e-06 0.161392 1.15673e-09 8.93722e-05 0.116177 1.90035e-07 0.0196911 0.99878
99.82 1 4.91941e-05 2.76902e-06 0.161437 1.15655e-09 8.93939e-05 0.116167 1.90023e-07 0.0196946 0.99878
99.92 1 4.91364e-05 2.77037e-06 0.161485 1.15638e-09 8.94192e-05 0.116154 1.90013e-07 0.0196983 0.99878
100.02 1 4.90748e-05 2.7718e-06 0.161536 1.15623e-09 8.94484e-05 0.116137 1.90007e-07 0.0197024 0.99878
100.12 1 4.90092e-05 2.7733e-06 0.161589 1.1561e-09 8.94814e-05 0.116118 1.90003e-07 0.0197067 0.998781
100.22 1 4.89394e-05 2.77488e-06 0.161646 1.15599e-09 8.95185e-05 0.116095 1.90003e-07 0.0197113 0.998781
100.32 1 4.88651e-05 2.77655e-06 0.161706 1.1559e-09 8.95598e-05 0.116069 1.90006e-07 0.0197162 0.998781
100.42 1 4.87863e-05 2.77833e-06 0.16177 1.15582e-09 8.96055e-05 0.11604 1.90013e-07 0.0197214 0.998782
100.52 1 4.87026e-05 2.78021e-06 0.161838 1.15576e-09 8.96558e-05 0.116008 1.90023e-07 0.019727 0.998782
100.62 1 4.86138e-05 2.78219e-06 0.161909 1.15572e-09 8.97108e-05 0.115973 1.90037e-07 0.0197329 0.998782
100.72 1 4.85198e-05 2.7843e-06 0.161985 1.1557e-09 8.97708e-05 0.115934 1.90055e-07 0.0197391 0.998783
100.82 1 4.84205e-05 2.78652e-06 0.162065 1.15571e-09 8.98359e-05 0.115893 1.90077e-07 0.0197457 0.998783
100.92 1 4.83161e-05 2.78884e-06 0.162149 1.15573e-09 8.99061e-05 0.115848 1.90103e-07 0.0197527 0.998784
101.02 1 4.82069e-05 2.79126e-06 0.162237 1.15578e-09 8.99813e-05 0.115799 1.90133e-07 0.0197601 0.998784
101.12 1 4.80935e-05 2.79375e-06 0.162328 1.15585e-09 9.00613e-05 0.115747 1.90168e-07 0.0197678 0.998785
101.22 1 4.79767e-05 2.79628e-06 0.162422 1.15594e-09 9.01455e-05 0.115692 1.90208e-07 0.0197759 0.998785
101.32 1 4.7858e-05 2.79882e-06 0.162518 1.15607e-09 9.02335e-05 0.115634 1.90252e-07 0.0197843 0.998786
101.42 1 4.77387e-05 2.80132e-06 0.162613 1.15623e-09 9.03243e-05 0.115572 1.90301e-07 0.0197929 0.998786
101.52 1 4.76203e-05 2.80374e-06 0.162708 1.15643e-09 9.0417e-05 0.115508 1.90354e-07 0.0198017 0.998787
101.62 1 4.75041e-05 2.80605e-06 0.162801 1.15665e-09 9.05109e-05 0.115442 1.90412e-07 0.0198105 0.998788
101.72 1 4.73912e-05 2.80824e-06 0.16289 1.15692e-09 9.06052e-05 0.115374 1.90474e-07 0.0198193 0.998788
101.82 1 4.72825e-05 2.81028e-06 0.162976 1.15721e-09 9.06993e-05 0.115305 1.9054e-07 0.0198279 0.998789
101.92 1 4.71787e-05 2.81217e-06 0.163057 1.15754e-09 9.07925e-05 0.115235 1.90609e-07 0.0198364 0.998789
102.02 1 4.70803e-05 2.81391e-06 0.163134 1.1579e-09 9.08843e-05 0.115165 1.90681e-07 0.0198445 0.99879
102.12 1 4.69876e-05 2.8155e-06 0.163206 1.15829e-09 9.09745e-05 0.115095 1.90757e-07 0.0198524 0.99879
102.22 1 4.69007e-05 2.81695e-06 0.163273 1.1587e-09 9.10627e-05 0.115025 1.90835e-07 0.0198598 0.998791
102.32 1 4.68194e-05 2.81826e-06 0.163334 1.15914e-09 9.11488e-05 0.114957 1.90915e-07 0.0198668 0.998791
102.42 1 4.67438e-05 2.81945e-06 0.163392 1.1596e-09 9.12325e-05 0.11489 1.90997e-07 0.0198734 0.998792
102.52 1 4.66736e-05 2.82053e-06 0.163444 1.16007e-09 9.13139e-05 0.114825 1.91081e-07 0.0198796 0.998792
102.62 1 4.66084e-05 2.82151e-06 0.163492 1.16056e-09 9.13929e-05 0.114762 1.91166e-07 0.0198854 0.998793
102.72 1 4.65481e-05 2.8224e-06 0.163536 1.16106e-09 9.14695e-05 0.1147 1.91252e-07 0.0198907 0.998793
102.82 1 4.64923e-05 2.82321e-06 0.163577 1.16156e-09 9.15437e-05 0.114641 1.91339e-07 0.0198956 0.998793
102.92 1 4.64407e-05 2.82394e-06 0.163614 1.16208e-09 9.16156e-05 0.114585 1.91426e-07 0.0199001 0.998794
103.02 1 4.6393e-05 2.8246e-06 0.163648 1.1626e-09 9.16852e-05 0.11453 1.91514e-07 0.0199043 0.998794
103.12 1 4.63491e-05 2.8252e-06 0.163679 1.16312e-09 9.17525e-05 0.114478 1.91602e-07 0.0199081 0.998794
103.22 1 4.63088e-05 2.82574e-06 0.163707 1.16364e-09 9.18174e-05 0.114429 1.91689e-07 0.0199116 0.998794
103.32 1 4.62719e-05 2.82622e-06 0.163732 1.16416e-09 9.18801e-05 0.114382 1.91777e-07 0.0199148 0.998795
103.42 1 4.62383e-05 2.82664e-06 0.163755 1.16468e-09 9.19404e-05 0.114338 1.91864e-07 0.0199177 0.998795
103.52 1 4.62079e-05 2.82701e-06 0.163775 1.1652e-09 9.19984e-05 0.114296 1.91951e-07 0.0199204 0.998795
103.62 1 4.61805e-05 2.82732e-06 0.163792 1.16572e-09 9.20539e-05 0.114256 1.92037e-07 0.0199228 0.998795
103.72 1 4.61562e-05 2.82758e-06 0.163808 1.16622e-09 9.21072e-05 0.114219 1.92122e-07 0.0199249 0.998795
103.82 1 4.61347e-05 2.82778e-06 0.163821 1.16673e-09 9.2158e-05 0.114185 1.92206e-07 0.0199268 0.998795
103.92 1 4.61161e-05 2.82793e-06 0.163832 1.16722e-09 9.22064e-05 0.114152 1.9229e-07 0.0199284 0.998796
104.02 1 4.61001e-05 2.82804e-06 0.163841 1.16771e-09 9.22524e-05 0.114122 1.92372e-07 0.0199298 0.998796
104.12 1 4.60867e-05 2.8281e-06 0.163848 1.1682e-09 9.22961e-05 0.114095 1.92452e-07 0.0199311 0.998796
104.22 1 4.60759e-05 2.82811e-06 0.163853 1.16867e-09 9.23374e-05 0.114069 1.92532e-07 0.0199321 0.998796
104.32 1 4.60675e-05 2.82808e-06 0.163856 1.16913e-09 9.23763e-05 0.114046 1.92609e-07 0.0199329 0.998796
104.42 1 4.60616e-05 2.82801e-06 0.163857 1.16958e-09 9.24127e-05 0.114024 1.92686e-07 0.0199335 0.998796
104.52 1 4.60581e-05 2.82788e-06 0.163856 1.17003e-09 9.24467e-05 0.114005 1.9276e-07 0.0199339 0.998796
104.62 1 4.60571e-05 2.82771e-06 0.163854 1.17046e-09 9.24782e-05 0.113988 1.92833e-07 0.0199341 0.998796
104.72 1 4.60587e-05 2.82749e-06 0.163849 1.17088e-09 9.25072e-05 0.113973 1.92904e-07 0.0199342 0.998796
104.82 1 4.6063e-05 2.8272e-06 0.163842 1.17129e-09 9.25333e-05 0.11396 1.92974e-07 0.0199341 0.998796
104.92 1 4.60703e-05 2.82685e-06 0.163833 1.17169e-09 9.25567e-05 0.113949 1.93041e-07 0.0199337 0.998796
105.02 1 4.60807e-05 2.82643e-06 0.163821 1.17208e-09 9.25769e-05 0.11394 1.93106e-07 0.0199332 0.998796
105.12 1 4.60947e-05 2.82592e-06 0.163806 1.17246e-09 9.25938e-05 0.113933 1.93169e-07 0.0199324 0.998796
105.22 1 4.6113e-05 2.82529e-06 0.163788 1.17283e-09 9.26069e-05 0.113928 1.93229e-07 0.0199313 0.998796
105.32 1 4.61363e-05 2.82454e-06 0.163766 1.17318e-09 9.26157e-05 0.113926 1.93287e-07 0.01993 0.998796
105.42 1 4.6165e-05 2.82365e-06 0.163739 1.17353e-09 9.26198e-05 0.113926 1.93342e-07 0.0199284 0.998796
105.52 1 4.61997e-05 2.82261e-06 0.163707 1.17387e-09 9.2619e-05 0.113928 1.93395e-07 0.0199263 0.998795
105.62 1 4.62404e-05 2.82142e-06 0.16367 1.17419e-09 9.26129e-05 0.113934 1.93444e-07 0.0199239 0.998795
105.72 1 4.62874e-05 2.82009e-06 0.163627 1.1745e-09 9.26013e-05 0.113942 1.93489e-07 0.0199211 0.998795
105.82 1 4.63406e-05 2.81863e-06 0.16358 1.1748e-09 9.25843e-05 0.113954 1.93531e-07 0.0199177 0.998795
105.92 1 4.64001e-05 2.81703e-06 0.163528 1.17508e-09 9.25617e-05 0.113969 1.9357e-07 0.019914 0.998795
106.02 1 4.64657e-05 2.81532e-06 0.16347 1.17534e-09 9.25335e-05 0.113987 1.93604e-07 0.0199097 0.998794
106.12 1 4.65374e-05 2.81348e-06 0.163408 1.17558e-09 9.24996e-05 0.11401 1.93633e-07 0.019905 0.998794
106.22 1 4.6615e-05 2.81153e-06 0.163342 1.17579e-09 9.24601e-05 0.114035 1.93659e-07 0.0198998 0.998794
106.32 1 4.66985e-05 2.80947e-06 0.16327 1.17599e-09 9.24149e-05 0.114065 1.93679e-07 0.0198942 0.998793
106.42 1 4.6788e-05 2.8073e-06 0.163194 1.17616e-09 9.23641e-05 0.114098 1.93695e-07 0.0198881 0.998793
106.52 1 4.68833e-05 2.80502e-06 0.163114 1.1763e-09 9.23074e-05 0.114135 1.93706e-07 0.0198816 0.998793
106.62 1 4.69845e-05 2.80264e-06 0.163029 1.17642e-09 9.2245e-05 0.114176 1.93712e-07 0.0198746 0.998792
106.72 1 4.70916e-05 2.80014e-06 0.16294 1.17651e-09 9.21768e-05 0.11422 1.93713e-07 0.0198672 0.998792
106.82 1 4.72046e-05 2.79755e-06 0.162846 1.17658e-09 9.21028e-05 0.114269 1.93708e-07 0.0198594 0.998791
106.92 1 4.73234e-05 2.79485e-06 0.162748 1.17661e-09 9.20229e-05 0.114321 1.93697e-07 0.0198512 0.998791
107.02 1 4.74478e-05 2.79206e-06 0.162646 1.17662e-09 9.19374e-05 0.114378 1.93681e-07 0.0198425 0.99879
107.12 1 4.75774e-05 2.78919e-06 0.162541 1.17659e-09 9.18463e-05 0.114438 1.93659e-07 0.0198335 0.998789
107.22 1 4.77121e-05 2.78625e-06 0.162432 1.17653e-09 9.17499e-05 0.114502 1.93631e-07 0.0198241 0.998789
107.32 1 4.78515e-05 2.78324e-06 0.16232 1.17644e-09 9.16483e-05 0.114569 1.93597e-07 0.0198143 0.998788
107.42 1 4.7995e-05 2.7802e-06 0.162205 1.17631e-09 9.15419e-05 0.114641 1.93558e-07 0.0198042 0.998787
107.52 1 4.81424e-05 2.77711e-06 0.162088 1.17615e-09 9.14309e-05 0.114715 1.93512e-07 0.0197938 0.998787
107.62 1 4.82893e-05 2.77391e-06 0.161973 1.17592e-09 9.1315e-05 0.114794 1.9346e-07 0.0197832 0.998786
107.72 1 4.84286e-05 2.77057e-06 0.161867 1.17559e-09 9.11938e-05 0.114874 1.93403e-07 0.0197726 0.998785
107.82 1 4.85603e-05 2.76721e-06 0.161769 1.17515e-09 9.1068e-05 0.114956 1.9334e-07 0.0197622 0.998785
107.92 1 4.86846e-05 2.76392e-06 0.161678 1.17462e-09 9.09383e-05 0.115038 1.93274e-07 0.0197524 0.998784
108.02 1 4.88019e-05 2.76075e-06 0.161596 1.17402e-09 9.08053e-05 0.115121 1.93203e-07 0.019743 0.998783
108.12 1 4.89122e-05 2.75774e-06 0.16152 1.17334e-09 9.06696e-05 0.115202 1.93129e-07 0.0197342 0.998783
108.22 1 4.90159e-05 2.75489e-06 0.16145 1.1726e-09 9.05318e-05 0.115282 1.93053e-07 0.0197261 0.998782
108.32 1 4.91133e-05 2.75223e-06 0.161386 1.1718e-09 9.03927e-05 0.11536 1.92973e-07 0.0197185 0.998782
108.42 1 4.92047e-05 2.74976e-06 0.161328 1.17096e-09 9.02527e-05 0.115436 1.92892e-07 0.0197115 0.998781
108.52 1 4.92905e-05 2.74749e-06 0.161274 1.17008e-09 9.01126e-05 0.11551 1.92809e-07 0.019705 0.998781
108.62 1 4.93711e-05 2.74542e-06 0.161225 1.16917e-09 8.9973e-05 0.115581 1.92724e-07 0.019699 0.99878
108.72 1 4.94467e-05 2.74355e-06 0.161179 1.16824e-09 8.98347e-05 0.11565 1.92638e-07 0.0196935 0.99878
108.82 1 4.95179e-05 2.74189e-06 0.161137 1.16731e-09 8.96982e-05 0.115715 1.92552e-07 0.0196885 0.99878
108.92 1 4.9585e-05 2.74044e-06 0.161097 1.16637e-09 8.95643e-05 0.115778 1.92464e-07 0.0196838 0.998779
109.02 1 4.96484e-05 2.73917e-06 0.16106 1.16543e-09 8.94332e-05 0.115839 1.92377e-07 0.0196795 0.998779
109.12 1 4.97084e-05 2.73807e-06 0.161025 1.1645e-09 8.93055e-05 0.115896 1.92288e-07 0.0196754 0.998779
109.22 1 4.97653e-05 2.73711e-06 0.160992 1.16358e-09 8.91813e-05 0.115951 1.922e-07 0.0196716 0.998778
109.32 1 4.98191e-05 2.73627e-06 0.160961 1.16268e-09 8.90607e-05 0.116004 1.92112e-07 0.0196681 0.998778
109.42 1 4.98703e-05 2.73552e-06 0.160931 1.16178e-09 8.89436e-05 0.116054 1.92023e-07 0.0196648 0.998778
109.52 1 4.99188e-05 2.73484e-06 0.160903 1.16091e-09 8.883e-05 0.116102 1.91935e-07 0.0196616 0.998778
109.62 1 4.99648e-05 2.73421e-06 0.160876 1.16005e-09 8.87198e-05 0.116147 1.91847e-07 0.0196587 0.998777
109.72 1 5.00085e-05 2.73363e-06 0.160851 1.1592e-09 8.86129e-05 0.116191 1.9176e-07 0.0196559 0.998777
109.82 1 5.00499e-05 2.73307e-06 0.160827 1.15837e-09 8.85092e-05 0.116232 1.91673e-07 0.0196532 0.998777
109.92 1 5.00892e-05 2.73256e-06 0.160804 1.15756e-09 8.84086e-05 0.116272 1.91586e-07 0.0196507 0.998777
110.02 1 5.01266e-05 2.73208e-06 0.160782 1.15676e-09 8.83112e-05 0.116309 1.915e-07 0.0196483 0.998777
