50.02 10.4067 -12.562 -10.3793 -12.6708 -11.9383 -7.54535 8.92675 -0.424482 -0.231732 10.3828
50.12 10.4048 -12.5619 -10.3793 -12.6708 -11.9392 -7.54563 8.92677 -0.427356 -0.231741 10.3828
50.22 10.403 -12.5619 -10.3793 -12.6708 -11.9401 -7.5459 8.9268 -0.430157 -0.231749 10.3828
50.32 10.4012 -12.5618 -10.3793 -12.6708 -11.9409 -7.54616 8.92682 -0.432889 -0.231757 10.3828
50.42 10.3994 -12.5618 -10.3794 -12.6708 -11.9417 -7.54641 8.92685 -0.435552 -0.231765 10.3828
50.52 10.3977 -12.5617 -10.3794 -12.6708 -11.9425 -7.54665 8.92687 -0.438149 -0.231772 10.3828
50.62 10.3961 -12.5617 -10.3794 -12.6708 -11.9433 -7.54688 8.92689 -0.440681 -0.231778 10.3828
50.72 10.3944 -12.5617 -10.3794 -12.6708 -11.944 -7.5471 8.92691 -0.44315 -0.231785 10.3828
50.82 10.3929 -12.5616 -10.3794 -12.6708 -11.9447 -7.54732 8.92693 -0.445557 -0.231791 10.3828
50.92 10.3913 -12.5616 -10.3794 -12.6708 -11.9454 -7.54753 8.92695 -0.447904 -0.231797 10.3827
51.02 10.3898 -12.5616 -10.3794 -12.6709 -11.946 -7.54773 8.92696 -0.450192 -0.231802 10.3827
51.12 10.3883 -12.5615 -10.3794 -12.6709 -11.9467 -7.54793 8.92698 -0.452423 -0.231808 10.3827
51.22 10.3869 -12.5615 -10.3794 -12.6709 -11.9473 -7.54811 8.92699 -0.454598 -0.231813 10.3827
51.32 10.3855 -12.5615 -10.3794 -12.6709 -11.9479 -7.5483 8.92701 -0.456719 -0.231817 10.3827
51.42 10.3841 -12.5615 -10.3794 -12.6709 -11.9485 -7.54847 8.92702 -0.458787 -0.231822 10.3827
51.52 10.3828 -12.5614 -10.3794 -12.6709 -11.949 -7.54864 8.92704 -0.460803 -0.231826 10.3827
51.62 10.3815 -12.5614 -10.3794 -12.6709 -11.9496 -7.5488 8.92705 -0.462768 -0.23183 10.3827
51.72 10.3802 -12.5614 -10.3795 -12.6709 -11.9501 -7.54896 8.92706 -0.464685 -0.231834 10.3827
51.82 10.379 -12.5614 -10.3795 -12.6709 -11.9506 -7.54911 8.92707 -0.466553 -0.231838 10.3827
51.92 10.3778 -12.5613 -10.3795 -12.6709 -11.9511 -7.54926 8.92708 -0.468375 -0.231841 10.3827
52.02 10.3766 -12.5613 -10.3795 -12.6709 -11.9516 -7.5494 8.92709 -0.470151 -0.231845 10.3827
52.12 10.3755 -12.5613 -10.3795 -12.6709 -11.952 -7.54954 8.9271 -0.471882 -0.231848 10.3827
52.22 10.3743 -12.5613 -10.3795 -12.6709 -11.9525 -7.54967 8.92711 -0.473571 -0.231851 10.3827
52.32 10.3732 -12.5613 -10.3795 -12.6709 -11.9529 -7.5498 8.92712 -0.475217 -0.231854 10.3827
52.42 10.3722 -12.5613 -10.3795 -12.6709 -11.9533 -7.54992 8.92713 -0.476821 -0.231856 10.3827
52.52 10.3711 -12.5612 -10.3795 -12.6709 -11.9537 -7.55004 8.92714 -0.478386 -0.231859 10.3827
52.62 10.3701 -12.5612 -10.3795 -12.6709 -11.9541 -7.55015 8.92714 -0.479911 -0.231861 10.3827
52.72 10.3691 -12.5612 -10.3795 -12.6709 -11.9545 -7.55026 8.92715 -0.481398 -0.231864 10.3827
52.82 10.3681 -12.5612 -10.3795 -12.6709 -11.9549 -7.55037 8.92716 -0.482848 -0.231866 10.3827
52.92 10.3672 -12.5612 -10.3795 -12.6709 -11.9552 -7.55047 8.92716 -0.484262 -0.231868 10.3827
53.02 10.3663 -12.5612 -10.3795 -12.6709 -11.9556 -7.55057 8.92717 -0.48564 -0.23187 10.3827
53.12 10.3654 -12.5612 -10.3795 -12.6709 -11.9559 -7.55067 8.92718 -0.486983 -0.231872 10.3827
53.22 10.3645 -12.5612 -10.3795 -12.6709 -11.9562 -7.55076 8.92718 -0.488293 -0.231874 10.3827
53.32 10.3636 -12.5611 -10.3795 -12.671 -11.9565 -7.55085 8.92719 -0.48957 -0.231875 10.3827
53.42 10.3628 -12.5611 -10.3795 -12.671 -11.9568 -7.55093 8.92719 -0.490815 -0.231877 10.3827
53.52 10.362 -12.5611 -10.3795 -12.671 -11.9571 -7.55102 8.9272 -0.492029 -0.231879 10.3827
53.62 10.3612 -12.5611 -10.3795 -12.671 -11.9574 -7.5511 8.9272 -0.493212 -0.23188 10.3827
53.72 10.3604 -12.5611 -10.3795 -12.671 -11.9577 -7.55117 8.92721 -0.494366 -0.231881 10.3827
53.82 10.3596 -12.5611 -10.3795 -12.671 -11.9579 -7.55125 8.92721 -0.495491 -0.231883 10.3827
53.92 10.3589 -12.5611 -10.3795 -12.671 -11.9582 -7.55132 8.92721 -0.496587 -0.231884 10.3827
54.02 10.3582 -12.5611 -10.3795 -12.671 -11.9584 -7.55139 8.92722 -0.497656 -0.231885 10.3827
54.12 10.3574 -12.5611 -10.3795 -12.671 -11.9587 -7.55146 8.92722 -0.498698 -0.231886 10.3827
54.22 10.3568 -12.5611 -10.3795 -12.671 -11.9589 -7.55152 8.92723 -0.499714 -0.231887 10.3826
54.32 10.3561 -12.5611 -10.3795 -12.671 -11.9591 -7.55158 8.92723 -0.500705 -0.231888 10.3826
54.42 10.3554 -12.5611 -10.3795 -12.671 -11.9593 -7.55164 8.92723 -0.501671 -0.231889 10.3826
54.52 10.3548 -12.5611 -10.3795 -12.671 -11.9595 -7.5517 8.92723 -0.502612 -0.23189 10.3826
54.62 10.3542 -12.5611 -10.3795 -12.671 -11.9597 -7.55176 8.92724 -0.50353 -0.231891 10.3826
54.72 10.3536 -12.5611 -10.3795 -12.671 -11.9599 -7.55181 8.92724 -0.504425 -0.231892 10.3826
54.82 10.353 -12.561 -10.3795 -12.671 -11.9601 -7.55186 8.92724 -0.505297 -0.231893 10.3826
54.92 10.3524 -12.561 -10.3795 -12.671 -11.9603 -7.55191 8.92724 -0.506147 -0.231894 10.3826
55.02 10.3518 -12.561 -10.3795 -12.671 -11.9605 -7.55196 8.92725 -0.506976 -0.231894 10.3826
55.12 10.3513 -12.561 -10.3795 -12.671 -11.9607 -7.55201 8.92725 -0.507785 -0.231895 10.3826
55.22 10.3507 -12.561 -10.3795 -12.671 -11.9608 -7.55205 8.92725 -0.508573 -0.231896 10.3826
55.32 10.3502 -12.561 -10.3795 -12.671 -11.961 -7.5521 8.92725 -0.509341 -0.231896 10.3826
55.42 10.3497 -12.561 -10.3795 -12.671 -11.9611 -7.55214 8.92725 -0.51009 -0.231897 10.3826
55.52 10.3492 -12.561 -10.3795 -12.671 -11.9613 -7.55218 8.92726 -0.51082 -0.231897 10.3826
55.62 10.3487 -12.561 -10.3795 -12.671 -11.9614 -7.55222 8.92726 -0.511532 -0.231898 10.3826
55.72 10.3482 -12.561 -10.3795 -12.671 -11.9616 -7.55225 8.92726 -0.512226 -0.231898 10.3826
55.82 10.3477 -12.561 -10.3795 -12.671 -11.9617 -7.55229 8.92726 -0.512902 -0.231899 10.3826
55.92 10.3473 -12.561 -10.3795 -12.671 -11.9618 -7.55233 8.92726 -0.513561 -0.231899 10.3826
56.02 10.3468 -12.561 -10.3795 -12.671 -11.962 -7.55236 8.92726 -0.514204 -0.2319 10.3826
56.12 10.3464 -12.561 -10.3795 -12.671 -11.9621 -7.55239 8.92726 -0.514831 -0.2319 10.3826
56.22 10.346 -12.561 -10.3795 -12.671 -11.9622 -7.55242 8.92727 -0.515442 -0.231901 10.3826
56.32 10.3456 -12.561 -10.3795 -12.671 -11.9623 -7.55245 8.92727 -0.516038 -0.231901 10.3826
56.42 10.3452 -12.561 -10.3795 -12.671 -11.9624 -7.55248 8.92727 -0.516618 -0.231901 10.3826
56.52 10.3448 -12.561 -10.3795 -12.671 -11.9625 -7.55251 8.92727 -0.517185 -0.231902 10.3826
56.62 10.3444 -12.561 -10.3795 -12.671 -11.9626 -7.55254 8.92727 -0.517736 -0.231902 10.3826
56.72 10.344 -12.561 -10.3795 -12.671 -11.9627 -7.55256 8.92727 -0.518275 -0.231902 10.3826
56.82 10.3436 -12.561 -10.3795 -12.671 -11.9628 -7.55259 8.92727 -0.518799 -0.231903 10.3826
56.92 10.3433 -12.561 -10.3795 -12.671 -11.9629 -7.55261 8.92727 -0.51931 -0.231903 10.3826
57.02 10.3429 -12.561 -10.3795 -12.671 -11.963 -7.55264 8.92727 -0.519809 -0.231903 10.3826
57.12 10.3426 -12.561 -10.3795 -12.671 -11.9631 -7.55266 8.92727 -0.520295 -0.231903 10.3826
57.22 10.3423 -12.561 -10.3796 -12.671 -11.9632 -7.55268 8.92728 -0.520768 -0.231904 10.3826
57.32 10.342 -12.561 -10.3796 -12.671 -11.9633 -7.5527 8.92728 -0.52123 -0.231904 10.3826
57.42 10.3416 -12.561 -10.3796 -12.671 -11.9634 -7.55272 8.92728 -0.521681 -0.231904 10.3826
57.52 10.3413 -12.561 -10.3796 -12.671 -11.9634 -7.55274 8.92728 -0.522119 -0.231904 10.3826
57.62 10.341 -12.561 -10.3796 -12.671 -11.9635 -7.55276 8.92728 -0.522547 -0.231904 10.3826
57.72 10.3407 -12.561 -10.3796 -12.671 -11.9636 -7.55278 8.92728 -0.522964 -0.231905 10.3826
57.82 10.3405 -12.561 -10.3796 -12.671 -11.9636 -7.5528 8.92728 -0.523371 -0.231905 10.3826
57.92 10.3402 -12.561 -10.3796 -12.671 -11.9637 -7.55281 8.92728 -0.523768 -0.231905 10.3826
58.02 10.3399 -12.561 -10.3796 -12.671 -11.9638 -7.55283 8.92728 -0.524154 -0.231905 10.3826
58.12 10.3396 -12.561 -10.3796 -12.671 -11.9638 -7.55284 8.92728 -0.524531 -0.231905 10.3826
58.22 10.3394 -12.561 -10.3796 -12.671 -11.9639 -7.55286 8.92728 -0.524898 -0.231905 10.3826
58.32 10.3391 -12.561 -10.3796 -12.671 -11.964 -7.55287 8.92728 -0.525256 -0.231905 10.3826
58.42 10.3389 -12.561 -10.3796 -12.671 -11.964 -7.55289 8.92728 -0.525605 -0.231906 10.3826
58.52 10.3386 -12.561 -10.3796 -12.671 -11.9641 -7.5529 8.92728 -0.525945 -0.231906 10.3826
58.62 10.3384 -12.561 -10.3796 -12.671 -11.9641 -7.55291 8.92728 -0.526277 -0.231906 10.3826
58.72 10.3382 -12.561 -10.3796 -12.671 -11.9642 -7.55293 8.92728 -0.5266 -0.231906 10.3826
58.82 10.3379 -12.561 -10.3796 -12.671 -11.9642 -7.55294 8.92728 -0.526916 -0.231906 10.3826
58.92 10.3377 -12.561 -10.3796 -12.671 -11.9643 -7.55295 8.92728 -0.527223 -0.231906 10.3826
59.02 10.3375 -12.561 -10.3796 -12.671 -11.9643 -7.55296 8.92728 -0.527523 -0.231906 10.3826
59.12 10.3373 -12.561 -10.3796 -12.671 -11.9644 -7.55297 8.92728 -0.527815 -0.231906 10.3826
59.22 10.3371 -12.561 -10.3796 -12.671 -11.9644 -7.55298 8.92728 -0.528099 -0.231906 10.3826
59.32 10.3369 -12.561 -10.3796 -12.671 -11.9644 -7.55299 8.92728 -0.528377 -0.231906 10.3826
59.42 10.3367 -12.561 -10.3796 -12.671 -11.9645 -7.553 8.92728 -0.528647 -0.231907 10.3826
59.52 10.3365 -12.561 -10.3796 -12.671 -11.9645 -7.55301 8.92728 -0.528911 -0.231907 10.3826
59.62 10.3363 -12.561 -10.3796 -12.671 -11.9646 -7.55302 8.92728 -0.529168 -0.231907 10.3826
59.72 10.3362 -12.561 -10.3796 -12.671 -11.9646 -7.55303 8.92729 -0.529419 -0.231907 10.3826
59.82 10.336 -12.561 -10.3796 -12.671 -11.9646 -7.55304 8.92729 -0.529663 -0.231907 10.3826
59.92 10.3358 -12.561 -10.3796 -12.671 -11.9647 -7.55305 8.92729 -0.529902 -0.231907 10.3826
60.02 10.3356 -12.561 -10.3796 -12.671 -11.9647 -7.55306 8.92729 -0.530134 -0.231907 10.3826
60.12 10.3355 -12.561 -10.3796 -12.671 -11.9647 -7.55306 8.92729 -0.53036 -0.231907 10.3826
60.22 10.3353 -12.561 -10.3796 -12.671 -11.9648 -7.55307 8.92729 -0.530581 -0.231907 10.3826
60.32 10.3352 -12.561 -10.3796 -12.671 -11.9648 -7.55308 8.92729 -0.530796 -0.231907 10.3826
60.42 10.335 -12.561 -10.3796 -12.671 -11.9648 -7.55308 8.92729 -0.531006 -0.231907 10.3826
60.52 10.3349 -12.561 -10.3796 -12.671 -11.9649 -7.55309 8.92729 -0.53121 -0.231907 10.3826
60.62 10.3347 -12.561 -10.3796 -12.671 -11.9649 -7.5531 8.92729 -0.53141 -0.231907 10.3826
60.72 10.3346 -12.561 -10.3796 -12.671 -11.9649 -7.5531 8.92729 -0.531604 -0.231907 10.3826
60.82 10.3344 -12.561 -10.3796 -12.671 -11.9649 -7.55311 8.92729 -0.531793 -0.231907 10.3826
60.92 10.3343 -12.561 -10.3796 -12.671 -11.965 -7.55311 8.92729 -0.531978 -0.231907 10.3826
61.02 10.3342 -12.561 -10.3796 -12.671 -11.965 -7.55312 8.92729 -0.532158 -0.231907 10.3826
61.12 10.3341 -12.561 -10.3796 -12.671 -11.965 -7.55313 8.92729 -0.532333 -0.231907 10.3826
61.22 10.3339 -12.561 -10.3796 -12.671 -11.965 -7.55313 8.92729 -0.532505 -0.231907 10.3826
61.32 10.3338 -12.561 -10.3796 -12.671 -11.965 -7.55313 8.92729 -0.532671 -0.231907 10.3826
61.42 10.3337 -12.561 -10.3796 -12.671 -11.9651 -7.55314 8.92729 -0.532834 -0.231907 10.3826
61.52 10.3336 -12.561 -10.3796 -12.671 -11.9651 -7.55314 8.92729 -0.532992 -0.231907 10.3826
61.62 10.3335 -12.561 -10.3796 -12.671 -11.9651 -7.55315 8.92729 -0.533147 -0.231907 10.3826
61.72 10.3334 -12.561 -10.3796 -12.671 -11.9651 -7.55315 8.92729 -0.533297 -0.231907 10.3826
61.82 10.3332 -12.561 -10.3796 -12.671 -11.9651 -7.55316 8.92729 -0.533444 -0.231907 10.3826
61.92 10.3331 -12.561 -10.3796 -12.671 -11.9652 -7.55316 8.92729 -0.533587 -0.231908 10.3826
62.02 10.333 -12.561 -10.3796 -12.671 -11.9652 -7.55316 8.92729 -0.533727 -0.231908 10.3826
62.12 10.3329 -12.561 -10.3796 -12.671 -11.9652 -7.55317 8.92729 -0.533863 -0.231908 10.3826
62.22 10.3328 -12.561 -10.3796 -12.671 -11.9652 -7.55317 8.92729 -0.533996 -0.231908 10.3826
62.32 10.3327 -12.561 -10.3796 -12.671 -11.9652 -7.55318 8.92729 -0.534125 -0.231908 10.3826
62.42 10.3327 -12.561 -10.3796 -12.671 -11.9652 -7.55318 8.92729 -0.534251 -0.231908 10.3826
62.52 10.3326 -12.561 -10.3796 -12.671 -11.9653 -7.55318 8.92729 -0.534374 -0.231908 10.3826
62.62 10.3325 -12.561 -10.3796 -12.671 -11.9653 -7.55318 8.92729 -0.534493 -0.231908 10.3826
62.72 10.3324 -12.561 -10.3796 -12.671 -11.9653 -7.55319 8.92729 -0.53461 -0.231908 10.3826
62.82 10.3323 -12.561 -10.3796 -12.671 -11.9653 -7.55319 8.92729 -0.534724 -0.231908 10.3826
62.92 10.3322 -12.561 -10.3796 -12.671 -11.9653 -7.55319 8.92729 -0.534835 -0.231908 10.3826
63.02 10.3321 -12.561 -10.3796 -12.671 -11.9653 -7.5532 8.92729 -0.534943 -0.231908 10.3826
63.12 10.3321 -12.561 -10.3796 -12.671 -11.9653 -7.5532 8.92729 -0.535048 -0.231908 10.3826
63.22 10.332 -12.561 -10.3796 -12.671 -11.9653 -7.5532 8.92729 -0.535151 -0.231908 10.3826
63.32 10.3319 -12.561 -10.3796 -12.671 -11.9654 -7.5532 8.92729 -0.535251 -0.231908 10.3826
63.42 10.3318 -12.561 -10.3796 -12.671 -11.9654 -7.5532 8.92729 -0.535349 -0.231908 10.3826
63.52 10.3318 -12.561 -10.3796 -12.671 -11.9654 -7.55321 8.92729 -0.535444 -0.231908 10.3826
63.62 10.3317 -12.561 -10.3796 -12.671 -11.9654 -7.55321 8.92729 -0.535537 -0.231908 10.3826
63.72 10.3316 -12.561 -10.3796 -12.671 -11.9654 -7.55321 8.92729 -0.535628 -0.231908 10.3826
63.82 10.3316 -12.561 -10.3796 -12.671 -11.9654 -7.55321 8.92729 -0.535716 -0.231908 10.3826
63.92 10.3315 -12.561 -10.3796 -12.671 -11.9654 -7.55322 8.92729 -0.535802 -0.231908 10.3826
64.02 10.3314 -12.561 -10.3796 -12.671 -11.9654 -7.55322 8.92729 -0.535886 -0.231908 10.3826
64.12 10.3314 -12.561 -10.3796 -12.671 -11.9654 -7.55322 8.92729 -0.535967 -0.231908 10.3826
64.22 10.3313 -12.561 -10.3796 -12.671 -11.9654 -7.55322 8.92729 -0.536047 -0.231908 10.3826
64.32 10.3313 -12.561 -10.3796 -12.671 -11.9654 -7.55322 8.92729 -0.536125 -0.231908 10.3826
64.42 10.3312 -12.561 -10.3796 -12.671 -11.9655 -7.55322 8.92729 -0.5362 -0.231908 10.3826
64.52 10.3312 -12.561 -10.3796 -12.671 -11.9655 -7.55322 8.92729 -0.536274 -0.231908 10.3826
64.62 10.3311 -12.561 -10.3796 -12.671 -11.9655 -7.55323 8.92729 -0.536346 -0.231908 10.3826
64.72 10.331 -12.561 -10.3796 -12.671 -11.9655 -7.55323 8.92729 -0.536416 -0.231908 10.3826
64.82 10.331 -12.561 -10.3796 -12.671 -11.9655 -7.55323 8.92729 -0.536485 -0.231908 10.3826
64.92 10.3309 -12.561 -10.3796 -12.671 -11.9655 -7.55323 8.92729 -0.536551 -0.231908 10.3826
65.02 10.3309 -12.561 -10.3796 -12.671 -11.9655 -7.55323 8.92729 -0.536616 -0.231908 10.3826
65.12 10.3308 -12.561 -10.3796 -12.671 -11.9655 -7.55323 8.92729 -0.53668 -0.231908 10.3826
65.22 10.3308 -12.561 -10.3796 -12.671 -11.9655 -7.55323 8.92729 -0.536741 -0.231908 10.3826
65.32 10.3308 -12.561 -10.3796 -12.671 -11.9655 -7.55324 8.92729 -0.536801 -0.231908 10.3826
65.42 10.3307 -12.561 -10.3796 -12.671 -11.9655 -7.55324 8.92729 -0.53686 -0.231908 10.3826
65.52 10.3307 -12.561 -10.3796 -12.671 -11.9655 -7.55324 8.92729 -0.536917 -0.231908 10.3826
65.62 10.3306 -12.561 -10.3796 -12.671 -11.9655 -7.55324 8.92729 -0.536973 -0.231908 10.3826
65.72 10.3306 -12.561 -10.3796 -12.671 -11.9655 -7.55324 8.92729 -0.537027 -0.231908 10.3826
65.82 10.3305 -12.561 -10.3796 -12.671 -11.9655 -7.55324 8.92729 -0.53708 -0.231908 10.3826
65.92 10.3305 -12.561 -10.3796 -12.671 -11.9655 -7.55324 8.92729 -0.537132 -0.231908 10.3826
66.02 10.3305 -12.561 -10.3796 -12.671 -11.9655 -7.55324 8.92729 -0.537182 -0.231908 10.3826
66.12 10.3304 -12.561 -10.3796 -12.671 -11.9656 -7.55324 8.92729 -0.537232 -0.231908 10.3826
66.22 10.3304 -12.561 -10.3796 -12.671 -11.9656 -7.55324 8.92729 -0.537279 -0.231908 10.3826
66.32 10.3304 -12.561 -10.3796 -12.671 -11.9656 -7.55324 8.92729 -0.537326 -0.231908 10.3826
66.42 10.3303 -12.561 -10.3796 -12.671 -11.9656 -7.55325 8.92729 -0.537371 -0.231908 10.3826
66.52 10.3303 -12.561 -10.3796 -12.671 -11.9656 -7.55325 8.92729 -0.537416 -0.231908 10.3826
66.62 10.3303 -12.561 -10.3796 -12.671 -11.9656 -7.55325 8.92729 -0.537459 -0.231908 10.3826
66.72 10.3302 -12.561 -10.3796 -12.671 -11.9656 -7.55325 8.92729 -0.537501 -0.231908 10.3826
66.82 10.3302 -12.561 -10.3796 -12.671 -11.9656 -7.55325 8.92729 -0.537542 -0.231908 10.3826
66.92 10.3302 -12.561 -10.3796 -12.671 -11.9656 -7.55325 8.92729 -0.537582 -0.231908 10.3826
67.02 10.3301 -12.561 -10.3796 -12.671 -11.9656 -7.55325 8.92729 -0.537621 -0.231908 10.3826
67.12 10.3301 -12.561 -10.3796 -12.671 -11.9656 -7.55325 8.92729 -0.537659 -0.231908 10.3826
67.22 10.3301 -12.561 -10.3796 -12.671 -11.9656 -7.55325 8.92729 -0.537696 -0.231908 10.3826
67.32 10.33 -12.561 -10.3796 -12.671 -11.9656 -7.55325 8.92729 -0.537733 -0.231908 10.3826
67.42 10.33 -12.561 -10.3796 -12.671 -11.9656 -7.55325 8.92729 -0.537768 -0.231908 10.3826
67.52 10.33 -12.561 -10.3796 -12.671 -11.9656 -7.55325 8.92729 -0.537802 -0.231908 10.3826
67.62 10.33 -12.561 -10.3796 -12.671 -11.9656 -7.55325 8.92729 -0.537836 -0.231908 10.3826
67.72 10.3299 -12.561 -10.3796 -12.671 -11.9656 -7.55325 8.92729 -0.537868 -0.231908 10.3826
67.82 10.3299 -12.561 -10.3796 -12.671 -11.9656 -7.55325 8.92729 -0.5379 -0.231908 10.3826
67.92 10.3299 -12.561 -10.3796 -12.671 -11.9656 -7.55325 8.92729 -0.537931 -0.231908 10.3826
68.02 10.3299 -12.561 -10.3796 -12.671 -11.9656 -7.55325 8.92729 -0.537961 -0.231908 10.3826
68.12 10.3298 -12.561 -10.3796 -12.671 -11.9656 -7.55325 8.92729 -0.537991 -0.231908 10.3826
68.22 10.3298 -12.561 -10.3796 -12.671 -11.9656 -7.55325 8.92729 -0.53802 -0.231908 10.3826
68.32 10.3298 -12.561 -10.3796 -12.671 -11.9656 -7.55326 8.92729 -0.538048 -0.231908 10.3826
68.42 10.3298 -12.561 -10.3796 -12.671 -11.9656 -7.55326 8.92729 -0.538075 -0.231908 10.3826
68.52 10.3298 -12.561 -10.3796 -12.671 -11.9656 -7.55326 8.92729 -0.538102 -0.231908 10.3826
68.62 10.3297 -12.561 -10.3796 -12.671 -11.9656 -7.55326 8.92729 -0.538128 -0.231908 10.3826
68.72 10.3297 -12.561 -10.3796 -12.671 -11.9656 -7.55326 8.92729 -0.538153 -0.231908 10.3826
68.82 10.3297 -12.561 -10.3796 -12.671 -11.9656 -7.55326 8.92729 -0.538178 -0.231908 10.3826
68.92 10.3297 -12.561 -10.3796 -12.671 -11.9656 -7.55326 8.92729 -0.538202 -0.231908 10.3826
69.02 10.3297 -12.561 -10.3796 -12.671 -11.9656 -7.55326 8.92729 -0.538225 -0.231908 10.3826
69.12 10.3296 -12.561 -10.3796 -12.671 -11.9656 -7.55326 8.92729 -0.538248 -0.231908 10.3826
69.22 10.3296 -12.561 -10.3796 -12.671 -11.9656 -7.55326 8.92729 -0.53827 -0.231908 10.3826
69.32 10.3296 -12.561 -10.3796 -12.671 -11.9656 -7.55326 8.92729 -0.538292 -0.231908 10.3826
69.42 10.3296 -12.561 -10.3796 -12.671 -11.9656 -7.55326 8.92729 -0.538313 -0.231908 10.3826
69.52 10.3296 -12.561 -10.3796 -12.671 -11.9656 -7.55326 8.92729 -0.538334 -0.231908 10.3826
69.62 10.3296 -12.561 -10.3796 -12.671 -11.9656 -7.55326 8.92729 -0.538354 -0.231908 10.3826
69.72 10.3295 -12.561 -10.3796 -12.671 -11.9656 -7.55326 8.92729 -0.538373 -0.231908 10.3826
69.82 10.3295 -12.561 -10.3796 -12.671 -11.9656 -7.55326 8.92729 -0.538393 -0.231908 10.3826
69.92 10.3295 -12.561 -10.3796 -12.671 -11.9656 -7.55326 8.92729 -0.538411 -0.231908 10.3826
70.02 10.3295 -12.561 -10.3796 -12.671 -11.9656 -7.55326 8.92729 -0.538429 -0.231908 10.3826
70.12 10.3295 -12.561 -10.3796 -12.671 -11.9656 -7.55326 8.92729 -0.538447 -0.231908 10.3826
70.22 10.3295 -12.561 -10.3796 -12.671 -11.9656 -7.55326 8.92729 -0.538464 -0.231908 10.3826
70.32 10.3295 -12.561 -10.3796 -12.671 -11.9656 -7.55326 8.92729 -0.538481 -0.231908 10.3826
70.42 10.3294 -12.561 -10.3796 -12.671 -11.9656 -7.55326 8.92729 -0.538498 -0.231908 10.3826
70.52 10.3294 -12.561 -10.3796 -12.671 -11.9657 -7.55326 8.92729 -0.538514 -0.231908 10.3826
70.62 10.3294 -12.561 -10.3796 -12.671 -11.9657 -7.55326 8.92729 -0.538529 -0.231908 10.3826
70.72 10.3294 -12.561 -10.3796 -12.671 -11.9657 -7.55326 8.92729 -0.538544 -0.231908 10.3826
70.82 10.3294 -12.561 -10.3796 -12.671 -11.9657 -7.55326 8.92729 -0.538559 -0.231908 10.3826
70.92 10.3294 -12.561 -10.3796 -12.671 -11.9657 -7.55326 8.92729 -0.538574 -0.231908 10.3826
71.02 10.3294 -12.561 -10.3796 -12.671 -11.9657 -7.55326 8.92729 -0.538588 -0.231908 10.3826
71.12 10.3294 -12.561 -10.3796 -12.671 -11.9657 -7.55326 8.92729 -0.538601 -0.231908 10.3826
71.22 10.3294 -12.561 -10.3796 -12.671 -11.9657 -7.55326 8.92729 -0.538615 -0.231908 10.3826
71.32 10.3293 -12.561 -10.3796 -12.671 -11.9657 -7.55326 8.92729 -0.538628 -0.231908 10.3826
71.42 10.3293 -12.561 -10.3796 -12.671 -11.9657 -7.55326 8.92729 -0.538641 -0.231908 10.3826
71.52 10.3293 -12.561 -10.3796 -12.671 -11.9657 -7.55326 8.92729 -0.538653 -0.231908 10.3826
71.62 10.3293 -12.561 -10.3796 -12.671 -11.9657 -7.55326 8.92729 -0.538665 -0.231908 10.3826
71.72 10.3293 -12.561 -10.3796 -12.671 -11.9657 -7.55326 8.92729 -0.538677 -0.231908 10.3826
71.82 10.3293 -12.561 -10.3796 -12.671 -11.9657 -7.55326 8.92729 -0.538688 -0.231908 10.3826
71.92 10.3293 -12.561 -10.3796 -12.671 -11.9657 -7.55326 8.92729 -0.538699 -0.231908 10.3826
72.02 10.3293 -12.561 -10.3796 -12.671 -11.9657 -7.55326 8.92729 -0.53871 -0.231908 10.3826
72.12 10.3293 -12.561 -10.3796 -12.671 -11.9657 -7.55326 8.92729 -0.538721 -0.231908 10.3826
72.22 10.3293 -12.561 -10.3796 -12.671 -11.9657 -7.55326 8.92729 -0.538731 -0.231908 10.3826
72.32 10.3292 -12.561 -10.3796 -12.671 -11.9657 -7.55326 8.92729 -0.538742 -0.231908 10.3826
72.42 10.3292 -12.561 -10.3796 -12.671 -11.9657 -7.55326 8.92729 -0.538751 -0.231908 10.3826
72.52 10.3292 -12.561 -10.3796 -12.671 -11.9657 -7.55326 8.92729 -0.538761 -0.231908 10.3826
72.62 10.3292 -12.561 -10.3796 -12.671 -11.9657 -7.55326 8.92729 -0.53877 -0.231908 10.3826
72.72 10.3292 -12.561 -10.3796 -12.671 -11.9657 -7.55326 8.92729 -0.538779 -0.231908 10.3826
72.82 10.3292 -12.561 -10.3796 -12.671 -11.9657 -7.55326 8.92729 -0.538788 -0.231908 10.3826
72.92 10.3292 -12.561 -10.3796 -12.671 -11.9657 -7.55326 8.92729 -0.538797 -0.231908 10.3826
73.02 10.3292 -12.561 -10.3796 -12.671 -11.9657 -7.55326 8.92729 -0.538806 -0.231908 10.3826
73.12 10.3292 -12.561 -10.3796 -12.671 -11.9657 -7.55326 8.92729 -0.538814 -0.231908 10.3826
73.22 10.3292 -12.561 -10.3796 -12.671 -11.9657 -7.55326 8.92729 -0.538822 -0.231908 10.3826
73.32 10.3292 -12.561 -10.3796 -12.671 -11.9657 -7.55326 8.92729 -0.53883 -0.231908 10.3826
73.42 10.3292 -12.561 -10.3796 -12.671 -11.9657 -7.55326 8.92729 -0.538837 -0.231908 10.3826
73.52 10.3292 -12.561 -10.3796 -12.671 -11.9657 -7.55326 8.92729 -0.538845 -0.231908 10.3826
73.62 10.3292 -12.561 -10.3796 -12.671 -11.9657 -7.55326 8.92729 -0.538852 -0.231908 10.3826
73.72 10.3292 -12.561 -10.3796 -12.671 -11.9657 -7.55326 8.92729 -0.538859 -0.231908 10.3826
73.82 10.3291 -12.561 -10.3796 -12.671 -11.9657 -7.55326 8.92729 -0.538866 -0.231908 10.3826
73.92 10.3291 -12.561 -10.3796 -12.671 -11.9657 -7.55326 8.92729 -0.538873 -0.231908 10.3826
74.02 10.3291 -12.561 -10.3796 -12.671 -11.9657 -7.55326 8.92729 -0.538879 -0.231908 10.3826
74.12 10.3291 -12.561 -10.3796 -12.671 -11.9657 -7.55326 8.92729 -0.538886 -0.231908 10.3826
74.22 10.3291 -12.561 -10.3796 -12.671 -11.9657 -7.55326 8.92729 -0.538892 -0.231908 10.3826
74.32 10.3291 -12.561 -10.3796 -12.671 -11.9657 -7.55326 8.92729 -0.538898 -0.231908 10.3826
74.42 10.3291 -12.561 -10.3796 -12.671 -11.9657 -7.55326 8.92729 -0.538904 -0.231908 10.3826
74.52 10.3291 -12.561 -10.3796 -12.671 -11.9657 -7.55326 8.92729 -0.53891 -0.231908 10.3826
74.62 10.3291 -12.561 -10.3796 -12.671 -11.9657 -7.55326 8.92729 -0.538915 -0.231908 10.3826
74.72 10.3291 -12.561 -10.3796 -12.671 -11.9657 -7.55326 8.92729 -0.538921 -0.231908 10.3826
74.82 10.3291 -12.561 -10.3796 -12.671 -11.9657 -7.55326 8.92729 -0.538926 -0.231908 10.3826
74.92 10.3291 -12.561 -10.3796 -12.671 -11.9657 -7.55326 8.92729 -0.538931 -0.231908 10.3826
75.02 10.3291 -12.561 -10.3796 -12.671 -11.9657 -7.55326 8.92729 -0.538936 -0.231908 10.3826
75.12 10.3291 -12.561 -10.3796 -12.671 -11.9657 -7.55326 8.92729 -0.538941 -0.231908 10.3826
75.22 10.3291 -12.561 -10.3796 -12.671 -11.9657 -7.55326 8.92729 -0.538946 -0.231908 10.3826
75.32 10.3291 -12.561 -10.3796 -12.671 -11.9657 -7.55326 8.92729 -0.538951 -0.231908 10.3826
75.42 10.3291 -12.561 -10.3796 -12.671 -11.9657 -7.55326 8.92729 -0.538955 -0.231908 10.3826
75.52 10.3291 -12.561 -10.3796 -12.671 -11.9657 -7.55326 8.92729 -0.53896 -0.231908 10.3826
75.62 10.3291 -12.561 -10.3796 -12.671 -11.9657 -7.55326 8.92729 -0.538964 -0.231908 10.3826
75.72 10.3291 -12.561 -10.3795 -12.671 -11.9657 -7.55326 8.92729 -0.538968 -0.231907 10.3826
75.82 10.3291 -12.561 -10.3795 -12.671 -11.9657 -7.55326 8.92729 -0.538972 -0.231906 10.3826
75.92 10.329 -12.561 -10.3795 -12.671 -11.9657 -7.55325 8.92729 -0.538976 -0.231905 10.3826
76.02 10.329 -12.561 -10.3795 -12.671 -11.9657 -7.55324 8.92729 -0.538979 -0.231902 10.3826
76.12 10.329 -12.5611 -10.3795 -12.671 -11.9657 -7.55323 8.92728 -0.538982 -0.231898 10.3826
76.22 10.329 -12.5611 -10.3795 -12.6709 -11.9657 -7.55321 8.92728 -0.538984 -0.231892 10.3826
76.32 10.329 -12.5612 -10.3794 -12.6709 -11.9657 -7.55318 8.92727 -0.538985 -0.231883 10.3827
76.42 10.329 -12.5613 -10.3793 -12.6709 -11.9657 -7.55314 8.92726 -0.538985 -0.23187 10.3827
76.52 10.329 -12.5615 -10.3793 -12.6708 -11.9657 -7.55309 8.92725 -0.538984 -0.231853 10.3827
76.62 10.329 -12.5617 -10.3792 -12.6708 -11.9657 -7.55303 8.92723 -0.53898 -0.231831 10.3827
76.72 10.3289 -12.5619 -10.3791 -12.6707 -11.9657 -7.55295 8.9272 -0.538974 -0.231803 10.3827
76.82 10.3289 -12.5622 -10.379 -12.6706 -11.9657 -7.55287 8.92717 -0.538966 -0.231768 10.3828
76.92 10.3289 -12.5625 -10.3788 -12.6705 -11.9657 -7.55276 8.92714 -0.538954 -0.231727 10.3828
77.02 10.3288 -12.5628 -10.3787 -12.6704 -11.9657 -7.55264 8.92709 -0.538939 -0.231679 10.3829
77.12 10.3288 -12.5632 -10.3785 -12.6703 -11.9657 -7.55252 8.92704 -0.53892 -0.231625 10.3829
77.22 10.3288 -12.5636 -10.3784 -12.6702 -11.9657 -7.55238 8.92698 -0.538897 -0.231565 10.383
77.32 10.3287 -12.5639 -10.3782 -12.6701 -11.9657 -7.55223 8.92691 -0.538871 -0.231501 10.3831
77.42 10.3287 -12.5643 -10.3781 -12.67 -11.9657 -7.55209 8.92684 -0.53884 -0.231434 10.3831
77.52 10.3287 -12.5647 -10.378 -12.6699 -11.9657 -7.55194 8.92676 -0.538806 -0.231366 10.3832
77.62 10.3287 -12.565 -10.3778 -12.6698 -11.9657 -7.5518 8.92667 -0.538768 -0.231299 10.3833
77.72 10.3286 -12.5653 -10.3778 -12.6697 -11.9656 -7.55166 8.92659 -0.538728 -0.231234 10.3833
77.82 10.3286 -12.5656 -10.3777 -12.6696 -11.9656 -7.55154 8.9265 -0.538685 -0.231173 10.3834
77.92 10.3286 -12.5658 -10.3777 -12.6696 -11.9656 -7.55142 8.92641 -0.53864 -0.231118 10.3835
78.02 10.3286 -12.566 -10.3776 -12.6695 -11.9655 -7.55132 8.92633 -0.538594 -0.231069 10.3835
78.12 10.3286 -12.5661 -10.3776 -12.6695 -11.9655 -7.55124 8.92625 -0.538547 -0.231029 10.3836
78.22 10.3286 -12.5661 -10.3777 -12.6695 -11.9654 -7.55117 8.92617 -0.5385 -0.230998 10.3836
78.32 10.3287 -12.5662 -10.3777 -12.6695 -11.9653 -7.55111 8.92611 -0.538454 -0.230976 10.3836
78.42 10.3287 -12.5661 -10.3778 -12.6695 -11.9653 -7.55108 8.92605 -0.538409 -0.230964 10.3836
78.52 10.3287 -12.566 -10.3779 -12.6696 -11.9652 -7.55106 8.926 -0.538366 -0.230962 10.3836
78.62 10.3287 -12.5659 -10.378 -12.6696 -11.9652 -7.55106 8.92596 -0.538326 -0.23097 10.3836
78.72 10.3288 -12.5657 -10.3781 -12.6697 -11.9651 -7.55108 8.92593 -0.538288 -0.230987 10.3836
78.82 10.3288 -12.5655 -10.3782 -12.6697 -11.9651 -7.55111 8.92591 -0.538254 -0.231012 10.3836
78.92 10.3289 -12.5653 -10.3784 -12.6698 -11.965 -7.55117 8.9259 -0.538222 -0.23104 10.3836
79.02 10.3289 -12.5652 -10.3786 -12.6698 -11.965 -7.55125 8.9259 -0.538193 -0.231069 10.3835
79.12 10.329 -12.565 -10.3788 -12.6699 -11.965 -7.55135 8.9259 -0.538165 -0.231096 10.3835
79.22 10.329 -12.5649 -10.3789 -12.6699 -11.9651 -7.55146 8.9259 -0.53814 -0.23112 10.3835
79.32 10.3291 -12.5648 -10.3791 -12.6699 -11.9651 -7.55158 8.92591 -0.538116 -0.231141 10.3835
79.42 10.3292 -12.5648 -10.3792 -12.6699 -11.9652 -7.55172 8.92592 -0.538093 -0.231157 10.3834
79.52 10.3292 -12.5647 -10.3794 -12.6699 -11.9652 -7.55187 8.92592 -0.538071 -0.23117 10.3834
79.62 10.3293 -12.5647 -10.3795 -12.6699 -11.9653 -7.55203 8.92593 -0.538049 -0.231179 10.3834
79.72 10.3294 -12.5646 -10.3796 -12.6699 -11.9654 -7.55219 8.92594 -0.538029 -0.231185 10.3834
79.82 10.3295 -12.5646 -10.3797 -12.6699 -11.9655 -7.55237 8.92594 -0.538008 -0.231186 10.3834
79.92 10.3296 -12.5646 -10.3798 -12.6699 -11.9656 -7.55254 8.92594 -0.537987 -0.231185 10.3834
80.02 10.3297 -12.5646 -10.3799 -12.6699 -11.9656 -7.55272 8.92594 -0.537967 -0.231182 10.3834
80.12 10.3298 -12.5646 -10.38 -12.6699 -11.9657 -7.55291 8.92594 -0.537946 -0.231175 10.3834
80.22 10.3299 -12.5646 -10.3801 -12.6698 -11.9659 -7.5531 8.92594 -0.537925 -0.231166 10.3834
80.32 10.33 -12.5647 -10.3802 -12.6698 -11.966 -7.5533 8.92593 -0.537904 -0.231155 10.3834
80.42 10.3301 -12.5647 -10.3803 -12.6698 -11.9661 -7.55351 8.92592 -0.537882 -0.23114 10.3834
80.52 10.3302 -12.5648 -10.3804 -12.6697 -11.9662 -7.55373 8.92591 -0.537859 -0.231123 10.3835
80.62 10.3303 -12.5649 -10.3806 -12.6697 -11.9664 -7.55398 8.92589 -0.537835 -0.231101 10.3835
80.72 10.3305 -12.565 -10.3807 -12.6696 -11.9666 -7.55425 8.92587 -0.537809 -0.231075 10.3835
80.82 10.3306 -12.5651 -10.381 -12.6695 -11.9667 -7.55455 8.92584 -0.537782 -0.231044 10.3835
80.92 10.3308 -12.5653 -10.3812 -12.6695 -11.967 -7.55489 8.92581 -0.537752 -0.231006 10.3836
81.02 10.331 -12.5655 -10.3815 -12.6694 -11.9672 -7.55525 8.92576 -0.537719 -0.230962 10.3836
81.12 10.3312 -12.5657 -10.3817 -12.6693 -11.9675 -7.55565 8.92571 -0.537683 -0.23091 10.3837
81.22 10.3314 -12.566 -10.382 -12.6691 -11.9678 -7.55609 8.92565 -0.537644 -0.230849 10.3838
81.32 10.3317 -12.5663 -10.3823 -12.669 -11.9681 -7.55655 8.92559 -0.5376 -0.230781 10.3838
81.42 10.332 -12.5666 -10.3825 -12.6689 -11.9684 -7.55704 8.92551 -0.537552 -0.230705 10.3839
81.52 10.3322 -12.567 -10.3828 -12.6687 -11.9688 -7.55755 8.92542 -0.537499 -0.230622 10.384
81.62 10.3325 -12.5673 -10.383 -12.6685 -11.9691 -7.55806 8.92532 -0.537441 -0.230533 10.3841
81.72 10.3328 -12.5677 -10.3831 -12.6684 -11.9695 -7.55858 8.92521 -0.537378 -0.23044 10.3842
81.82 10.3331 -12.5681 -10.3832 -12.6682 -11.9698 -7.55909 8.9251 -0.53731 -0.230342 10.3843
81.92 10.3334 -12.5685 -10.3832 -12.6681 -11.9702 -7.55959 8.92497 -0.537237 -0.230243 10.3844
82.02 10.3337 -12.5688 -10.3833 -12.6679 -11.9705 -7.56008 8.92484 -0.53716 -0.230143 10.3845
82.12 10.334 -12.5692 -10.3832 -12.6678 -11.9708 -7.56055 8.92471 -0.537078 -0.230043 10.3846
82.22 10.3343 -12.5696 -10.3831 -12.6676 -11.9711 -7.56099 8.92457 -0.536992 -0.229945 10.3847
82.32 10.3346 -12.57 -10.383 -12.6675 -11.9714 -7.56141 8.92443 -0.536903 -0.229849 10.3848
82.42 10.3349 -12.5703 -10.3829 -12.6674 -11.9716 -7.5618 8.92429 -0.53681 -0.229758 10.3849
82.52 10.3352 -12.5706 -10.3827 -12.6673 -11.9719 -7.56216 8.92415 -0.536715 -0.229671 10.385
82.62 10.3355 -12.5709 -10.3826 -12.6672 -11.9721 -7.56248 8.924 -0.536617 -0.229589 10.3851
82.72 10.3357 -12.5712 -10.3824 -12.6671 -11.9722 -7.56278 8.92387 -0.536517 -0.229513 10.3852
82.82 10.336 -12.5715 -10.3822 -12.667 -11.9724 -7.56304 8.92373 -0.536415 -0.229442 10.3853
82.92 10.3362 -12.5717 -10.382 -12.6669 -11.9725 -7.56327 8.9236 -0.536312 -0.229379 10.3853
83.02 10.3364 -12.572 -10.3818 -12.6669 -11.9726 -7.56347 8.92347 -0.536209 -0.229322 10.3854
83.12 10.3366 -12.5722 -10.3815 -12.6668 -11.9727 -7.56363 8.92335 -0.536106 -0.229272 10.3854
83.22 10.3368 -12.5723 -10.3813 -12.6668 -11.9728 -7.56377 8.92324 -0.536003 -0.229228 10.3855
83.32 10.337 -12.5725 -10.3811 -12.6668 -11.9728 -7.56387 8.92314 -0.535901 -0.229192 10.3855
83.42 10.3372 -12.5726 -10.3809 -12.6667 -11.9728 -7.56394 8.92304 -0.5358 -0.229163 10.3856
83.52 10.3373 -12.5727 -10.3807 -12.6667 -11.9728 -7.56398 8.92295 -0.5357 -0.22914 10.3856
83.62 10.3375 -12.5728 -10.3805 -12.6667 -11.9728 -7.564 8.92287 -0.535603 -0.229124 10.3856
83.72 10.3376 -12.5728 -10.3803 -12.6668 -11.9727 -7.564 8.9228 -0.535507 -0.229114 10.3856
83.82 10.3377 -12.5728 -10.3801 -12.6668 -11.9727 -7.56398 8.92273 -0.535414 -0.22911 10.3856
83.92 10.3378 -12.5729 -10.3799 -12.6668 -11.9726 -7.56393 8.92268 -0.535324 -0.229111 10.3856
84.02 10.3379 -12.5729 -10.3798 -12.6668 -11.9725 -7.56388 8.92263 -0.535236 -0.229116 10.3856
84.12 10.338 -12.5728 -10.3797 -12.6668 -11.9725 -7.56381 8.92259 -0.535151 -0.229126 10.3856
84.22 10.3381 -12.5728 -10.3796 -12.6669 -11.9724 -7.56373 8.92256 -0.53507 -0.22914 10.3856
84.32 10.3381 -12.5728 -10.3795 -12.6669 -11.9723 -7.56365 8.92254 -0.534992 -0.229156 10.3856
84.42 10.3382 -12.5727 -10.3794 -12.667 -11.9722 -7.56355 8.92252 -0.534916 -0.229175 10.3856
84.52 10.3383 -12.5727 -10.3793 -12.667 -11.9721 -7.56345 8.92251 -0.534845 -0.229196 10.3855
84.62 10.3383 -12.5726 -10.3793 -12.667 -11.972 -7.56335 8.9225 -0.534776 -0.22922 10.3855
84.72 10.3383 -12.5725 -10.3792 -12.6671 -11.9719 -7.56323 8.92251 -0.534711 -0.229245 10.3855
84.82 10.3384 -12.5724 -10.3792 -12.6671 -11.9718 -7.56312 8.92251 -0.534649 -0.229272 10.3855
84.92 10.3384 -12.5723 -10.3791 -12.6672 -11.9717 -7.563 8.92252 -0.534591 -0.2293 10.3854
85.02 10.3384 -12.5722 -10.3791 -12.6672 -11.9715 -7.56287 8.92254 -0.534536 -0.229329 10.3854
85.12 10.3384 -12.5721 -10.3791 -12.6673 -11.9714 -7.56275 8.92256 -0.534484 -0.229359 10.3854
85.22 10.3385 -12.572 -10.3791 -12.6673 -11.9713 -7.56263 8.92258 -0.534435 -0.229389 10.3853
85.32 10.3385 -12.5719 -10.3791 -12.6674 -11.9712 -7.56252 8.92261 -0.53439 -0.22942 10.3853
85.42 10.3385 -12.5718 -10.3791 -12.6674 -11.9711 -7.56241 8.92264 -0.534347 -0.22945 10.3853
85.52 10.3385 -12.5717 -10.3791 -12.6674 -11.971 -7.5623 8.92267 -0.534307 -0.22948 10.3852
85.62 10.3385 -12.5716 -10.3791 -12.6675 -11.9709 -7.56219 8.92271 -0.53427 -0.229509 10.3852
85.72 10.3385 -12.5715 -10.3791 -12.6675 -11.9709 -7.56208 8.92274 -0.534236 -0.229538 10.3852
85.82 10.3385 -12.5714 -10.3791 -12.6676 -11.9708 -7.56197 8.92278 -0.534204 -0.229567 10.3851
85.92 10.3385 -12.5713 -10.3791 -12.6676 -11.9707 -7.56186 8.92282 -0.534176 -0.229596 10.3851
86.02 10.3385 -12.5712 -10.379 -12.6677 -11.9706 -7.56173 8.92286 -0.534149 -0.229625 10.3851
86.12 10.3385 -12.571 -10.379 -12.6677 -11.9704 -7.56158 8.9229 -0.534126 -0.229656 10.3851
86.22 10.3384 -12.5709 -10.3788 -12.6678 -11.9703 -7.56142 8.92295 -0.534106 -0.22969 10.385
86.32 10.3384 -12.5707 -10.3787 -12.6679 -11.9702 -7.56122 8.923 -0.534089 -0.229727 10.385
86.42 10.3383 -12.5705 -10.3785 -12.6679 -11.97 -7.561 8.92305 -0.534075 -0.229768 10.3849
86.52 10.3382 -12.5703 -10.3783 -12.668 -11.9698 -7.56075 8.92311 -0.534065 -0.229815 10.3849
86.62 10.3381 -12.57 -10.3781 -12.6681 -11.9696 -7.56047 8.92318 -0.53406 -0.229867 10.3848
86.72 10.338 -12.5698 -10.3779 -12.6682 -11.9694 -7.56017 8.92325 -0.534059 -0.229925 10.3848
86.82 10.3378 -12.5695 -10.3776 -12.6684 -11.9691 -7.55983 8.92333 -0.534063 -0.229989 10.3847
86.92 10.3377 -12.5692 -10.3774 -12.6685 -11.9689 -7.55947 8.92341 -0.534072 -0.230059 10.3846
87.02 10.3375 -12.569 -10.3773 -12.6686 -11.9686 -7.5591 8.9235 -0.534085 -0.230129 10.3845
87.12 10.3373 -12.5689 -10.3771 -12.6686 -11.9684 -7.55871 8.92359 -0.534101 -0.230191 10.3845
87.22 10.3372 -12.5689 -10.377 -12.6686 -11.9682 -7.55832 8.92367 -0.534118 -0.230242 10.3844
87.32 10.337 -12.569 -10.3769 -12.6686 -11.968 -7.55792 8.92375 -0.534136 -0.230277 10.3844
87.42 10.3368 -12.5692 -10.3767 -12.6686 -11.9678 -7.5575 8.92382 -0.534153 -0.230298 10.3844
87.52 10.3366 -12.5694 -10.3766 -12.6686 -11.9677 -7.55708 8.92387 -0.534168 -0.230303 10.3844
87.62 10.3364 -12.5697 -10.3764 -12.6685 -11.9675 -7.55665 8.92392 -0.534181 -0.230292 10.3844
87.72 10.3362 -12.5701 -10.3762 -12.6684 -11.9674 -7.5562 8.92394 -0.53419 -0.230266 10.3844
87.82 10.336 -12.5706 -10.376 -12.6682 -11.9672 -7.55573 8.92395 -0.534195 -0.230224 10.3844
87.92 10.3358 -12.5711 -10.3758 -12.6681 -11.9671 -7.55525 8.92395 -0.534195 -0.230167 10.3845
88.02 10.3355 -12.5717 -10.3755 -12.6679 -11.967 -7.55476 8.92392 -0.534189 -0.230095 10.3846
88.12 10.3353 -12.5724 -10.3752 -12.6677 -11.9668 -7.55424 8.92388 -0.534176 -0.230008 10.3847
88.22 10.3351 -12.5731 -10.3749 -12.6675 -11.9667 -7.55371 8.92381 -0.534156 -0.229906 10.3848
88.32 10.3349 -12.5739 -10.3746 -12.6673 -11.9666 -7.55316 8.92373 -0.534127 -0.22979 10.3849
88.42 10.3347 -12.5748 -10.3742 -12.667 -11.9665 -7.55259 8.92362 -0.53409 -0.229661 10.385
88.52 10.3345 -12.5757 -10.3738 -12.6668 -11.9663 -7.55201 8.9235 -0.534043 -0.22952 10.3852
88.62 10.3343 -12.5766 -10.3735 -12.6665 -11.9662 -7.55142 8.92336 -0.533987 -0.229367 10.3853
88.72 10.3341 -12.5776 -10.3731 -12.6662 -11.966 -7.55081 8.92319 -0.533921 -0.229206 10.3855
88.82 10.3339 -12.5786 -10.3727 -12.666 -11.9659 -7.5502 8.92301 -0.533846 -0.229037 10.3857
88.92 10.3337 -12.5796 -10.3724 -12.6657 -11.9657 -7.54958 8.92282 -0.53376 -0.228861 10.3859
89.02 10.3335 -12.5807 -10.372 -12.6654 -11.9656 -7.54896 8.9226 -0.533665 -0.228682 10.3861
89.12 10.3333 -12.5817 -10.3717 -12.6651 -11.9654 -7.54834 8.92238 -0.53356 -0.228499 10.3863
89.22 10.3331 -12.5827 -10.3713 -12.6648 -11.9652 -7.54771 8.92214 -0.533446 -0.228315 10.3864
89.32 10.3329 -12.5837 -10.371 -12.6645 -11.965 -7.54708 8.92189 -0.533323 -0.228131 10.3866
89.42 10.3328 -12.5847 -10.3706 -12.6643 -11.9648 -7.54645 8.92164 -0.533191 -0.227945 10.3868
89.52 10.3326 -12.5858 -10.3703 -12.664 -11.9646 -7.54581 8.92137 -0.53305 -0.227758 10.387
89.62 10.3325 -12.5868 -10.3699 -12.6637 -11.9644 -7.54517 8.9211 -0.5329 -0.22757 10.3872
89.72 10.3323 -12.5879 -10.3695 -12.6634 -11.9642 -7.5445 8.92081 -0.532741 -0.227379 10.3875
89.82 10.3321 -12.5891 -10.3691 -12.663 -11.964 -7.54382 8.92052 -0.532572 -0.227182 10.3877
89.92 10.332 -12.5903 -10.3687 -12.6627 -11.9638 -7.54312 8.92022 -0.532394 -0.226978 10.3879
90.02 10.3318 -12.5916 -10.3682 -12.6623 -11.9636 -7.54239 8.9199 -0.532205 -0.226765 10.3881
90.12 10.3317 -12.593 -10.3677 -12.662 -11.9634 -7.54163 8.91957 -0.532005 -0.226541 10.3883
90.22 10.3315 -12.5944 -10.3671 -12.6616 -11.9632 -7.54084 8.91923 -0.531794 -0.226305 10.3886
90.32 10.3313 -12.5959 -10.3666 -12.6611 -11.9629 -7.54004 8.91887 -0.53157 -0.226057 10.3889
90.42 10.3312 -12.5975 -10.366 -12.6607 -11.9627 -7.5392 8.91849 -0.531333 -0.225797 10.3891
90.52 10.331 -12.5991 -10.3654 -12.6603 -11.9624 -7.53836 8.9181 -0.531084 -0.225528 10.3894
90.62 10.3309 -12.6007 -10.3648 -12.6598 -11.9622 -7.53749 8.91769 -0.530822 -0.225249 10.3897
90.72 10.3307 -12.6023 -10.3643 -12.6594 -11.9619 -7.53662 8.91727 -0.530548 -0.224965 10.39
90.82 10.3306 -12.6039 -10.3637 -12.6589 -11.9616 -7.53575 8.91684 -0.530261 -0.224677 10.3903
90.92 10.3304 -12.6055 -10.3632 -12.6585 -11.9613 -7.53487 8.9164 -0.529962 -0.224388 10.3906
91.02 10.3303 -12.607 -10.3627 -12.6581 -11.961 -7.53399 8.91595 -0.529652 -0.224099 10.391
91.12 10.3302 -12.6085 -10.3622 -12.6576 -11.9607 -7.53312 8.91549 -0.529331 -0.223814 10.3913
91.22 10.3301 -12.61 -10.3618 -12.6572 -11.9604 -7.53226 8.91503 -0.529 -0.223534 10.3916
91.32 10.33 -12.6114 -10.3613 -12.6569 -11.9601 -7.53141 8.91457 -0.52866 -0.223261 10.3919
91.42 10.3299 -12.6128 -10.3609 -12.6565 -11.9597 -7.53057 8.91411 -0.528313 -0.222996 10.3921
91.52 10.3299 -12.6141 -10.3605 -12.6561 -11.9593 -7.52974 8.91365 -0.527957 -0.222739 10.3924
91.62 10.3298 -12.6153 -10.3602 -12.6558 -11.959 -7.52893 8.91319 -0.527595 -0.222493 10.3927
91.72 10.3298 -12.6165 -10.3598 -12.6555 -11.9586 -7.52813 8.91274 -0.527228 -0.222255 10.3929
91.82 10.3297 -12.6177 -10.3595 -12.6552 -11.9582 -7.52734 8.9123 -0.526855 -0.222028 10.3932
91.92 10.3297 -12.6188 -10.3592 -12.6549 -11.9578 -7.52656 8.91187 -0.526478 -0.22181 10.3934
92.02 10.3296 -12.6199 -10.3589 -12.6546 -11.9575 -7.5258 8.91144 -0.526097 -0.221602 10.3936
92.12 10.3296 -12.6209 -10.3586 -12.6544 -11.9571 -7.52506 8.91102 -0.525713 -0.221402 10.3939
92.22 10.3296 -12.6219 -10.3583 -12.6541 -11.9567 -7.52432 8.91062 -0.525327 -0.221211 10.3941
92.32 10.3296 -12.6228 -10.358 -12.6539 -11.9563 -7.5236 8.91022 -0.524938 -0.221027 10.3943
92.42 10.3296 -12.6238 -10.3578 -12.6536 -11.9559 -7.52289 8.90983 -0.524548 -0.220851 10.3945
92.52 10.3296 -12.6247 -10.3575 -12.6534 -11.9555 -7.52219 8.90946 -0.524156 -0.220682 10.3946
92.62 10.3296 -12.6255 -10.3573 -12.6532 -11.9551 -7.52151 8.90909 -0.523764 -0.220518 10.3948
92.72 10.3296 -12.6264 -10.357 -12.653 -11.9547 -7.52083 8.90874 -0.523371 -0.220361 10.395
92.82 10.3296 -12.6272 -10.3568 -12.6527 -11.9543 -7.52016 8.90839 -0.522978 -0.220208 10.3952
92.92 10.3296 -12.628 -10.3565 -12.6525 -11.9539 -7.5195 8.90805 -0.522585 -0.220059 10.3953
93.02 10.3296 -12.6288 -10.3563 -12.6523 -11.9536 -7.51885 8.90772 -0.522192 -0.219913 10.3955
93.12 10.3296 -12.6296 -10.3561 -12.6521 -11.9532 -7.5182 8.9074 -0.521799 -0.21977 10.3956
93.22 10.3297 -12.6304 -10.3558 -12.6519 -11.9528 -7.51756 8.90708 -0.521407 -0.21963 10.3958
93.32 10.3297 -12.6312 -10.3556 -12.6517 -11.9524 -7.51692 8.90677 -0.521015 -0.21949 10.3959
93.42 10.3297 -12.632 -10.3553 -12.6515 -11.9521 -7.51628 8.90647 -0.520623 -0.219351 10.3961
93.52 10.3297 -12.6328 -10.3551 -12.6513 -11.9517 -7.51565 8.90617 -0.520231 -0.219212 10.3962
93.62 10.3297 -12.6336 -10.3548 -12.6511 -11.9513 -7.51503 8.90588 -0.51984 -0.219074 10.3964
93.72 10.3297 -12.6344 -10.3546 -12.6509 -11.951 -7.51441 8.90559 -0.519449 -0.218936 10.3965
93.82 10.3298 -12.6351 -10.3543 -12.6507 -11.9506 -7.5138 8.9053 -0.519059 -0.2188 10.3967
93.92 10.3298 -12.6359 -10.3541 -12.6505 -11.9502 -7.5132 8.90502 -0.518669 -0.218665 10.3968
94.02 10.3298 -12.6366 -10.3539 -12.6503 -11.9499 -7.51261 8.90475 -0.518281 -0.218535 10.397
94.12 10.3298 -12.6372 -10.3537 -12.6502 -11.9495 -7.51205 8.90448 -0.517895 -0.21841 10.3971
94.22 10.3299 -12.6378 -10.3536 -12.65 -11.9492 -7.51152 8.90422 -0.517511 -0.218293 10.3972
94.32 10.3299 -12.6382 -10.3535 -12.6499 -11.9488 -7.51101 8.90397 -0.51713 -0.218186 10.3973
94.42 10.33 -12.6386 -10.3535 -12.6498 -11.9484 -7.51053 8.90373 -0.516753 -0.218091 10.3974
94.52 10.3301 -12.639 -10.3534 -12.6498 -11.9481 -7.51009 8.9035 -0.516382 -0.218009 10.3975
94.62 10.3302 -12.6392 -10.3535 -12.6497 -11.9477 -7.50968 8.9033 -0.516016 -0.217942 10.3976
94.72 10.3302 -12.6393 -10.3535 -12.6497 -11.9474 -7.50931 8.90311 -0.515658 -0.217892 10.3977
94.82 10.3303 -12.6393 -10.3536 -12.6497 -11.947 -7.50899 8.90293 -0.515308 -0.217859 10.3977
94.92 10.3304 -12.6392 -10.3537 -12.6498 -11.9467 -7.5087 8.90278 -0.514967 -0.217843 10.3977
95.02 10.3305 -12.639 -10.3539 -12.6499 -11.9463 -7.50845 8.90266 -0.514636 -0.217845 10.3977
95.12 10.3307 -12.6388 -10.3541 -12.65 -11.946 -7.50824 8.90255 -0.514316 -0.217866 10.3977
95.22 10.3308 -12.6384 -10.3543 -12.6501 -11.9457 -7.50808 8.90247 -0.514007 -0.217904 10.3977
95.32 10.3309 -12.638 -10.3546 -12.6502 -11.9454 -7.50795 8.90241 -0.513711 -0.217959 10.3976
95.42 10.331 -12.6374 -10.3548 -12.6504 -11.9451 -7.50787 8.90238 -0.513429 -0.21803 10.3975
95.52 10.3312 -12.6368 -10.3551 -12.6506 -11.9448 -7.50782 8.90238 -0.51316 -0.218118 10.3974
95.62 10.3313 -12.6361 -10.3555 -12.6508 -11.9445 -7.50781 8.9024 -0.512905 -0.218221 10.3973
95.72 10.3315 -12.6354 -10.3558 -12.651 -11.9442 -7.50784 8.90244 -0.512666 -0.218339 10.3972
95.82 10.3316 -12.6345 -10.3562 -12.6513 -11.944 -7.50791 8.90251 -0.512442 -0.218471 10.3971
95.92 10.3317 -12.6336 -10.3566 -12.6516 -11.9438 -7.50802 8.90261 -0.512234 -0.218617 10.3969
96.02 10.3319 -12.6327 -10.357 -12.6519 -11.9435 -7.50817 8.90273 -0.512043 -0.218777 10.3968
96.12 10.332 -12.6316 -10.3574 -12.6522 -11.9433 -7.50836 8.90287 -0.511868 -0.21895 10.3966
96.22 10.3322 -12.6305 -10.3579 -12.6525 -11.9431 -7.50859 8.90304 -0.511711 -0.219137 10.3964
96.32 10.3324 -12.6292 -10.3583 -12.6529 -11.943 -7.50886 8.90324 -0.511572 -0.219337 10.3962
96.42 10.3325 -12.628 -10.3589 -12.6532 -11.9428 -7.50918 8.90346 -0.511452 -0.219551 10.3959
96.52 10.3327 -12.6266 -10.3594 -12.6536 -11.9427 -7.50954 8.90371 -0.51135 -0.219779 10.3957
96.62 10.3328 -12.6251 -10.36 -12.6541 -11.9426 -7.50994 8.90398 -0.511268 -0.220021 10.3954
96.72 10.333 -12.6236 -10.3606 -12.6545 -11.9425 -7.51038 8.90427 -0.511205 -0.220277 10.3952
96.82 10.3331 -12.622 -10.3612 -12.6549 -11.9424 -7.51087 8.90459 -0.511163 -0.220546 10.3949
96.92 10.3333 -12.6204 -10.3618 -12.6554 -11.9423 -7.51139 8.90494 -0.511141 -0.220827 10.3946
97.02 10.3335 -12.6187 -10.3624 -12.6559 -11.9423 -7.51195 8.9053 -0.511139 -0.22112 10.3943
97.12 10.3336 -12.617 -10.363 -12.6564 -11.9422 -7.51253 8.9057 -0.511158 -0.221422 10.3939
97.22 10.3338 -12.6153 -10.3636 -12.6569 -11.9422 -7.51314 8.90611 -0.511197 -0.22173 10.3936
97.32 10.3339 -12.6136 -10.3642 -12.6573 -11.9423 -7.51376 8.90653 -0.511256 -0.222043 10.3933
97.42 10.334 -12.6119 -10.3648 -12.6578 -11.9423 -7.5144 8.90698 -0.511333 -0.222356 10.3929
97.52 10.3341 -12.6103 -10.3653 -12.6583 -11.9424 -7.51503 8.90743 -0.511428 -0.222667 10.3926
97.62 10.3342 -12.6088 -10.3658 -12.6587 -11.9425 -7.51566 8.9079 -0.51154 -0.222969 10.3923
97.72 10.3343 -12.6073 -10.3662 -12.6591 -11.9426 -7.51627 8.90836 -0.511667 -0.223261 10.392
97.82 10.3344 -12.606 -10.3665 -12.6594 -11.9427 -7.51686 8.90883 -0.511808 -0.223538 10.3917
97.92 10.3344 -12.6048 -10.3668 -12.6597 -11.9429 -7.51742 8.90928 -0.51196 -0.223797 10.3914
98.02 10.3344 -12.6038 -10.3671 -12.66 -11.9431 -7.51795 8.90973 -0.512121 -0.224034 10.3911
98.12 10.3345 -12.6029 -10.3672 -12.6602 -11.9433 -7.51844 8.91016 -0.512291 -0.224248 10.3909
98.22 10.3344 -12.6022 -10.3673 -12.6604 -11.9435 -7.51889 8.91058 -0.512466 -0.224436 10.3907
98.32 10.3344 -12.6016 -10.3674 -12.6605 -11.9437 -7.5193 8.91097 -0.512645 -0.224598 10.3905
98.42 10.3344 -12.6011 -10.3674 -12.6606 -11.9439 -7.51967 8.91134 -0.512827 -0.224732 10.3904
98.52 10.3343 -12.6008 -10.3673 -12.6607 -11.9442 -7.52 8.91168 -0.513008 -0.224839 10.3903
98.62 10.3343 -12.6006 -10.3673 -12.6607 -11.9444 -7.52027 8.91199 -0.513189 -0.224919 10.3902
98.72 10.3342 -12.6006 -10.3671 -12.6606 -11.9447 -7.52051 8.91227 -0.513366 -0.224971 10.3901
98.82 10.3341 -12.6007 -10.3669 -12.6606 -11.9449 -7.5207 8.91251 -0.513538 -0.224997 10.3901
98.92 10.334 -12.6009 -10.3667 -12.6605 -11.9452 -7.52084 8.91272 -0.513705 -0.224998 10.3901
99.02 10.3339 -12.6013 -10.3665 -12.6604 -11.9454 -7.52094 8.9129 -0.513864 -0.224975 10.3901
99.12 10.3337 -12.6017 -10.3662 -12.6602 -11.9457 -7.52099 8.91304 -0.514015 -0.224928 10.3901
99.22 10.3336 -12.6023 -10.3659 -12.66 -11.9459 -7.521 8.91315 -0.514157 -0.22486 10.3902
99.32 10.3335 -12.6029 -10.3655 -12.6598 -11.9461 -7.52097 8.91322 -0.514288 -0.22477 10.3903
99.42 10.3334 -12.6037 -10.3652 -12.6596 -11.9463 -7.52089 8.91326 -0.514407 -0.224661 10.3904
99.52 10.3332 -12.6045 -10.3648 -12.6593 -11.9465 -7.52078 8.91326 -0.514514 -0.224533 10.3905
99.62 10.3331 -12.6054 -10.3644 -12.659 -11.9467 -7.52062 8.91323 -0.514608 -0.224387 10.3907
99.72 10.3329 -12.6064 -10.3639 -12.6587 -11.9469 -7.52042 8.91316 -0.514688 -0.224225 10.3909
99.82 10.3328 -12.6075 -10.3635 -12.6584 -11.947 -7.52017 8.91307 -0.514753 -0.224046 10.391
99.92 10.3326 -12.6087 -10.363 -12.658 -11.9472 -7.51989 8.91294 -0.514804 -0.223852 10.3912
100.02 10.3325 -12.6099 -10.3624 -12.6576 -11.9473 -7.51957 8.91278 -0.514839 -0.223643 10.3915
100.12 10.3323 -12.6113 -10.3619 -12.6572 -11.9474 -7.5192 8.91259 -0.514857 -0.223419 10.3917
100.22 10.3322 -12.6127 -10.3613 -12.6568 -11.9475 -7.51878 8.91237 -0.514859 -0.223179 10.392
100.32 10.332 -12.6142 -10.3607 -12.6564 -11.9476 -7.51832 8.91212 -0.514842 -0.222925 10.3922
100.42 10.3318 -12.6158 -10.3601 -12.6559 -11.9477 -7.51781 8.91183 -0.514808 -0.222655 10.3925
100.52 10.3317 -12.6176 -10.3594 -12.6554 -11.9477 -7.51725 8.91152 -0.514755 -0.222368 10.3928
100.62 10.3315 -12.6194 -10.3587 -12.6549 -11.9477 -7.51664 8.91118 -0.514681 -0.222064 10.3931
100.72 10.3313 -12.6213 -10.3579 -12.6543 -11.9478 -7.51597 8.9108 -0.514587 -0.221741 10.3935
100.82 10.3311 -12.6234 -10.3572 -12.6537 -11.9478 -7.51524 8.91039 -0.514472 -0.2214 10.3938
100.92 10.331 -12.6255 -10.3563 -12.6531 -11.9477 -7.51446 8.90995 -0.514334 -0.221039 10.3942
101.02 10.3308 -12.6278 -10.3555 -12.6525 -11.9477 -7.51362 8.90948 -0.514174 -0.220658 10.3946
101.12 10.3306 -12.6302 -10.3546 -12.6518 -11.9476 -7.51274 8.90897 -0.513989 -0.220259 10.3951
101.22 10.3304 -12.6326 -10.3537 -12.6511 -11.9476 -7.5118 8.90843 -0.513781 -0.219842 10.3955
101.32 10.3302 -12.6351 -10.3527 -12.6504 -11.9474 -7.51083 8.90786 -0.513548 -0.21941 10.396
101.42 10.3301 -12.6376 -10.3519 -12.6497 -11.9473 -7.50982 8.90726 -0.513291 -0.218965 10.3964
101.52 10.3299 -12.64 -10.351 -12.649 -11.9471 -7.50879 8.90664 -0.513011 -0.218514 10.3969
101.62 10.3297 -12.6425 -10.3502 -12.6483 -11.9469 -7.50776 8.90599 -0.512708 -0.218059 10.3974
101.72 10.3296 -12.6449 -10.3494 -12.6477 -11.9467 -7.50671 8.90532 -0.512384 -0.217607 10.3979
101.82 10.3295 -12.6472 -10.3487 -12.647 -11.9465 -7.50568 8.90465 -0.512039 -0.217161 10.3984
101.92 10.3294 -12.6494 -10.348 -12.6464 -11.9462 -7.50465 8.90396 -0.511676 -0.216727 10.3988
102.02 10.3293 -12.6514 -10.3474 -12.6459 -11.9459 -7.50364 8.90327 -0.511296 -0.216307 10.3993
102.12 10.3293 -12.6534 -10.3468 -12.6454 -11.9455 -7.50265 8.90258 -0.5109 -0.215905 10.3997
102.22 10.3292 -12.6553 -10.3463 -12.6449 -11.9452 -7.50168 8.9019 -0.510492 -0.215522 10.4001
102.32 10.3292 -12.657 -10.3458 -12.6444 -11.9448 -7.50073 8.90123 -0.510072 -0.215161 10.4005
102.42 10.3292 -12.6586 -10.3454 -12.644 -11.9444 -7.49981 8.90057 -0.509642 -0.214822 10.4009
102.52 10.3292 -12.6601 -10.345 -12.6436 -11.944 -7.49892 8.89993 -0.509203 -0.214505 10.4012
102.62 10.3292 -12.6615 -10.3447 -12.6433 -11.9436 -7.49806 8.89931 -0.508759 -0.21421 10.4016
102.72 10.3292 -12.6628 -10.3444 -12.6429 -11.9431 -7.49722 8.8987 -0.508308 -0.213937 10.4019
102.82 10.3293 -12.664 -10.3441 -12.6426 -11.9427 -7.49641 8.89812 -0.507854 -0.213685 10.4021
102.92 10.3293 -12.6651 -10.3438 -12.6424 -11.9423 -7.49562 8.89756 -0.507398 -0.213453 10.4024
103.02 10.3294 -12.6661 -10.3436 -12.6421 -11.9418 -7.49486 8.89703 -0.50694 -0.213239 10.4026
103.12 10.3295 -12.6671 -10.3434 -12.6419 -11.9414 -7.49413 8.89652 -0.506481 -0.213043 10.4028
103.22 10.3296 -12.668 -10.3432 -12.6417 -11.9409 -7.49342 8.89603 -0.506022 -0.212863 10.403
103.32 10.3296 -12.6688 -10.343 -12.6415 -11.9405 -7.49274 8.89557 -0.505566 -0.212699 10.4032
103.42 10.3297 -12.6695 -10.3429 -12.6413 -11.94 -7.49208 8.89513 -0.505111 -0.21255 10.4034
103.52 10.3298 -12.6701 -10.3427 -12.6412 -11.9396 -7.49145 8.89472 -0.504659 -0.212415 10.4035
103.62 10.3299 -12.6707 -10.3426 -12.6411 -11.9391 -7.49085 8.89433 -0.504211 -0.212293 10.4037
103.72 10.33 -12.6713 -10.3425 -12.641 -11.9387 -7.49027 8.89396 -0.503768 -0.212185 10.4038
103.82 10.3301 -12.6717 -10.3425 -12.6409 -11.9383 -7.48972 8.89362 -0.503329 -0.212088 10.4039
103.92 10.3303 -12.6721 -10.3424 -12.6408 -11.9378 -7.48919 8.8933 -0.502896 -0.212004 10.404
104.02 10.3304 -12.6725 -10.3424 -12.6407 -11.9374 -7.4887 8.893 -0.50247 -0.211931 10.4041
104.12 10.3305 -12.6728 -10.3423 -12.6407 -11.937 -7.48822 8.89273 -0.50205 -0.211869 10.4041
104.22 10.3306 -12.673 -10.3423 -12.6406 -11.9366 -7.48778 8.89247 -0.501638 -0.211817 10.4042
104.32 10.3307 -12.6732 -10.3423 -12.6406 -11.9362 -7.48735 8.89224 -0.501234 -0.211776 10.4042
104.42 10.3309 -12.6733 -10.3424 -12.6406 -11.9358 -7.48696 8.89203 -0.500838 -0.211744 10.4043
104.52 10.331 -12.6734 -10.3424 -12.6406 -11.9354 -7.48659 8.89184 -0.500451 -0.211723 10.4043
104.62 10.3311 -12.6734 -10.3425 -12.6406 -11.9351 -7.48625 8.89167 -0.500072 -0.21171 10.4043
104.72 10.3312 -12.6734 -10.3426 -12.6407 -11.9347 -7.48594 8.89152 -0.499704 -0.211708 10.4043
104.82 10.3314 -12.6733 -10.3427 -12.6407 -11.9344 -7.48565 8.89139 -0.499345 -0.211715 10.4043
104.92 10.3315 -12.6731 -10.3428 -12.6408 -11.934 -7.4854 8.89128 -0.498997 -0.211733 10.4043
105.02 10.3317 -12.6729 -10.3429 -12.6409 -11.9337 -7.48518 8.89119 -0.49866 -0.211761 10.4043
105.12 10.3318 -12.6726 -10.3431 -12.641 -11.9334 -7.485 8.89113 -0.498335 -0.211801 10.4042
105.22 10.332 -12.6722 -10.3433 -12.6411 -11.9331 -7.48486 8.89108 -0.498022 -0.211854 10.4042
105.32 10.3321 -12.6717 -10.3436 -12.6413 -11.9328 -7.48476 8.89105 -0.497722 -0.211921 10.4041
105.42 10.3323 -12.6711 -10.3439 -12.6415 -11.9325 -7.48472 8.89105 -0.497436 -0.212006 10.404
105.52 10.3324 -12.6703 -10.3443 -12.6417 -11.9322 -7.48473 8.89108 -0.497166 -0.212109 10.4039
105.62 10.3326 -12.6694 -10.3447 -12.642 -11.9319 -7.4848 8.89113 -0.496912 -0.212234 10.4038
105.72 10.3328 -12.6684 -10.3452 -12.6423 -11.9316 -7.48492 8.89122 -0.496676 -0.212381 10.4036
105.82 10.333 -12.6673 -10.3457 -12.6426 -11.9314 -7.4851 8.89133 -0.496459 -0.212551 10.4034
105.92 10.3332 -12.666 -10.3463 -12.643 -11.9311 -7.48535 8.89148 -0.496262 -0.212744 10.4032
106.02 10.3334 -12.6646 -10.3469 -12.6434 -11.9309 -7.48565 8.89167 -0.496086 -0.212962 10.403
106.12 10.3336 -12.663 -10.3475 -12.6439 -11.9307 -7.48602 8.89188 -0.495932 -0.213204 10.4028
106.22 10.3338 -12.6614 -10.3482 -12.6444 -11.9305 -7.48645 8.89214 -0.495801 -0.213469 10.4025
106.32 10.3341 -12.6596 -10.3489 -12.6449 -11.9304 -7.48694 8.89243 -0.495694 -0.213758 10.4022
106.42 10.3343 -12.6577 -10.3497 -12.6454 -11.9302 -7.48749 8.89276 -0.495612 -0.21407 10.4018
106.52 10.3345 -12.6556 -10.3505 -12.646 -11.9301 -7.4881 8.89312 -0.495555 -0.214405 10.4015
106.62 10.3348 -12.6535 -10.3514 -12.6466 -11.93 -7.48878 8.89353 -0.495525 -0.214762 10.4011
106.72 10.335 -12.6512 -10.3523 -12.6473 -11.9299 -7.48952 8.89397 -0.495523 -0.215142 10.4007
106.82 10.3352 -12.6488 -10.3532 -12.648 -11.9299 -7.49032 8.89445 -0.495548 -0.215543 10.4003
106.92 10.3355 -12.6463 -10.3542 -12.6487 -11.9298 -7.49119 8.89497 -0.495602 -0.215966 10.3998
107.02 10.3357 -12.6437 -10.3552 -12.6495 -11.9298 -7.49212 8.89552 -0.495686 -0.216411 10.3994
107.12 10.3359 -12.6409 -10.3562 -12.6502 -11.9299 -7.49311 8.89612 -0.495799 -0.216876 10.3989
107.22 10.3362 -12.6381 -10.3572 -12.651 -11.9299 -7.49416 8.89675 -0.495943 -0.217361 10.3983
107.32 10.3364 -12.6352 -10.3583 -12.6519 -11.93 -7.49527 8.89741 -0.496118 -0.217864 10.3978
107.42 10.3367 -12.6322 -10.3594 -12.6527 -11.9301 -7.49643 8.89812 -0.496323 -0.218384 10.3973
107.52 10.3369 -12.6291 -10.3605 -12.6536 -11.9302 -7.49764 8.89885 -0.49656 -0.218919 10.3967
107.62 10.3371 -12.6261 -10.3617 -12.6544 -11.9304 -7.49891 8.89962 -0.496828 -0.219467 10.3961
107.72 10.3373 -12.6232 -10.3629 -12.6552 -11.9307 -7.50024 8.90042 -0.497124 -0.220014 10.3955
107.82 10.3376 -12.6205 -10.3641 -12.6559 -11.9311 -7.50162 8.90122 -0.497446 -0.220547 10.3949
107.92 10.3378 -12.6179 -10.3653 -12.6566 -11.9315 -7.50304 8.90203 -0.497791 -0.221057 10.3944
108.02 10.338 -12.6155 -10.3664 -12.6572 -11.932 -7.50451 8.90284 -0.498155 -0.22154 10.3939
108.12 10.3383 -12.6133 -10.3675 -12.6578 -11.9326 -7.506 8.90364 -0.498538 -0.221993 10.3934
108.22 10.3385 -12.6112 -10.3686 -12.6583 -11.9333 -7.50752 8.90442 -0.498935 -0.222416 10.3929
108.32 10.3388 -12.6092 -10.3695 -12.6587 -11.9339 -7.50906 8.90519 -0.499346 -0.222808 10.3925
108.42 10.339 -12.6073 -10.3704 -12.6592 -11.9347 -7.51061 8.90593 -0.499768 -0.223171 10.3921
108.52 10.3393 -12.6056 -10.3713 -12.6596 -11.9354 -7.51217 8.90666 -0.5002 -0.223506 10.3917
108.62 10.3395 -12.6039 -10.372 -12.6599 -11.9362 -7.51372 8.90735 -0.500638 -0.223815 10.3914
108.72 10.3398 -12.6024 -10.3727 -12.6603 -11.937 -7.51526 8.90802 -0.501084 -0.224099 10.3911
108.82 10.34 -12.601 -10.3733 -12.6606 -11.9378 -7.51678 8.90866 -0.501533 -0.224362 10.3908
108.92 10.3402 -12.5996 -10.3738 -12.6609 -11.9386 -7.51827 8.90928 -0.501987 -0.224604 10.3905
109.02 10.3405 -12.5983 -10.3743 -12.6611 -11.9394 -7.51973 8.90987 -0.502444 -0.224829 10.3903
109.12 10.3407 -12.5971 -10.3747 -12.6614 -11.9402 -7.52116 8.91043 -0.502902 -0.225038 10.3901
109.22 10.3409 -12.596 -10.375 -12.6616 -11.941 -7.52256 8.91097 -0.503362 -0.225234 10.3898
109.32 10.3411 -12.5949 -10.3753 -12.6619 -11.9418 -7.52391 8.91148 -0.503822 -0.225417 10.3896
109.42 10.3413 -12.5939 -10.3756 -12.6621 -11.9425 -7.52523 8.91197 -0.504281 -0.22559 10.3895
109.52 10.3414 -12.5929 -10.3759 -12.6623 -11.9433 -7.5265 8.91243 -0.504741 -0.225753 10.3893
109.62 10.3416 -12.592 -10.3761 -12.6625 -11.944 -7.52774 8.91288 -0.505199 -0.225907 10.3891
109.72 10.3418 -12.5911 -10.3763 -12.6627 -11.9447 -7.52895 8.9133 -0.505655 -0.226053 10.389
109.82 10.3419 -12.5903 -10.3765 -12.6629 -11.9455 -7.53012 8.9137 -0.506109 -0.226191 10.3888
109.92 10.3421 -12.5895 -10.3767 -12.663 -11.9462 -7.53126 8.91409 -0.506561 -0.226321 10.3887
110.02 10.3422 -12.5887 -10.3769 -12.6632 -11.9468 -7.53236 8.91445 -0.50701 -0.226445 10.3885
