50.02 1.78632
50.03 1.78631
50.04 1.7863
50.05 1.78629
50.06 1.78627
50.07 1.78626
50.08 1.78625
50.09 1.78624
50.1 1.78623
50.11 1.78623
50.12 1.78622
50.13 1.78621
50.14 1.78621
50.15 1.7862
50.16 1.78619
50.17 1.78619
50.18 1.78618
50.19 1.78618
50.2 1.78618
50.21 1.78617
50.22 1.78617
50.23 1.78617
50.24 1.78617
50.25 1.78617
50.26 1.78617
50.27 1.78616
50.28 1.78616
50.29 1.78616
50.3 1.78616
50.31 1.78616
50.32 1.78616
50.33 1.78616
50.34 1.78616
50.35 1.78616
50.36 1.78616
50.37 1.78616
50.38 1.78617
50.39 1.78617
50.4 1.78617
50.41 1.78617
50.42 1.78617
50.43 1.78617
50.44 1.78617
50.45 1.78617
50.46 1.78617
50.47 1.78617
50.48 1.78617
50.49 1.78617
50.5 1.78617
50.51 1.78617
50.52 1.78617
50.53 1.78618
50.54 1.78618
50.55 1.78618
50.56 1.78618
50.57 1.78618
50.58 1.78618
50.59 1.78618
50.6 1.78618
50.61 1.78618
50.62 1.78618
50.63 1.78618
50.64 1.78618
50.65 1.78618
50.66 1.78618
50.67 1.78619
50.68 1.78619
50.69 1.78619
50.7 1.78619
50.71 1.7862
50.72 1.7862
50.73 1.7862
50.74 1.78621
50.75 1.78621
50.76 1.78622
50.77 1.78622
50.78 1.78623
50.79 1.78624
50.8 1.78624
50.81 1.78625
50.82 1.78626
50.83 1.78627
50.84 1.78628
50.85 1.78629
50.86 1.7863
50.87 1.78631
50.88 1.78632
50.89 1.78633
50.9 1.78635
50.91 1.78636
50.92 1.78638
50.93 1.78639
50.94 1.78641
50.95 1.78642
50.96 1.78644
50.97 1.78646
50.98 1.78648
50.99 1.78649
51 1.78651
51.01 1.78653
51.02 1.78656
51.03 1.78658
51.04 1.7866
51.05 1.78662
51.06 1.78664
51.07 1.78666
51.08 1.78669
51.09 1.78671
51.1 1.78673
51.11 1.78676
51.12 1.78678
51.13 1.78681
51.14 1.78683
51.15 1.78686
51.16 1.78688
51.17 1.78691
51.18 1.78693
51.19 1.78696
51.2 1.78698
51.21 1.78701
51.22 1.78703
51.23 1.78706
51.24 1.78708
51.25 1.7871
51.26 1.78713
51.27 1.78715
51.28 1.78718
51.29 1.7872
51.3 1.78723
51.31 1.78725
51.32 1.78727
51.33 1.7873
51.34 1.78732
51.35 1.78735
51.36 1.78737
51.37 1.78739
51.38 1.78741
51.39 1.78744
51.4 1.78746
51.41 1.78748
51.42 1.7875
51.43 1.78753
51.44 1.78755
51.45 1.78757
51.46 1.78759
51.47 1.78761
51.48 1.78763
51.49 1.78766
51.5 1.78768
51.51 1.7877
51.52 1.78772
51.53 1.78774
51.54 1.78776
51.55 1.78778
51.56 1.7878
51.57 1.78782
51.58 1.78784
51.59 1.78786
51.6 1.78788
51.61 1.7879
51.62 1.78792
51.63 1.78794
51.64 1.78796
51.65 1.78797
51.66 1.78799
51.67 1.78801
51.68 1.78803
51.69 1.78805
51.7 1.78807
51.71 1.78808
51.72 1.7881
51.73 1.78812
51.74 1.78814
51.75 1.78816
51.76 1.78817
51.77 1.78819
51.78 1.78821
51.79 1.78822
51.8 1.78824
51.81 1.78826
51.82 1.78827
51.83 1.78829
51.84 1.7883
51.85 1.78832
51.86 1.78833
51.87 1.78835
51.88 1.78836
51.89 1.78838
51.9 1.78839
51.91 1.7884
51.92 1.78842
51.93 1.78843
51.94 1.78844
51.95 1.78846
51.96 1.78847
51.97 1.78848
51.98 1.78849
51.99 1.7885
52 1.78851
52.01 1.78852
52.02 1.78853
52.03 1.78854
52.04 1.78855
52.05 1.78856
52.06 1.78856
52.07 1.78857
52.08 1.78858
52.09 1.78859
52.1 1.78859
52.11 1.7886
52.12 1.7886
52.13 1.78861
52.14 1.78861
52.15 1.78862
52.16 1.78862
52.17 1.78862
52.18 1.78863
52.19 1.78863
52.2 1.78863
52.21 1.78863
52.22 1.78863
52.23 1.78864
52.24 1.78864
52.25 1.78864
52.26 1.78864
52.27 1.78864
52.28 1.78864
52.29 1.78864
52.3 1.78864
52.31 1.78864
52.32 1.78864
52.33 1.78863
52.34 1.78863
52.35 1.78863
52.36 1.78863
52.37 1.78863
52.38 1.78863
52.39 1.78863
52.4 1.78862
52.41 1.78862
52.42 1.78862
52.43 1.78862
52.44 1.78862
52.45 1.78862
52.46 1.78861
52.47 1.78861
52.48 1.78861
52.49 1.78861
52.5 1.78861
52.51 1.78861
52.52 1.78861
52.53 1.7886
52.54 1.7886
52.55 1.7886
52.56 1.7886
52.57 1.7886
52.58 1.7886
52.59 1.7886
52.6 1.7886
52.61 1.7886
52.62 1.7886
52.63 1.7886
52.64 1.7886
52.65 1.7886
52.66 1.7886
52.67 1.7886
52.68 1.7886
52.69 1.78859
52.7 1.78859
52.71 1.78859
52.72 1.78859
52.73 1.78859
52.74 1.78859
52.75 1.78859
52.76 1.78859
52.77 1.78858
52.78 1.78858
52.79 1.78858
52.8 1.78858
52.81 1.78857
52.82 1.78857
52.83 1.78857
52.84 1.78856
52.85 1.78856
52.86 1.78855
52.87 1.78855
52.88 1.78854
52.89 1.78853
52.9 1.78853
52.91 1.78852
52.92 1.78851
52.93 1.7885
52.94 1.78849
52.95 1.78848
52.96 1.78847
52.97 1.78846
52.98 1.78845
52.99 1.78844
53 1.78843
53.01 1.78841
53.02 1.7884
53.03 1.78839
53.04 1.78837
53.05 1.78836
53.06 1.78834
53.07 1.78832
53.08 1.78831
53.09 1.78829
53.1 1.78827
53.11 1.78825
53.12 1.78823
53.13 1.78821
53.14 1.7882
53.15 1.78818
53.16 1.78816
53.17 1.78813
53.18 1.78811
53.19 1.78809
53.2 1.78807
53.21 1.78805
53.22 1.78803
53.23 1.78801
53.24 1.78799
53.25 1.78796
53.26 1.78794
53.27 1.78792
53.28 1.7879
53.29 1.78788
53.3 1.78786
53.31 1.78783
53.32 1.78781
53.33 1.78779
53.34 1.78777
53.35 1.78775
53.36 1.78773
53.37 1.7877
53.38 1.78768
53.39 1.78766
53.4 1.78764
53.41 1.78762
53.42 1.7876
53.43 1.78758
53.44 1.78756
53.45 1.78754
53.46 1.78752
53.47 1.7875
53.48 1.78748
53.49 1.78746
53.5 1.78744
53.51 1.78742
53.52 1.78741
53.53 1.78739
53.54 1.78737
53.55 1.78735
53.56 1.78733
53.57 1.78731
53.58 1.7873
53.59 1.78728
53.6 1.78726
53.61 1.78724
53.62 1.78723
53.63 1.78721
53.64 1.78719
53.65 1.78718
53.66 1.78716
53.67 1.78714
53.68 1.78713
53.69 1.78711
53.7 1.7871
53.71 1.78708
53.72 1.78706
53.73 1.78705
53.74 1.78703
53.75 1.78702
53.76 1.787
53.77 1.78699
53.78 1.78697
53.79 1.78696
53.8 1.78694
53.81 1.78693
53.82 1.78691
53.83 1.7869
53.84 1.78689
53.85 1.78687
53.86 1.78686
53.87 1.78685
53.88 1.78683
53.89 1.78682
53.9 1.78681
53.91 1.78679
53.92 1.78678
53.93 1.78677
53.94 1.78676
53.95 1.78675
53.96 1.78673
53.97 1.78672
53.98 1.78671
53.99 1.7867
54 1.78669
54.01 1.78668
54.02 1.78667
54.03 1.78666
54.04 1.78665
54.05 1.78664
54.06 1.78663
54.07 1.78662
54.08 1.78662
54.09 1.78661
54.1 1.7866
54.11 1.78659
54.12 1.78659
54.13 1.78658
54.14 1.78658
54.15 1.78657
54.16 1.78657
54.17 1.78656
54.18 1.78656
54.19 1.78655
54.2 1.78655
54.21 1.78654
54.22 1.78654
54.23 1.78654
54.24 1.78654
54.25 1.78653
54.26 1.78653
54.27 1.78653
54.28 1.78653
54.29 1.78653
54.3 1.78653
54.31 1.78653
54.32 1.78653
54.33 1.78653
54.34 1.78653
54.35 1.78653
54.36 1.78653
54.37 1.78653
54.38 1.78653
54.39 1.78653
54.4 1.78654
54.41 1.78654
54.42 1.78654
54.43 1.78654
54.44 1.78654
54.45 1.78654
54.46 1.78655
54.47 1.78655
54.48 1.78655
54.49 1.78655
54.5 1.78655
54.51 1.78655
54.52 1.78656
54.53 1.78656
54.54 1.78656
54.55 1.78656
54.56 1.78656
54.57 1.78657
54.58 1.78657
54.59 1.78657
54.6 1.78657
54.61 1.78657
54.62 1.78657
54.63 1.78658
54.64 1.78658
54.65 1.78658
54.66 1.78658
54.67 1.78658
54.68 1.78658
54.69 1.78658
54.7 1.78658
54.71 1.78658
54.72 1.78658
54.73 1.78658
54.74 1.78658
54.75 1.78658
54.76 1.78658
54.77 1.78658
54.78 1.78658
54.79 1.78658
54.8 1.78659
54.81 1.78659
54.82 1.78659
54.83 1.78659
54.84 1.78659
54.85 1.78659
54.86 1.78659
54.87 1.78659
54.88 1.7866
54.89 1.7866
54.9 1.7866
54.91 1.78661
54.92 1.78661
54.93 1.78661
54.94 1.78662
54.95 1.78662
54.96 1.78663
54.97 1.78663
54.98 1.78664
54.99 1.78664
55 1.78665
55.01 1.78665
55.02 1.78666
55.03 1.78667
55.04 1.78668
55.05 1.78669
55.06 1.7867
55.07 1.78671
55.08 1.78672
55.09 1.78673
55.1 1.78674
55.11 1.78675
55.12 1.78676
55.13 1.78677
55.14 1.78679
55.15 1.7868
55.16 1.78682
55.17 1.78683
55.18 1.78685
55.19 1.78686
55.2 1.78688
55.21 1.78689
55.22 1.78691
55.23 1.78693
55.24 1.78695
55.25 1.78696
55.26 1.78698
55.27 1.787
55.28 1.78702
55.29 1.78704
55.3 1.78706
55.31 1.78708
55.32 1.7871
55.33 1.78711
55.34 1.78713
55.35 1.78715
55.36 1.78717
55.37 1.78719
55.38 1.78721
55.39 1.78723
55.4 1.78725
55.41 1.78727
55.42 1.78729
55.43 1.78731
55.44 1.78733
55.45 1.78735
55.46 1.78737
55.47 1.78739
55.48 1.7874
55.49 1.78742
55.5 1.78744
55.51 1.78746
55.52 1.78748
55.53 1.7875
55.54 1.78751
55.55 1.78753
55.56 1.78755
55.57 1.78757
55.58 1.78759
55.59 1.7876
55.6 1.78762
55.61 1.78764
55.62 1.78765
55.63 1.78767
55.64 1.78769
55.65 1.7877
55.66 1.78772
55.67 1.78774
55.68 1.78775
55.69 1.78777
55.7 1.78778
55.71 1.7878
55.72 1.78781
55.73 1.78783
55.74 1.78784
55.75 1.78786
55.76 1.78787
55.77 1.78789
55.78 1.7879
55.79 1.78792
55.8 1.78793
55.81 1.78795
55.82 1.78796
55.83 1.78797
55.84 1.78799
55.85 1.788
55.86 1.78801
55.87 1.78803
55.88 1.78804
55.89 1.78805
55.9 1.78807
55.91 1.78808
55.92 1.78809
55.93 1.78811
55.94 1.78812
55.95 1.78813
55.96 1.78814
55.97 1.78815
55.98 1.78817
55.99 1.78818
56 1.78819
56.01 1.7882
56.02 1.78821
56.03 1.78822
56.04 1.78823
56.05 1.78825
56.06 1.78826
56.07 1.78827
56.08 1.78828
56.09 1.78829
56.1 1.78829
56.11 1.7883
56.12 1.78831
56.13 1.78832
56.14 1.78833
56.15 1.78834
56.16 1.78835
56.17 1.78835
56.18 1.78836
56.19 1.78837
56.2 1.78838
56.21 1.78838
56.22 1.78839
56.23 1.78839
56.24 1.7884
56.25 1.7884
56.26 1.78841
56.27 1.78841
56.28 1.78842
56.29 1.78842
56.3 1.78843
56.31 1.78843
56.32 1.78843
56.33 1.78844
56.34 1.78844
56.35 1.78844
56.36 1.78844
56.37 1.78844
56.38 1.78845
56.39 1.78845
56.4 1.78845
56.41 1.78845
56.42 1.78845
56.43 1.78845
56.44 1.78845
56.45 1.78845
56.46 1.78845
56.47 1.78845
56.48 1.78845
56.49 1.78845
56.5 1.78845
56.51 1.78844
56.52 1.78844
56.53 1.78844
56.54 1.78844
56.55 1.78844
56.56 1.78844
56.57 1.78844
56.58 1.78844
56.59 1.78843
56.6 1.78843
56.61 1.78843
56.62 1.78843
56.63 1.78843
56.64 1.78843
56.65 1.78843
56.66 1.78842
56.67 1.78842
56.68 1.78842
56.69 1.78842
56.7 1.78842
56.71 1.78842
56.72 1.78842
56.73 1.78842
56.74 1.78842
56.75 1.78841
56.76 1.78841
56.77 1.78841
56.78 1.78841
56.79 1.78841
56.8 1.78841
56.81 1.78841
56.82 1.78841
56.83 1.78841
56.84 1.78841
56.85 1.78841
56.86 1.78841
56.87 1.78841
56.88 1.78841
56.89 1.78841
56.9 1.78841
56.91 1.78841
56.92 1.78841
56.93 1.78841
56.94 1.7884
56.95 1.7884
56.96 1.7884
56.97 1.7884
56.98 1.7884
56.99 1.7884
57 1.78839
57.01 1.78839
57.02 1.78839
57.03 1.78839
57.04 1.78838
57.05 1.78838
57.06 1.78838
57.07 1.78837
57.08 1.78837
57.09 1.78836
57.1 1.78836
57.11 1.78835
57.12 1.78835
57.13 1.78834
57.14 1.78833
57.15 1.78833
57.16 1.78832
57.17 1.78831
57.18 1.7883
57.19 1.78829
57.2 1.78828
57.21 1.78827
57.22 1.78826
57.23 1.78825
57.24 1.78824
57.25 1.78823
57.26 1.78822
57.27 1.78821
57.28 1.7882
57.29 1.78818
57.3 1.78817
57.31 1.78816
57.32 1.78814
57.33 1.78813
57.34 1.78811
57.35 1.7881
57.36 1.78808
57.37 1.78807
57.38 1.78805
57.39 1.78804
57.4 1.78802
57.41 1.78801
57.42 1.78799
57.43 1.78798
57.44 1.78796
57.45 1.78795
57.46 1.78793
57.47 1.78791
57.48 1.7879
57.49 1.78788
57.5 1.78787
57.51 1.78785
57.52 1.78783
57.53 1.78782
57.54 1.7878
57.55 1.78779
57.56 1.78777
57.57 1.78776
57.58 1.78774
57.59 1.78773
57.6 1.78771
57.61 1.7877
57.62 1.78768
57.63 1.78767
57.64 1.78765
57.65 1.78764
57.66 1.78762
57.67 1.78761
57.68 1.78759
57.69 1.78758
57.7 1.78757
57.71 1.78755
57.72 1.78754
57.73 1.78753
57.74 1.78751
57.75 1.7875
57.76 1.78749
57.77 1.78747
57.78 1.78746
57.79 1.78745
57.8 1.78743
57.81 1.78742
57.82 1.78741
57.83 1.7874
57.84 1.78738
57.85 1.78737
57.86 1.78736
57.87 1.78735
57.88 1.78734
57.89 1.78732
57.9 1.78731
57.91 1.7873
57.92 1.78729
57.93 1.78728
57.94 1.78727
57.95 1.78725
57.96 1.78724
57.97 1.78723
57.98 1.78722
57.99 1.78721
58 1.7872
58.01 1.78719
58.02 1.78718
58.03 1.78717
58.04 1.78716
58.05 1.78715
58.06 1.78714
58.07 1.78713
58.08 1.78712
58.09 1.78711
58.1 1.7871
58.11 1.78709
58.12 1.78708
58.13 1.78707
58.14 1.78706
58.15 1.78705
58.16 1.78704
58.17 1.78703
58.18 1.78702
58.19 1.78701
58.2 1.78701
58.21 1.787
58.22 1.78699
58.23 1.78698
58.24 1.78697
58.25 1.78697
58.26 1.78696
58.27 1.78695
58.28 1.78695
58.29 1.78694
58.3 1.78693
58.31 1.78693
58.32 1.78692
58.33 1.78691
58.34 1.78691
58.35 1.7869
58.36 1.7869
58.37 1.78689
58.38 1.78689
58.39 1.78689
58.4 1.78688
58.41 1.78688
58.42 1.78688
58.43 1.78687
58.44 1.78687
58.45 1.78687
58.46 1.78686
58.47 1.78686
58.48 1.78686
58.49 1.78686
58.5 1.78686
58.51 1.78686
58.52 1.78685
58.53 1.78685
58.54 1.78685
58.55 1.78685
58.56 1.78685
58.57 1.78685
58.58 1.78685
58.59 1.78685
58.6 1.78685
58.61 1.78685
58.62 1.78685
58.63 1.78685
58.64 1.78685
58.65 1.78685
58.66 1.78685
58.67 1.78685
58.68 1.78685
58.69 1.78685
58.7 1.78686
58.71 1.78686
58.72 1.78686
58.73 1.78686
58.74 1.78686
58.75 1.78686
58.76 1.78686
58.77 1.78686
58.78 1.78686
58.79 1.78686
58.8 1.78686
58.81 1.78686
58.82 1.78686
58.83 1.78686
58.84 1.78687
58.85 1.78687
58.86 1.78687
58.87 1.78687
58.88 1.78687
58.89 1.78687
58.9 1.78687
58.91 1.78687
58.92 1.78687
58.93 1.78687
58.94 1.78687
58.95 1.78687
58.96 1.78687
58.97 1.78687
58.98 1.78687
58.99 1.78687
59 1.78687
59.01 1.78687
59.02 1.78687
59.03 1.78687
59.04 1.78687
59.05 1.78687
59.06 1.78687
59.07 1.78687
59.08 1.78688
59.09 1.78688
59.1 1.78688
59.11 1.78688
59.12 1.78688
59.13 1.78688
59.14 1.78689
59.15 1.78689
59.16 1.78689
59.17 1.78689
59.18 1.7869
59.19 1.7869
59.2 1.7869
59.21 1.78691
59.22 1.78691
59.23 1.78692
59.24 1.78692
59.25 1.78693
59.26 1.78693
59.27 1.78694
59.28 1.78694
59.29 1.78695
59.3 1.78695
59.31 1.78696
59.32 1.78697
59.33 1.78697
59.34 1.78698
59.35 1.78699
59.36 1.787
59.37 1.78701
59.38 1.78701
59.39 1.78702
59.4 1.78703
59.41 1.78704
59.42 1.78705
59.43 1.78706
59.44 1.78707
59.45 1.78708
59.46 1.78709
59.47 1.7871
59.48 1.78711
59.49 1.78712
59.5 1.78713
59.51 1.78715
59.52 1.78716
59.53 1.78717
59.54 1.78718
59.55 1.78719
59.56 1.7872
59.57 1.78721
59.58 1.78722
59.59 1.78723
59.6 1.78725
59.61 1.78726
59.62 1.78727
59.63 1.78728
59.64 1.78729
59.65 1.7873
59.66 1.78731
59.67 1.78732
59.68 1.78733
59.69 1.78734
59.7 1.78736
59.71 1.78737
59.72 1.78738
59.73 1.78739
59.74 1.7874
59.75 1.78741
59.76 1.78742
59.77 1.78743
59.78 1.78744
59.79 1.78745
59.8 1.78746
59.81 1.78747
59.82 1.78748
59.83 1.78749
59.84 1.7875
59.85 1.78751
59.86 1.78752
59.87 1.78753
59.88 1.78754
59.89 1.78754
59.9 1.78755
59.91 1.78756
59.92 1.78757
59.93 1.78758
59.94 1.78759
59.95 1.7876
59.96 1.78761
59.97 1.78762
59.98 1.78763
59.99 1.78763
60 1.78764
60.01 1.78765
60.02 1.78766
60.03 1.78767
60.04 1.78768
60.05 1.78768
60.06 1.78769
60.07 1.7877
60.08 1.78771
60.09 1.78772
60.1 1.78772
60.11 1.78773
60.12 1.78774
60.13 1.78775
60.14 1.78775
60.15 1.78776
60.16 1.78777
60.17 1.78778
60.18 1.78778
60.19 1.78779
60.2 1.7878
60.21 1.78781
60.22 1.78781
60.23 1.78782
60.24 1.78783
60.25 1.78783
60.26 1.78784
60.27 1.78785
60.28 1.78785
60.29 1.78786
60.3 1.78786
60.31 1.78787
60.32 1.78788
60.33 1.78788
60.34 1.78789
60.35 1.78789
60.36 1.7879
60.37 1.7879
60.38 1.78791
60.39 1.78791
60.4 1.78792
60.41 1.78792
60.42 1.78793
60.43 1.78793
60.44 1.78793
60.45 1.78794
60.46 1.78794
60.47 1.78795
60.48 1.78795
60.49 1.78795
60.5 1.78795
60.51 1.78796
60.52 1.78796
60.53 1.78796
60.54 1.78796
60.55 1.78797
60.56 1.78797
60.57 1.78797
60.58 1.78797
60.59 1.78797
60.6 1.78797
60.61 1.78797
60.62 1.78797
60.63 1.78798
60.64 1.78798
60.65 1.78798
60.66 1.78798
60.67 1.78798
60.68 1.78798
60.69 1.78798
60.7 1.78798
60.71 1.78798
60.72 1.78798
60.73 1.78798
60.74 1.78798
60.75 1.78798
60.76 1.78798
60.77 1.78798
60.78 1.78798
60.79 1.78797
60.8 1.78797
60.81 1.78797
60.82 1.78797
60.83 1.78797
60.84 1.78797
60.85 1.78797
60.86 1.78797
60.87 1.78797
60.88 1.78797
60.89 1.78797
60.9 1.78797
60.91 1.78797
60.92 1.78797
60.93 1.78797
60.94 1.78797
60.95 1.78797
60.96 1.78797
60.97 1.78797
60.98 1.78797
60.99 1.78797
61 1.78796
61.01 1.78796
61.02 1.78796
61.03 1.78796
61.04 1.78796
61.05 1.78796
61.06 1.78796
61.07 1.78796
61.08 1.78796
61.09 1.78796
61.1 1.78796
61.11 1.78796
61.12 1.78796
61.13 1.78796
61.14 1.78796
61.15 1.78796
61.16 1.78796
61.17 1.78796
61.18 1.78796
61.19 1.78796
61.2 1.78796
61.21 1.78796
61.22 1.78795
61.23 1.78795
61.24 1.78795
61.25 1.78795
61.26 1.78795
61.27 1.78795
61.28 1.78794
61.29 1.78794
61.3 1.78794
61.31 1.78794
61.32 1.78793
61.33 1.78793
61.34 1.78793
61.35 1.78792
61.36 1.78792
61.37 1.78791
61.38 1.78791
61.39 1.78791
61.4 1.7879
61.41 1.7879
61.42 1.78789
61.43 1.78789
61.44 1.78788
61.45 1.78787
61.46 1.78787
61.47 1.78786
61.48 1.78786
61.49 1.78785
61.5 1.78784
61.51 1.78784
61.52 1.78783
61.53 1.78782
61.54 1.78781
61.55 1.78781
61.56 1.7878
61.57 1.78779
61.58 1.78778
61.59 1.78778
61.6 1.78777
61.61 1.78776
61.62 1.78775
61.63 1.78774
61.64 1.78774
61.65 1.78773
61.66 1.78772
61.67 1.78771
61.68 1.7877
61.69 1.78769
61.7 1.78769
61.71 1.78768
61.72 1.78767
61.73 1.78766
61.74 1.78765
61.75 1.78765
61.76 1.78764
61.77 1.78763
61.78 1.78762
61.79 1.78761
61.8 1.78761
61.81 1.7876
61.82 1.78759
61.83 1.78758
61.84 1.78758
61.85 1.78757
61.86 1.78756
61.87 1.78755
61.88 1.78755
61.89 1.78754
61.9 1.78753
61.91 1.78752
61.92 1.78752
61.93 1.78751
61.94 1.7875
61.95 1.7875
61.96 1.78749
61.97 1.78748
61.98 1.78748
61.99 1.78747
62 1.78746
62.01 1.78746
62.02 1.78745
62.03 1.78744
62.04 1.78744
62.05 1.78743
62.06 1.78742
62.07 1.78742
62.08 1.78741
62.09 1.7874
62.1 1.7874
62.11 1.78739
62.12 1.78739
62.13 1.78738
62.14 1.78737
62.15 1.78737
62.16 1.78736
62.17 1.78736
62.18 1.78735
62.19 1.78734
62.2 1.78734
62.21 1.78733
62.22 1.78733
62.23 1.78732
62.24 1.78732
62.25 1.78731
62.26 1.78731
62.27 1.7873
62.28 1.7873
62.29 1.78729
62.3 1.78728
62.31 1.78728
62.32 1.78727
62.33 1.78727
62.34 1.78726
62.35 1.78726
62.36 1.78726
62.37 1.78725
62.38 1.78725
62.39 1.78724
62.4 1.78724
62.41 1.78723
62.42 1.78723
62.43 1.78723
62.44 1.78722
62.45 1.78722
62.46 1.78721
62.47 1.78721
62.48 1.78721
62.49 1.7872
62.5 1.7872
62.51 1.7872
62.52 1.78719
62.53 1.78719
62.54 1.78719
62.55 1.78719
62.56 1.78718
62.57 1.78718
62.58 1.78718
62.59 1.78718
62.6 1.78717
62.61 1.78717
62.62 1.78717
62.63 1.78717
62.64 1.78717
62.65 1.78717
62.66 1.78717
62.67 1.78716
62.68 1.78716
62.69 1.78716
62.7 1.78716
62.71 1.78716
62.72 1.78716
62.73 1.78716
62.74 1.78716
62.75 1.78716
62.76 1.78716
62.77 1.78716
62.78 1.78716
62.79 1.78716
62.8 1.78716
62.81 1.78716
62.82 1.78716
62.83 1.78716
62.84 1.78716
62.85 1.78716
62.86 1.78716
62.87 1.78716
62.88 1.78716
62.89 1.78716
62.9 1.78716
62.91 1.78716
62.92 1.78716
62.93 1.78716
62.94 1.78716
62.95 1.78717
62.96 1.78717
62.97 1.78717
62.98 1.78717
62.99 1.78717
63 1.78717
63.01 1.78717
63.02 1.78717
63.03 1.78717
63.04 1.78717
63.05 1.78717
63.06 1.78717
63.07 1.78717
63.08 1.78717
63.09 1.78717
63.1 1.78717
63.11 1.78717
63.12 1.78717
63.13 1.78717
63.14 1.78717
63.15 1.78717
63.16 1.78717
63.17 1.78717
63.18 1.78717
63.19 1.78717
63.2 1.78717
63.21 1.78717
63.22 1.78717
63.23 1.78717
63.24 1.78717
63.25 1.78717
63.26 1.78717
63.27 1.78717
63.28 1.78718
63.29 1.78718
63.3 1.78718
63.31 1.78718
63.32 1.78718
63.33 1.78718
63.34 1.78718
63.35 1.78718
63.36 1.78718
63.37 1.78719
63.38 1.78719
63.39 1.78719
63.4 1.78719
63.41 1.78719
63.42 1.7872
63.43 1.7872
63.44 1.7872
63.45 1.7872
63.46 1.78721
63.47 1.78721
63.48 1.78721
63.49 1.78722
63.5 1.78722
63.51 1.78722
63.52 1.78723
63.53 1.78723
63.54 1.78724
63.55 1.78724
63.56 1.78724
63.57 1.78725
63.58 1.78725
63.59 1.78726
63.6 1.78726
63.61 1.78727
63.62 1.78727
63.63 1.78728
63.64 1.78729
63.65 1.78729
63.66 1.7873
63.67 1.7873
63.68 1.78731
63.69 1.78731
63.7 1.78732
63.71 1.78733
63.72 1.78733
63.73 1.78734
63.74 1.78735
63.75 1.78735
63.76 1.78736
63.77 1.78736
63.78 1.78737
63.79 1.78738
63.8 1.78738
63.81 1.78739
63.82 1.7874
63.83 1.7874
63.84 1.78741
63.85 1.78742
63.86 1.78742
63.87 1.78743
63.88 1.78743
63.89 1.78744
63.9 1.78745
63.91 1.78745
63.92 1.78746
63.93 1.78746
63.94 1.78747
63.95 1.78748
63.96 1.78748
63.97 1.78749
63.98 1.78749
63.99 1.7875
64 1.7875
64.01 1.78751
64.02 1.78751
64.03 1.78752
64.04 1.78753
64.05 1.78753
64.06 1.78754
64.07 1.78754
64.08 1.78755
64.09 1.78755
64.1 1.78756
64.11 1.78756
64.12 1.78757
64.13 1.78757
64.14 1.78758
64.15 1.78758
64.16 1.78759
64.17 1.78759
64.18 1.7876
64.19 1.7876
64.2 1.78761
64.21 1.78761
64.22 1.78762
64.23 1.78762
64.24 1.78762
64.25 1.78763
64.26 1.78763
64.27 1.78764
64.28 1.78764
64.29 1.78765
64.3 1.78765
64.31 1.78766
64.32 1.78766
64.33 1.78766
64.34 1.78767
64.35 1.78767
64.36 1.78768
64.37 1.78768
64.38 1.78768
64.39 1.78769
64.4 1.78769
64.41 1.7877
64.42 1.7877
64.43 1.7877
64.44 1.78771
64.45 1.78771
64.46 1.78771
64.47 1.78772
64.48 1.78772
64.49 1.78773
64.5 1.78773
64.51 1.78773
64.52 1.78773
64.53 1.78774
64.54 1.78774
64.55 1.78774
64.56 1.78775
64.57 1.78775
64.58 1.78775
64.59 1.78775
64.6 1.78776
64.61 1.78776
64.62 1.78776
64.63 1.78776
64.64 1.78776
64.65 1.78777
64.66 1.78777
64.67 1.78777
64.68 1.78777
64.69 1.78777
64.7 1.78777
64.71 1.78778
64.72 1.78778
64.73 1.78778
64.74 1.78778
64.75 1.78778
64.76 1.78778
64.77 1.78778
64.78 1.78778
64.79 1.78778
64.8 1.78778
64.81 1.78778
64.82 1.78778
64.83 1.78778
64.84 1.78778
64.85 1.78778
64.86 1.78778
64.87 1.78778
64.88 1.78778
64.89 1.78778
64.9 1.78778
64.91 1.78778
64.92 1.78778
64.93 1.78778
64.94 1.78778
64.95 1.78778
64.96 1.78778
64.97 1.78778
64.98 1.78778
64.99 1.78778
65 1.78778
65.01 1.78778
65.02 1.78778
65.03 1.78778
65.04 1.78778
65.05 1.78778
65.06 1.78778
65.07 1.78778
65.08 1.78778
65.09 1.78778
65.1 1.78778
65.11 1.78778
65.12 1.78778
65.13 1.78778
65.14 1.78777
65.15 1.78777
65.16 1.78777
65.17 1.78777
65.18 1.78777
65.19 1.78777
65.2 1.78777
65.21 1.78777
65.22 1.78777
65.23 1.78777
65.24 1.78777
65.25 1.78777
65.26 1.78777
65.27 1.78777
65.28 1.78777
65.29 1.78777
65.3 1.78777
65.31 1.78777
65.32 1.78777
65.33 1.78777
65.34 1.78777
65.35 1.78777
65.36 1.78777
65.37 1.78777
65.38 1.78777
65.39 1.78777
65.4 1.78777
65.41 1.78777
65.42 1.78777
65.43 1.78777
65.44 1.78776
65.45 1.78776
65.46 1.78776
65.47 1.78776
65.48 1.78776
65.49 1.78776
65.5 1.78776
65.51 1.78776
65.52 1.78775
65.53 1.78775
65.54 1.78775
65.55 1.78775
65.56 1.78774
65.57 1.78774
65.58 1.78774
65.59 1.78774
65.6 1.78773
65.61 1.78773
65.62 1.78773
65.63 1.78772
65.64 1.78772
65.65 1.78772
65.66 1.78771
65.67 1.78771
65.68 1.78771
65.69 1.7877
65.7 1.7877
65.71 1.78769
65.72 1.78769
65.73 1.78768
65.74 1.78768
65.75 1.78768
65.76 1.78767
65.77 1.78767
65.78 1.78766
65.79 1.78766
65.8 1.78765
65.81 1.78765
65.82 1.78764
65.83 1.78764
65.84 1.78763
65.85 1.78763
65.86 1.78762
65.87 1.78762
65.88 1.78761
65.89 1.78761
65.9 1.7876
65.91 1.7876
65.92 1.78759
65.93 1.78759
65.94 1.78758
65.95 1.78758
65.96 1.78757
65.97 1.78757
65.98 1.78756
65.99 1.78756
66 1.78755
66.01 1.78755
66.02 1.78754
66.03 1.78754
66.04 1.78753
66.05 1.78753
66.06 1.78752
66.07 1.78752
66.08 1.78751
66.09 1.78751
66.1 1.78751
66.11 1.7875
66.12 1.7875
66.13 1.78749
66.14 1.78749
66.15 1.78748
66.16 1.78748
66.17 1.78748
66.18 1.78747
66.19 1.78747
66.2 1.78746
66.21 1.78746
66.22 1.78746
66.23 1.78745
66.24 1.78745
66.25 1.78744
66.26 1.78744
66.27 1.78744
66.28 1.78743
66.29 1.78743
66.3 1.78742
66.31 1.78742
66.32 1.78742
66.33 1.78741
66.34 1.78741
66.35 1.78741
66.36 1.7874
66.37 1.7874
66.38 1.7874
66.39 1.78739
66.4 1.78739
66.41 1.78739
66.42 1.78738
66.43 1.78738
66.44 1.78738
66.45 1.78737
66.46 1.78737
66.47 1.78737
66.48 1.78736
66.49 1.78736
66.5 1.78736
66.51 1.78735
66.52 1.78735
66.53 1.78735
66.54 1.78734
66.55 1.78734
66.56 1.78734
66.57 1.78734
66.58 1.78733
66.59 1.78733
66.6 1.78733
66.61 1.78733
66.62 1.78732
66.63 1.78732
66.64 1.78732
66.65 1.78732
66.66 1.78731
66.67 1.78731
66.68 1.78731
66.69 1.78731
66.7 1.78731
66.71 1.7873
66.72 1.7873
66.73 1.7873
66.74 1.7873
66.75 1.7873
66.76 1.7873
66.77 1.7873
66.78 1.78729
66.79 1.78729
66.8 1.78729
66.81 1.78729
66.82 1.78729
66.83 1.78729
66.84 1.78729
66.85 1.78729
66.86 1.78729
66.87 1.78729
66.88 1.78729
66.89 1.78728
66.9 1.78728
66.91 1.78728
66.92 1.78728
66.93 1.78728
66.94 1.78728
66.95 1.78728
66.96 1.78728
66.97 1.78728
66.98 1.78728
66.99 1.78728
67 1.78728
67.01 1.78728
67.02 1.78728
67.03 1.78728
67.04 1.78728
67.05 1.78728
67.06 1.78728
67.07 1.78728
67.08 1.78729
67.09 1.78729
67.1 1.78729
67.11 1.78729
67.12 1.78729
67.13 1.78729
67.14 1.78729
67.15 1.78729
67.16 1.78729
67.17 1.78729
67.18 1.78729
67.19 1.78729
67.2 1.78729
67.21 1.78729
67.22 1.78729
67.23 1.78729
67.24 1.78729
67.25 1.78729
67.26 1.78729
67.27 1.78729
67.28 1.78729
67.29 1.78729
67.3 1.78729
67.31 1.78729
67.32 1.78729
67.33 1.78729
67.34 1.78729
67.35 1.78729
67.36 1.78729
67.37 1.78729
67.38 1.78729
67.39 1.78729
67.4 1.78729
67.41 1.78729
67.42 1.78729
67.43 1.78729
67.44 1.78729
67.45 1.78729
67.46 1.78729
67.47 1.78729
67.48 1.78729
67.49 1.78729
67.5 1.78729
67.51 1.78729
67.52 1.7873
67.53 1.7873
67.54 1.7873
67.55 1.7873
67.56 1.7873
67.57 1.7873
67.58 1.7873
67.59 1.7873
67.6 1.7873
67.61 1.7873
67.62 1.78731
67.63 1.78731
67.64 1.78731
67.65 1.78731
67.66 1.78731
67.67 1.78731
67.68 1.78732
67.69 1.78732
67.7 1.78732
67.71 1.78732
67.72 1.78733
67.73 1.78733
67.74 1.78733
67.75 1.78733
67.76 1.78734
67.77 1.78734
67.78 1.78734
67.79 1.78735
67.8 1.78735
67.81 1.78735
67.82 1.78735
67.83 1.78736
67.84 1.78736
67.85 1.78737
67.86 1.78737
67.87 1.78737
67.88 1.78738
67.89 1.78738
67.9 1.78738
67.91 1.78739
67.92 1.78739
67.93 1.7874
67.94 1.7874
67.95 1.7874
67.96 1.78741
67.97 1.78741
67.98 1.78741
67.99 1.78742
68 1.78742
68.01 1.78743
68.02 1.78743
68.03 1.78743
68.04 1.78744
68.05 1.78744
68.06 1.78745
68.07 1.78745
68.08 1.78745
68.09 1.78746
68.1 1.78746
68.11 1.78746
68.12 1.78747
68.13 1.78747
68.14 1.78748
68.15 1.78748
68.16 1.78748
68.17 1.78749
68.18 1.78749
68.19 1.78749
68.2 1.7875
68.21 1.7875
68.22 1.7875
68.23 1.78751
68.24 1.78751
68.25 1.78751
68.26 1.78752
68.27 1.78752
68.28 1.78752
68.29 1.78753
68.3 1.78753
68.31 1.78753
68.32 1.78754
68.33 1.78754
68.34 1.78754
68.35 1.78754
68.36 1.78755
68.37 1.78755
68.38 1.78755
68.39 1.78756
68.4 1.78756
68.41 1.78756
68.42 1.78757
68.43 1.78757
68.44 1.78757
68.45 1.78757
68.46 1.78758
68.47 1.78758
68.48 1.78758
68.49 1.78759
68.5 1.78759
68.51 1.78759
68.52 1.78759
68.53 1.7876
68.54 1.7876
68.55 1.7876
68.56 1.7876
68.57 1.78761
68.58 1.78761
68.59 1.78761
68.6 1.78761
68.61 1.78762
68.62 1.78762
68.63 1.78762
68.64 1.78762
68.65 1.78763
68.66 1.78763
68.67 1.78763
68.68 1.78763
68.69 1.78763
68.7 1.78764
68.71 1.78764
68.72 1.78764
68.73 1.78764
68.74 1.78764
68.75 1.78765
68.76 1.78765
68.77 1.78765
68.78 1.78765
68.79 1.78765
68.8 1.78765
68.81 1.78766
68.82 1.78766
68.83 1.78766
68.84 1.78766
68.85 1.78766
68.86 1.78766
68.87 1.78766
68.88 1.78766
68.89 1.78766
68.9 1.78767
68.91 1.78767
68.92 1.78767
68.93 1.78767
68.94 1.78767
68.95 1.78767
68.96 1.78767
68.97 1.78767
68.98 1.78767
68.99 1.78767
69 1.78767
69.01 1.78767
69.02 1.78767
69.03 1.78767
69.04 1.78767
69.05 1.78767
69.06 1.78767
69.07 1.78767
69.08 1.78767
69.09 1.78767
69.1 1.78767
69.11 1.78767
69.12 1.78767
69.13 1.78767
69.14 1.78767
69.15 1.78767
69.16 1.78767
69.17 1.78767
69.18 1.78767
69.19 1.78767
69.2 1.78767
69.21 1.78767
69.22 1.78767
69.23 1.78767
69.24 1.78767
69.25 1.78767
69.26 1.78767
69.27 1.78767
69.28 1.78767
69.29 1.78767
69.3 1.78767
69.31 1.78767
69.32 1.78767
69.33 1.78767
69.34 1.78767
69.35 1.78767
69.36 1.78767
69.37 1.78767
69.38 1.78767
69.39 1.78767
69.4 1.78767
69.41 1.78767
69.42 1.78767
69.43 1.78767
69.44 1.78767
69.45 1.78767
69.46 1.78767
69.47 1.78767
69.48 1.78767
69.49 1.78767
69.5 1.78767
69.51 1.78767
69.52 1.78767
69.53 1.78767
69.54 1.78767
69.55 1.78767
69.56 1.78767
69.57 1.78766
69.58 1.78766
69.59 1.78766
69.6 1.78766
69.61 1.78766
69.62 1.78766
69.63 1.78766
69.64 1.78766
69.65 1.78766
69.66 1.78766
69.67 1.78766
69.68 1.78766
69.69 1.78766
69.7 1.78766
69.71 1.78766
69.72 1.78765
69.73 1.78765
69.74 1.78765
69.75 1.78765
69.76 1.78765
69.77 1.78765
69.78 1.78765
69.79 1.78764
69.8 1.78764
69.81 1.78764
69.82 1.78764
69.83 1.78764
69.84 1.78764
69.85 1.78763
69.86 1.78763
69.87 1.78763
69.88 1.78763
69.89 1.78762
69.9 1.78762
69.91 1.78762
69.92 1.78762
69.93 1.78761
69.94 1.78761
69.95 1.78761
69.96 1.78761
69.97 1.7876
69.98 1.7876
69.99 1.7876
70 1.7876
70.01 1.78759
70.02 1.78759
70.03 1.78759
70.04 1.78758
70.05 1.78758
70.06 1.78758
70.07 1.78757
70.08 1.78757
70.09 1.78757
70.1 1.78757
70.11 1.78756
70.12 1.78756
70.13 1.78756
70.14 1.78755
70.15 1.78755
70.16 1.78755
70.17 1.78755
70.18 1.78754
70.19 1.78754
70.2 1.78754
70.21 1.78753
70.22 1.78753
70.23 1.78753
70.24 1.78753
70.25 1.78752
70.26 1.78752
70.27 1.78752
70.28 1.78751
70.29 1.78751
70.3 1.78751
70.31 1.78751
70.32 1.7875
70.33 1.7875
70.34 1.7875
70.35 1.7875
70.36 1.78749
70.37 1.78749
70.38 1.78749
70.39 1.78749
70.4 1.78748
70.41 1.78748
70.42 1.78748
70.43 1.78748
70.44 1.78748
70.45 1.78747
70.46 1.78747
70.47 1.78747
70.48 1.78747
70.49 1.78746
70.5 1.78746
70.51 1.78746
70.52 1.78746
70.53 1.78746
70.54 1.78745
70.55 1.78745
70.56 1.78745
70.57 1.78745
70.58 1.78745
70.59 1.78744
70.6 1.78744
70.61 1.78744
70.62 1.78744
70.63 1.78744
70.64 1.78743
70.65 1.78743
70.66 1.78743
70.67 1.78743
70.68 1.78743
70.69 1.78742
70.7 1.78742
70.71 1.78742
70.72 1.78742
70.73 1.78742
70.74 1.78742
70.75 1.78741
70.76 1.78741
70.77 1.78741
70.78 1.78741
70.79 1.78741
70.8 1.78741
70.81 1.7874
70.82 1.7874
70.83 1.7874
70.84 1.7874
70.85 1.7874
70.86 1.7874
70.87 1.7874
70.88 1.78739
70.89 1.78739
70.9 1.78739
70.91 1.78739
70.92 1.78739
70.93 1.78739
70.94 1.78739
70.95 1.78739
70.96 1.78739
70.97 1.78739
70.98 1.78738
70.99 1.78738
71 1.78738
71.01 1.78738
71.02 1.78738
71.03 1.78738
71.04 1.78738
71.05 1.78738
71.06 1.78738
71.07 1.78738
71.08 1.78738
71.09 1.78738
71.1 1.78738
71.11 1.78738
71.12 1.78738
71.13 1.78738
71.14 1.78738
71.15 1.78738
71.16 1.78738
71.17 1.78738
71.18 1.78738
71.19 1.78738
71.2 1.78738
71.21 1.78738
71.22 1.78738
71.23 1.78738
71.24 1.78738
71.25 1.78738
71.26 1.78738
71.27 1.78738
71.28 1.78738
71.29 1.78738
71.3 1.78738
71.31 1.78738
71.32 1.78738
71.33 1.78738
71.34 1.78738
71.35 1.78738
71.36 1.78738
71.37 1.78738
71.38 1.78738
71.39 1.78738
71.4 1.78738
71.41 1.78738
71.42 1.78738
71.43 1.78738
71.44 1.78738
71.45 1.78738
71.46 1.78738
71.47 1.78738
71.48 1.78738
71.49 1.78738
71.5 1.78738
71.51 1.78738
71.52 1.78738
71.53 1.78738
71.54 1.78738
71.55 1.78738
71.56 1.78738
71.57 1.78738
71.58 1.78738
71.59 1.78738
71.6 1.78738
71.61 1.78738
71.62 1.78738
71.63 1.78738
71.64 1.78738
71.65 1.78738
71.66 1.78738
71.67 1.78738
71.68 1.78738
71.69 1.78738
71.7 1.78738
71.71 1.78738
71.72 1.78738
71.73 1.78738
71.74 1.78739
71.75 1.78739
71.76 1.78739
71.77 1.78739
71.78 1.78739
71.79 1.78739
71.8 1.78739
71.81 1.78739
71.82 1.78739
71.83 1.78739
71.84 1.78739
71.85 1.78739
71.86 1.78739
71.87 1.78739
71.88 1.7874
71.89 1.7874
71.9 1.7874
71.91 1.7874
71.92 1.7874
71.93 1.7874
71.94 1.7874
71.95 1.78741
71.96 1.78741
71.97 1.78741
71.98 1.78741
71.99 1.78741
72 1.78741
72.01 1.78742
72.02 1.78742
72.03 1.78742
72.04 1.78742
72.05 1.78742
72.06 1.78743
72.07 1.78743
72.08 1.78743
72.09 1.78743
72.1 1.78743
72.11 1.78744
72.12 1.78744
72.13 1.78744
72.14 1.78744
72.15 1.78745
72.16 1.78745
72.17 1.78745
72.18 1.78745
72.19 1.78745
72.2 1.78746
72.21 1.78746
72.22 1.78746
72.23 1.78746
72.24 1.78747
72.25 1.78747
72.26 1.78747
72.27 1.78747
72.28 1.78747
72.29 1.78748
72.3 1.78748
72.31 1.78748
72.32 1.78748
72.33 1.78748
72.34 1.78749
72.35 1.78749
72.36 1.78749
72.37 1.78749
72.38 1.7875
72.39 1.7875
72.4 1.7875
72.41 1.7875
72.42 1.7875
72.43 1.78751
72.44 1.78751
72.45 1.78751
72.46 1.78751
72.47 1.78751
72.48 1.78751
72.49 1.78752
72.5 1.78752
72.51 1.78752
72.52 1.78752
72.53 1.78752
72.54 1.78753
72.55 1.78753
72.56 1.78753
72.57 1.78753
72.58 1.78753
72.59 1.78753
72.6 1.78754
72.61 1.78754
72.62 1.78754
72.63 1.78754
72.64 1.78754
72.65 1.78754
72.66 1.78755
72.67 1.78755
72.68 1.78755
72.69 1.78755
72.7 1.78755
72.71 1.78755
72.72 1.78756
72.73 1.78756
72.74 1.78756
72.75 1.78756
72.76 1.78756
72.77 1.78756
72.78 1.78756
72.79 1.78757
72.8 1.78757
72.81 1.78757
72.82 1.78757
72.83 1.78757
72.84 1.78757
72.85 1.78757
72.86 1.78758
72.87 1.78758
72.88 1.78758
72.89 1.78758
72.9 1.78758
72.91 1.78758
72.92 1.78758
72.93 1.78758
72.94 1.78758
72.95 1.78759
72.96 1.78759
72.97 1.78759
72.98 1.78759
72.99 1.78759
73 1.78759
73.01 1.78759
73.02 1.78759
73.03 1.78759
73.04 1.78759
73.05 1.78759
73.06 1.7876
73.07 1.7876
73.08 1.7876
73.09 1.7876
73.1 1.7876
73.11 1.7876
73.12 1.7876
73.13 1.7876
73.14 1.7876
73.15 1.7876
73.16 1.7876
73.17 1.7876
73.18 1.7876
73.19 1.7876
73.2 1.7876
73.21 1.7876
73.22 1.7876
73.23 1.7876
73.24 1.7876
73.25 1.7876
73.26 1.7876
73.27 1.7876
73.28 1.7876
73.29 1.7876
73.3 1.7876
73.31 1.7876
73.32 1.7876
73.33 1.7876
73.34 1.7876
73.35 1.7876
73.36 1.7876
73.37 1.7876
73.38 1.7876
73.39 1.7876
73.4 1.7876
73.41 1.7876
73.42 1.7876
73.43 1.7876
73.44 1.7876
73.45 1.7876
73.46 1.7876
73.47 1.7876
73.48 1.7876
73.49 1.7876
73.5 1.7876
73.51 1.7876
73.52 1.7876
73.53 1.7876
73.54 1.7876
73.55 1.7876
73.56 1.7876
73.57 1.7876
73.58 1.7876
73.59 1.7876
73.6 1.7876
73.61 1.7876
73.62 1.7876
73.63 1.7876
73.64 1.7876
73.65 1.7876
73.66 1.7876
73.67 1.7876
73.68 1.7876
73.69 1.7876
73.7 1.7876
73.71 1.7876
73.72 1.7876
73.73 1.7876
73.74 1.7876
73.75 1.7876
73.76 1.7876
73.77 1.7876
73.78 1.7876
73.79 1.7876
73.8 1.7876
73.81 1.7876
73.82 1.7876
73.83 1.7876
73.84 1.78759
73.85 1.78759
73.86 1.78759
73.87 1.78759
73.88 1.78759
73.89 1.78759
73.9 1.78759
73.91 1.78759
73.92 1.78759
73.93 1.78759
73.94 1.78759
73.95 1.78759
73.96 1.78759
73.97 1.78759
73.98 1.78759
73.99 1.78759
74 1.78758
74.01 1.78758
74.02 1.78758
74.03 1.78758
74.04 1.78758
74.05 1.78758
74.06 1.78758
74.07 1.78758
74.08 1.78757
74.09 1.78757
74.1 1.78757
74.11 1.78757
74.12 1.78757
74.13 1.78757
74.14 1.78757
74.15 1.78756
74.16 1.78756
74.17 1.78756
74.18 1.78756
74.19 1.78756
74.2 1.78756
74.21 1.78755
74.22 1.78755
74.23 1.78755
74.24 1.78755
74.25 1.78755
74.26 1.78755
74.27 1.78754
74.28 1.78754
74.29 1.78754
74.3 1.78754
74.31 1.78754
74.32 1.78754
74.33 1.78753
74.34 1.78753
74.35 1.78753
74.36 1.78753
74.37 1.78753
74.38 1.78753
74.39 1.78752
74.4 1.78752
74.41 1.78752
74.42 1.78752
74.43 1.78752
74.44 1.78752
74.45 1.78751
74.46 1.78751
74.47 1.78751
74.48 1.78751
74.49 1.78751
74.5 1.78751
74.51 1.7875
74.52 1.7875
74.53 1.7875
74.54 1.7875
74.55 1.7875
74.56 1.7875
74.57 1.7875
74.58 1.78749
74.59 1.78749
74.6 1.78749
74.61 1.78749
74.62 1.78749
74.63 1.78749
74.64 1.78749
74.65 1.78749
74.66 1.78748
74.67 1.78748
74.68 1.78748
74.69 1.78748
74.7 1.78748
74.71 1.78748
74.72 1.78748
74.73 1.78748
74.74 1.78747
74.75 1.78747
74.76 1.78747
74.77 1.78747
74.78 1.78747
74.79 1.78747
74.8 1.78747
74.81 1.78747
74.82 1.78746
74.83 1.78746
74.84 1.78746
74.85 1.78746
74.86 1.78746
74.87 1.78746
74.88 1.78746
74.89 1.78746
74.9 1.78746
74.91 1.78745
74.92 1.78745
74.93 1.78745
74.94 1.78745
74.95 1.78745
74.96 1.78745
74.97 1.78745
74.98 1.78745
74.99 1.78745
75 1.78745
75.01 1.78745
75.02 1.78744
75.03 1.78744
75.04 1.78744
75.05 1.78744
75.06 1.78744
75.07 1.78744
75.08 1.78744
75.09 1.78744
75.1 1.78744
75.11 1.78744
75.12 1.78744
75.13 1.78744
75.14 1.78744
75.15 1.78744
75.16 1.78744
75.17 1.78744
75.18 1.78743
75.19 1.78743
75.2 1.78743
75.21 1.78743
75.22 1.78743
75.23 1.78743
75.24 1.78743
75.25 1.78743
75.26 1.78743
75.27 1.78743
75.28 1.78743
75.29 1.78743
75.3 1.78743
75.31 1.78743
75.32 1.78743
75.33 1.78743
75.34 1.78743
75.35 1.78743
75.36 1.78743
75.37 1.78743
75.38 1.78743
75.39 1.78743
75.4 1.78743
75.41 1.78743
75.42 1.78743
75.43 1.78743
75.44 1.78743
75.45 1.78743
75.46 1.78743
75.47 1.78743
75.48 1.78743
75.49 1.78743
75.5 1.78743
75.51 1.78743
75.52 1.78743
75.53 1.78743
75.54 1.78743
75.55 1.78743
75.56 1.78743
75.57 1.78743
75.58 1.78743
75.59 1.78743
75.6 1.78743
75.61 1.78743
75.62 1.78743
75.63 1.78743
75.64 1.78743
75.65 1.78743
75.66 1.78743
75.67 1.78743
75.68 1.78743
75.69 1.78743
75.7 1.78743
75.71 1.78743
75.72 1.78743
75.73 1.78743
75.74 1.78743
75.75 1.78743
75.76 1.78743
75.77 1.78743
75.78 1.78743
75.79 1.78743
75.8 1.78743
75.81 1.78743
75.82 1.78743
75.83 1.78743
75.84 1.78743
75.85 1.78743
75.86 1.78743
75.87 1.78743
75.88 1.78743
75.89 1.78743
75.9 1.78743
75.91 1.78743
75.92 1.78743
75.93 1.78744
75.94 1.78744
75.95 1.78744
75.96 1.78744
75.97 1.78744
75.98 1.78744
75.99 1.78744
76 1.78744
76.01 1.78744
76.02 1.78744
76.03 1.78744
76.04 1.78744
76.05 1.78744
76.06 1.78744
76.07 1.78744
76.08 1.78744
76.09 1.78744
76.1 1.78744
76.11 1.78744
76.12 1.78744
76.13 1.78745
76.14 1.78745
76.15 1.78745
76.16 1.78745
76.17 1.78745
76.18 1.78745
76.19 1.78745
76.2 1.78745
76.21 1.78745
76.22 1.78745
76.23 1.78746
76.24 1.78746
76.25 1.78746
76.26 1.78746
76.27 1.78746
76.28 1.78746
76.29 1.78746
76.3 1.78746
76.31 1.78747
76.32 1.78747
76.33 1.78747
76.34 1.78747
76.35 1.78747
76.36 1.78747
76.37 1.78747
76.38 1.78747
76.39 1.78748
76.4 1.78748
76.41 1.78748
76.42 1.78748
76.43 1.78748
76.44 1.78748
76.45 1.78748
76.46 1.78749
76.47 1.78749
76.48 1.78749
76.49 1.78749
76.5 1.78749
76.51 1.78749
76.52 1.78749
76.53 1.78749
76.54 1.7875
76.55 1.7875
76.56 1.7875
76.57 1.7875
76.58 1.7875
76.59 1.7875
76.6 1.7875
76.61 1.7875
76.62 1.78751
76.63 1.78751
76.64 1.78751
76.65 1.78751
76.66 1.78751
76.67 1.78751
76.68 1.78751
76.69 1.78751
76.7 1.78751
76.71 1.78752
76.72 1.78752
76.73 1.78752
76.74 1.78752
76.75 1.78752
76.76 1.78752
76.77 1.78752
76.78 1.78752
76.79 1.78752
76.8 1.78752
76.81 1.78753
76.82 1.78753
76.83 1.78753
76.84 1.78753
76.85 1.78753
76.86 1.78753
76.87 1.78753
76.88 1.78753
76.89 1.78753
76.9 1.78753
76.91 1.78754
76.92 1.78754
76.93 1.78754
76.94 1.78754
76.95 1.78754
76.96 1.78754
76.97 1.78754
76.98 1.78754
76.99 1.78754
77 1.78754
77.01 1.78754
77.02 1.78755
77.03 1.78755
77.04 1.78755
77.05 1.78755
77.06 1.78755
77.07 1.78755
77.08 1.78755
77.09 1.78755
77.1 1.78755
77.11 1.78755
77.12 1.78755
77.13 1.78755
77.14 1.78755
77.15 1.78755
77.16 1.78756
77.17 1.78756
77.18 1.78756
77.19 1.78756
77.2 1.78756
77.21 1.78756
77.22 1.78756
77.23 1.78756
77.24 1.78756
77.25 1.78756
77.26 1.78756
77.27 1.78756
77.28 1.78756
77.29 1.78756
77.3 1.78756
77.31 1.78756
77.32 1.78756
77.33 1.78756
77.34 1.78756
77.35 1.78756
77.36 1.78756
77.37 1.78756
77.38 1.78756
77.39 1.78756
77.4 1.78756
77.41 1.78756
77.42 1.78756
77.43 1.78756
77.44 1.78756
77.45 1.78756
77.46 1.78756
77.47 1.78756
77.48 1.78756
77.49 1.78756
77.5 1.78756
77.51 1.78756
77.52 1.78756
77.53 1.78756
77.54 1.78756
77.55 1.78756
77.56 1.78756
77.57 1.78756
77.58 1.78756
77.59 1.78756
77.6 1.78756
77.61 1.78756
77.62 1.78756
77.63 1.78756
77.64 1.78756
77.65 1.78756
77.66 1.78756
77.67 1.78756
77.68 1.78756
77.69 1.78756
77.7 1.78756
77.71 1.78756
77.72 1.78756
77.73 1.78756
77.74 1.78756
77.75 1.78756
77.76 1.78756
77.77 1.78756
77.78 1.78756
77.79 1.78756
77.8 1.78756
77.81 1.78756
77.82 1.78756
77.83 1.78756
77.84 1.78756
77.85 1.78756
77.86 1.78756
77.87 1.78756
77.88 1.78756
77.89 1.78756
77.9 1.78756
77.91 1.78756
77.92 1.78756
77.93 1.78756
77.94 1.78756
77.95 1.78756
77.96 1.78756
77.97 1.78756
77.98 1.78756
77.99 1.78756
78 1.78756
78.01 1.78756
78.02 1.78756
78.03 1.78756
78.04 1.78756
78.05 1.78756
78.06 1.78756
78.07 1.78756
78.08 1.78756
78.09 1.78756
78.1 1.78756
78.11 1.78756
78.12 1.78756
78.13 1.78756
78.14 1.78756
78.15 1.78756
78.16 1.78756
78.17 1.78756
78.18 1.78755
78.19 1.78755
78.2 1.78755
78.21 1.78755
78.22 1.78755
78.23 1.78755
78.24 1.78755
78.25 1.78755
78.26 1.78755
78.27 1.78755
78.28 1.78755
78.29 1.78755
78.3 1.78755
78.31 1.78755
78.32 1.78754
78.33 1.78754
78.34 1.78754
78.35 1.78754
78.36 1.78754
78.37 1.78754
78.38 1.78754
78.39 1.78754
78.4 1.78754
78.41 1.78754
78.42 1.78753
78.43 1.78753
78.44 1.78753
78.45 1.78753
78.46 1.78753
78.47 1.78753
78.48 1.78753
78.49 1.78753
78.5 1.78753
78.51 1.78753
78.52 1.78752
78.53 1.78752
78.54 1.78752
78.55 1.78752
78.56 1.78752
78.57 1.78752
78.58 1.78752
78.59 1.78752
78.6 1.78752
78.61 1.78752
78.62 1.78751
78.63 1.78751
78.64 1.78751
78.65 1.78751
78.66 1.78751
78.67 1.78751
78.68 1.78751
78.69 1.78751
78.7 1.78751
78.71 1.78751
78.72 1.78751
78.73 1.7875
78.74 1.7875
78.75 1.7875
78.76 1.7875
78.77 1.7875
78.78 1.7875
78.79 1.7875
78.8 1.7875
78.81 1.7875
78.82 1.7875
78.83 1.7875
78.84 1.7875
78.85 1.78749
78.86 1.78749
78.87 1.78749
78.88 1.78749
78.89 1.78749
78.9 1.78749
78.91 1.78749
78.92 1.78749
78.93 1.78749
78.94 1.78749
78.95 1.78749
78.96 1.78749
78.97 1.78749
78.98 1.78749
78.99 1.78748
79 1.78748
79.01 1.78748
79.02 1.78748
79.03 1.78748
79.04 1.78748
79.05 1.78748
79.06 1.78748
79.07 1.78748
79.08 1.78748
79.09 1.78748
79.1 1.78748
79.11 1.78748
79.12 1.78748
79.13 1.78748
79.14 1.78748
79.15 1.78747
79.16 1.78747
79.17 1.78747
79.18 1.78747
79.19 1.78747
79.2 1.78747
79.21 1.78747
79.22 1.78747
79.23 1.78747
79.24 1.78747
79.25 1.78747
79.26 1.78747
79.27 1.78747
79.28 1.78747
79.29 1.78747
79.3 1.78747
79.31 1.78747
79.32 1.78747
79.33 1.78747
79.34 1.78747
79.35 1.78747
79.36 1.78747
79.37 1.78747
79.38 1.78747
79.39 1.78747
79.4 1.78746
79.41 1.78746
79.42 1.78746
79.43 1.78746
79.44 1.78746
79.45 1.78746
79.46 1.78746
79.47 1.78746
79.48 1.78746
79.49 1.78746
79.5 1.78746
79.51 1.78746
79.52 1.78746
79.53 1.78746
79.54 1.78746
79.55 1.78746
79.56 1.78746
79.57 1.78746
79.58 1.78746
79.59 1.78746
79.6 1.78746
79.61 1.78746
79.62 1.78746
79.63 1.78746
79.64 1.78746
79.65 1.78746
79.66 1.78746
79.67 1.78746
79.68 1.78746
79.69 1.78746
79.7 1.78746
79.71 1.78746
79.72 1.78746
79.73 1.78746
79.74 1.78746
79.75 1.78746
79.76 1.78746
79.77 1.78746
79.78 1.78746
79.79 1.78746
79.8 1.78746
79.81 1.78746
79.82 1.78746
79.83 1.78746
79.84 1.78746
79.85 1.78746
79.86 1.78746
79.87 1.78746
79.88 1.78746
79.89 1.78746
79.9 1.78746
79.91 1.78746
79.92 1.78746
79.93 1.78746
79.94 1.78746
79.95 1.78746
79.96 1.78746
79.97 1.78746
79.98 1.78746
79.99 1.78746
80 1.78746
80.01 1.78746
80.02 1.78746
80.03 1.78746
80.04 1.78746
80.05 1.78746
80.06 1.78746
80.07 1.78746
80.08 1.78746
80.09 1.78746
80.1 1.78746
80.11 1.78747
80.12 1.78747
80.13 1.78747
80.14 1.78747
80.15 1.78747
80.16 1.78747
80.17 1.78747
80.18 1.78747
80.19 1.78747
80.2 1.78747
80.21 1.78747
80.22 1.78747
80.23 1.78747
80.24 1.78747
80.25 1.78747
80.26 1.78747
80.27 1.78747
80.28 1.78747
80.29 1.78747
80.3 1.78747
80.31 1.78747
80.32 1.78747
80.33 1.78747
80.34 1.78747
80.35 1.78747
80.36 1.78747
80.37 1.78747
80.38 1.78747
80.39 1.78747
80.4 1.78748
80.41 1.78748
80.42 1.78748
80.43 1.78748
80.44 1.78748
80.45 1.78748
80.46 1.78748
80.47 1.78748
80.48 1.78748
80.49 1.78748
80.5 1.78748
80.51 1.78748
80.52 1.78748
80.53 1.78748
80.54 1.78749
80.55 1.78749
80.56 1.78749
80.57 1.78749
80.58 1.78749
80.59 1.78749
80.6 1.78749
80.61 1.78749
80.62 1.78749
80.63 1.78749
80.64 1.78749
80.65 1.78749
80.66 1.78749
80.67 1.7875
80.68 1.7875
80.69 1.7875
80.7 1.7875
80.71 1.7875
80.72 1.7875
80.73 1.7875
80.74 1.7875
80.75 1.7875
80.76 1.7875
80.77 1.7875
80.78 1.7875
80.79 1.7875
80.8 1.78751
80.81 1.78751
80.82 1.78751
80.83 1.78751
80.84 1.78751
80.85 1.78751
80.86 1.78751
80.87 1.78751
80.88 1.78751
80.89 1.78751
80.9 1.78751
80.91 1.78751
80.92 1.78751
80.93 1.78751
80.94 1.78751
80.95 1.78752
80.96 1.78752
80.97 1.78752
80.98 1.78752
80.99 1.78752
81 1.78752
81.01 1.78752
81.02 1.78752
81.03 1.78752
81.04 1.78752
81.05 1.78752
81.06 1.78752
81.07 1.78752
81.08 1.78752
81.09 1.78752
81.1 1.78752
81.11 1.78752
81.12 1.78753
81.13 1.78753
81.14 1.78753
81.15 1.78753
81.16 1.78753
81.17 1.78753
81.18 1.78753
81.19 1.78753
81.2 1.78753
81.21 1.78753
81.22 1.78753
81.23 1.78753
81.24 1.78753
81.25 1.78753
81.26 1.78753
81.27 1.78753
81.28 1.78753
81.29 1.78753
81.3 1.78753
81.31 1.78753
81.32 1.78754
81.33 1.78754
81.34 1.78754
81.35 1.78754
81.36 1.78754
81.37 1.78754
81.38 1.78754
81.39 1.78754
81.4 1.78754
81.41 1.78754
81.42 1.78754
81.43 1.78754
81.44 1.78754
81.45 1.78754
81.46 1.78754
81.47 1.78754
81.48 1.78754
81.49 1.78754
81.5 1.78754
81.51 1.78754
81.52 1.78754
81.53 1.78754
81.54 1.78754
81.55 1.78754
81.56 1.78754
81.57 1.78754
81.58 1.78754
81.59 1.78754
81.6 1.78754
81.61 1.78754
81.62 1.78754
81.63 1.78754
81.64 1.78754
81.65 1.78754
81.66 1.78754
81.67 1.78754
81.68 1.78754
81.69 1.78754
81.7 1.78754
81.71 1.78754
81.72 1.78754
81.73 1.78754
81.74 1.78754
81.75 1.78754
81.76 1.78754
81.77 1.78754
81.78 1.78754
81.79 1.78754
81.8 1.78754
81.81 1.78754
81.82 1.78754
81.83 1.78754
81.84 1.78754
81.85 1.78754
81.86 1.78754
81.87 1.78754
81.88 1.78754
81.89 1.78754
81.9 1.78754
81.91 1.78754
81.92 1.78754
81.93 1.78754
81.94 1.78754
81.95 1.78754
81.96 1.78754
81.97 1.78754
81.98 1.78754
81.99 1.78754
82 1.78754
82.01 1.78754
82.02 1.78754
82.03 1.78754
82.04 1.78754
82.05 1.78754
82.06 1.78754
82.07 1.78754
82.08 1.78754
82.09 1.78754
82.1 1.78754
82.11 1.78754
82.12 1.78754
82.13 1.78754
82.14 1.78754
82.15 1.78754
82.16 1.78754
82.17 1.78754
82.18 1.78754
82.19 1.78754
82.2 1.78754
82.21 1.78754
82.22 1.78754
82.23 1.78754
82.24 1.78754
82.25 1.78754
82.26 1.78754
82.27 1.78754
82.28 1.78754
82.29 1.78754
82.3 1.78754
82.31 1.78754
82.32 1.78754
82.33 1.78754
82.34 1.78754
82.35 1.78754
82.36 1.78754
82.37 1.78754
82.38 1.78754
82.39 1.78754
82.4 1.78754
82.41 1.78754
82.42 1.78753
82.43 1.78753
82.44 1.78753
82.45 1.78753
82.46 1.78753
82.47 1.78753
82.48 1.78753
82.49 1.78753
82.5 1.78753
82.51 1.78753
82.52 1.78753
82.53 1.78753
82.54 1.78753
82.55 1.78753
82.56 1.78753
82.57 1.78753
82.58 1.78753
82.59 1.78753
82.6 1.78753
82.61 1.78752
82.62 1.78752
82.63 1.78752
82.64 1.78752
82.65 1.78752
82.66 1.78752
82.67 1.78752
82.68 1.78752
82.69 1.78752
82.7 1.78752
82.71 1.78752
82.72 1.78752
82.73 1.78752
82.74 1.78752
82.75 1.78752
82.76 1.78752
82.77 1.78752
82.78 1.78751
82.79 1.78751
82.8 1.78751
82.81 1.78751
82.82 1.78751
82.83 1.78751
82.84 1.78751
82.85 1.78751
82.86 1.78751
82.87 1.78751
82.88 1.78751
82.89 1.78751
82.9 1.78751
82.91 1.78751
82.92 1.78751
82.93 1.78751
82.94 1.78751
82.95 1.78751
82.96 1.78751
82.97 1.78751
82.98 1.7875
82.99 1.7875
83 1.7875
83.01 1.7875
83.02 1.7875
83.03 1.7875
83.04 1.7875
83.05 1.7875
83.06 1.7875
83.07 1.7875
83.08 1.7875
83.09 1.7875
83.1 1.7875
83.11 1.7875
83.12 1.7875
83.13 1.7875
83.14 1.7875
83.15 1.7875
83.16 1.7875
83.17 1.7875
83.18 1.7875
83.19 1.7875
83.2 1.7875
83.21 1.78749
83.22 1.78749
83.23 1.78749
83.24 1.78749
83.25 1.78749
83.26 1.78749
83.27 1.78749
83.28 1.78749
83.29 1.78749
83.3 1.78749
83.31 1.78749
83.32 1.78749
83.33 1.78749
83.34 1.78749
83.35 1.78749
83.36 1.78749
83.37 1.78749
83.38 1.78749
83.39 1.78749
83.4 1.78749
83.41 1.78749
83.42 1.78749
83.43 1.78749
83.44 1.78749
83.45 1.78749
83.46 1.78749
83.47 1.78749
83.48 1.78749
83.49 1.78749
83.5 1.78749
83.51 1.78749
83.52 1.78749
83.53 1.78749
83.54 1.78749
83.55 1.78749
83.56 1.78748
83.57 1.78748
83.58 1.78748
83.59 1.78748
83.6 1.78748
83.61 1.78748
83.62 1.78748
83.63 1.78748
83.64 1.78748
83.65 1.78748
83.66 1.78748
83.67 1.78748
83.68 1.78748
83.69 1.78748
83.7 1.78748
83.71 1.78748
83.72 1.78748
83.73 1.78748
83.74 1.78748
83.75 1.78748
83.76 1.78748
83.77 1.78748
83.78 1.78748
83.79 1.78748
83.8 1.78748
83.81 1.78748
83.82 1.78748
83.83 1.78748
83.84 1.78748
83.85 1.78748
83.86 1.78748
83.87 1.78748
83.88 1.78748
83.89 1.78748
83.9 1.78748
83.91 1.78748
83.92 1.78748
83.93 1.78748
83.94 1.78748
83.95 1.78748
83.96 1.78748
83.97 1.78748
83.98 1.78748
83.99 1.78748
84 1.78748
84.01 1.78748
84.02 1.78748
84.03 1.78748
84.04 1.78748
84.05 1.78748
84.06 1.78748
84.07 1.78748
84.08 1.78748
84.09 1.78748
84.1 1.78748
84.11 1.78748
84.12 1.78748
84.13 1.78748
84.14 1.78748
84.15 1.78748
84.16 1.78748
84.17 1.78748
84.18 1.78748
84.19 1.78748
84.2 1.78748
84.21 1.78748
84.22 1.78748
84.23 1.78748
84.24 1.78748
84.25 1.78748
84.26 1.78748
84.27 1.78748
84.28 1.78748
84.29 1.78748
84.3 1.78748
84.31 1.78748
84.32 1.78748
84.33 1.78748
84.34 1.78748
84.35 1.78748
84.36 1.78748
84.37 1.78748
84.38 1.78748
84.39 1.78749
84.4 1.78749
84.41 1.78749
84.42 1.78749
84.43 1.78749
84.44 1.78749
84.45 1.78749
84.46 1.78749
84.47 1.78749
84.48 1.78749
84.49 1.78749
84.5 1.78749
84.51 1.78749
84.52 1.78749
84.53 1.78749
84.54 1.78749
84.55 1.78749
84.56 1.78749
84.57 1.78749
84.58 1.78749
84.59 1.78749
84.6 1.78749
84.61 1.78749
84.62 1.78749
84.63 1.78749
84.64 1.78749
84.65 1.78749
84.66 1.78749
84.67 1.78749
84.68 1.78749
84.69 1.78749
84.7 1.78749
84.71 1.78749
84.72 1.7875
84.73 1.7875
84.74 1.7875
84.75 1.7875
84.76 1.7875
84.77 1.7875
84.78 1.7875
84.79 1.7875
84.8 1.7875
84.81 1.7875
84.82 1.7875
84.83 1.7875
84.84 1.7875
84.85 1.7875
84.86 1.7875
84.87 1.7875
84.88 1.7875
84.89 1.7875
84.9 1.7875
84.91 1.7875
84.92 1.7875
84.93 1.7875
84.94 1.78751
84.95 1.78751
84.96 1.78751
84.97 1.78751
84.98 1.78751
84.99 1.78751
85 1.78751
85.01 1.78751
85.02 1.78751
85.03 1.78751
85.04 1.78751
85.05 1.78751
85.06 1.78751
85.07 1.78751
85.08 1.78751
85.09 1.78751
85.1 1.78751
85.11 1.78751
85.12 1.78751
85.13 1.78751
85.14 1.78751
85.15 1.78751
85.16 1.78751
85.17 1.78751
85.18 1.78751
85.19 1.78752
85.2 1.78752
85.21 1.78752
85.22 1.78752
85.23 1.78752
85.24 1.78752
85.25 1.78752
85.26 1.78752
85.27 1.78752
85.28 1.78752
85.29 1.78752
85.3 1.78752
85.31 1.78752
85.32 1.78752
85.33 1.78752
85.34 1.78752
85.35 1.78752
85.36 1.78752
85.37 1.78752
85.38 1.78752
85.39 1.78752
85.4 1.78752
85.41 1.78752
85.42 1.78752
85.43 1.78752
85.44 1.78752
85.45 1.78752
85.46 1.78752
85.47 1.78752
85.48 1.78752
85.49 1.78753
85.5 1.78753
85.51 1.78753
85.52 1.78753
85.53 1.78753
85.54 1.78753
85.55 1.78753
85.56 1.78753
85.57 1.78753
85.58 1.78753
85.59 1.78753
85.6 1.78753
85.61 1.78753
85.62 1.78753
85.63 1.78753
85.64 1.78753
85.65 1.78753
85.66 1.78753
85.67 1.78753
85.68 1.78753
85.69 1.78753
85.7 1.78753
85.71 1.78753
85.72 1.78753
85.73 1.78753
85.74 1.78753
85.75 1.78753
85.76 1.78753
85.77 1.78753
85.78 1.78753
85.79 1.78753
85.8 1.78753
85.81 1.78753
85.82 1.78753
85.83 1.78753
85.84 1.78753
85.85 1.78753
85.86 1.78753
85.87 1.78753
85.88 1.78753
85.89 1.78753
85.9 1.78753
85.91 1.78753
85.92 1.78753
85.93 1.78753
85.94 1.78753
85.95 1.78753
85.96 1.78753
85.97 1.78753
85.98 1.78753
85.99 1.78753
86 1.78753
86.01 1.78753
86.02 1.78753
86.03 1.78753
86.04 1.78753
86.05 1.78753
86.06 1.78753
86.07 1.78753
86.08 1.78753
86.09 1.78753
86.1 1.78753
86.11 1.78753
86.12 1.78753
86.13 1.78753
86.14 1.78753
86.15 1.78753
86.16 1.78753
86.17 1.78753
86.18 1.78753
86.19 1.78753
86.2 1.78753
86.21 1.78753
86.22 1.78753
86.23 1.78753
86.24 1.78753
86.25 1.78753
86.26 1.78753
86.27 1.78753
86.28 1.78753
86.29 1.78753
86.3 1.78753
86.31 1.78753
86.32 1.78753
86.33 1.78753
86.34 1.78753
86.35 1.78753
86.36 1.78753
86.37 1.78753
86.38 1.78753
86.39 1.78753
86.4 1.78753
86.41 1.78753
86.42 1.78753
86.43 1.78753
86.44 1.78753
86.45 1.78753
86.46 1.78753
86.47 1.78753
86.48 1.78753
86.49 1.78753
86.5 1.78753
86.51 1.78753
86.52 1.78753
86.53 1.78753
86.54 1.78753
86.55 1.78753
86.56 1.78753
86.57 1.78753
86.58 1.78753
86.59 1.78753
86.6 1.78753
86.61 1.78753
86.62 1.78753
86.63 1.78753
86.64 1.78753
86.65 1.78752
86.66 1.78752
86.67 1.78752
86.68 1.78752
86.69 1.78752
86.7 1.78752
86.71 1.78752
86.72 1.78752
86.73 1.78752
86.74 1.78752
86.75 1.78752
86.76 1.78752
86.77 1.78752
86.78 1.78752
86.79 1.78752
86.8 1.78752
86.81 1.78752
86.82 1.78752
86.83 1.78752
86.84 1.78752
86.85 1.78752
86.86 1.78752
86.87 1.78752
86.88 1.78752
86.89 1.78752
86.9 1.78752
86.91 1.78752
86.92 1.78752
86.93 1.78752
86.94 1.78752
86.95 1.78751
86.96 1.78751
86.97 1.78751
86.98 1.78751
86.99 1.78751
87 1.78751
87.01 1.78751
87.02 1.78751
87.03 1.78751
87.04 1.78751
87.05 1.78751
87.06 1.78751
87.07 1.78751
87.08 1.78751
87.09 1.78751
87.1 1.78751
87.11 1.78751
87.12 1.78751
87.13 1.78751
87.14 1.78751
87.15 1.78751
87.16 1.78751
87.17 1.78751
87.18 1.78751
87.19 1.78751
87.2 1.78751
87.21 1.78751
87.22 1.78751
87.23 1.78751
87.24 1.78751
87.25 1.78751
87.26 1.78751
87.27 1.78751
87.28 1.78751
87.29 1.78751
87.3 1.7875
87.31 1.7875
87.32 1.7875
87.33 1.7875
87.34 1.7875
87.35 1.7875
87.36 1.7875
87.37 1.7875
87.38 1.7875
87.39 1.7875
87.4 1.7875
87.41 1.7875
87.42 1.7875
87.43 1.7875
87.44 1.7875
87.45 1.7875
87.46 1.7875
87.47 1.7875
87.48 1.7875
87.49 1.7875
87.5 1.7875
87.51 1.7875
87.52 1.7875
87.53 1.7875
87.54 1.7875
87.55 1.7875
87.56 1.7875
87.57 1.7875
87.58 1.7875
87.59 1.7875
87.6 1.7875
87.61 1.7875
87.62 1.7875
87.63 1.7875
87.64 1.7875
87.65 1.7875
87.66 1.7875
87.67 1.7875
87.68 1.7875
87.69 1.7875
87.7 1.7875
87.71 1.7875
87.72 1.7875
87.73 1.7875
87.74 1.7875
87.75 1.7875
87.76 1.7875
87.77 1.7875
87.78 1.7875
87.79 1.7875
87.8 1.7875
87.81 1.7875
87.82 1.7875
87.83 1.7875
87.84 1.7875
87.85 1.7875
87.86 1.7875
87.87 1.7875
87.88 1.7875
87.89 1.7875
87.9 1.7875
87.91 1.7875
87.92 1.7875
87.93 1.7875
87.94 1.7875
87.95 1.7875
87.96 1.7875
87.97 1.7875
87.98 1.7875
87.99 1.7875
88 1.7875
88.01 1.7875
88.02 1.7875
88.03 1.7875
88.04 1.7875
88.05 1.7875
88.06 1.7875
88.07 1.7875
88.08 1.7875
88.09 1.7875
88.1 1.7875
88.11 1.7875
88.12 1.7875
88.13 1.7875
88.14 1.7875
88.15 1.7875
88.16 1.7875
88.17 1.7875
88.18 1.7875
88.19 1.7875
88.2 1.7875
88.21 1.7875
88.22 1.7875
88.23 1.7875
88.24 1.7875
88.25 1.7875
88.26 1.7875
88.27 1.7875
88.28 1.7875
88.29 1.7875
88.3 1.7875
88.31 1.7875
88.32 1.7875
88.33 1.7875
88.34 1.7875
88.35 1.7875
88.36 1.7875
88.37 1.7875
88.38 1.7875
88.39 1.7875
88.4 1.7875
88.41 1.7875
88.42 1.7875
88.43 1.7875
88.44 1.7875
88.45 1.7875
88.46 1.7875
88.47 1.7875
88.48 1.7875
88.49 1.7875
88.5 1.7875
88.51 1.7875
88.52 1.7875
88.53 1.7875
88.54 1.7875
88.55 1.7875
88.56 1.7875
88.57 1.7875
88.58 1.7875
88.59 1.7875
88.6 1.7875
88.61 1.7875
88.62 1.7875
88.63 1.7875
88.64 1.7875
88.65 1.7875
88.66 1.7875
88.67 1.7875
88.68 1.7875
88.69 1.7875
88.7 1.7875
88.71 1.7875
88.72 1.7875
88.73 1.7875
88.74 1.7875
88.75 1.7875
88.76 1.7875
88.77 1.7875
88.78 1.7875
88.79 1.7875
88.8 1.7875
88.81 1.7875
88.82 1.7875
88.83 1.7875
88.84 1.7875
88.85 1.7875
88.86 1.7875
88.87 1.7875
88.88 1.7875
88.89 1.7875
88.9 1.7875
88.91 1.7875
88.92 1.7875
88.93 1.7875
88.94 1.7875
88.95 1.7875
88.96 1.7875
88.97 1.7875
88.98 1.7875
88.99 1.7875
89 1.7875
89.01 1.7875
89.02 1.78751
89.03 1.78751
89.04 1.78751
89.05 1.78751
89.06 1.78751
89.07 1.78751
89.08 1.78751
89.09 1.78751
89.1 1.78751
89.11 1.78751
89.12 1.78751
89.13 1.78751
89.14 1.78751
89.15 1.78751
89.16 1.78751
89.17 1.78751
89.18 1.78751
89.19 1.78751
89.2 1.78751
89.21 1.78751
89.22 1.78751
89.23 1.78751
89.24 1.78751
89.25 1.78751
89.26 1.78751
89.27 1.78751
89.28 1.78751
89.29 1.78751
89.3 1.78751
89.31 1.78751
89.32 1.78751
89.33 1.78751
89.34 1.78751
89.35 1.78751
89.36 1.78751
89.37 1.78751
89.38 1.78751
89.39 1.78751
89.4 1.78752
89.41 1.78752
89.42 1.78752
89.43 1.78752
89.44 1.78752
89.45 1.78752
89.46 1.78752
89.47 1.78752
89.48 1.78752
89.49 1.78752
89.5 1.78752
89.51 1.78752
89.52 1.78752
89.53 1.78752
89.54 1.78752
89.55 1.78752
89.56 1.78752
89.57 1.78752
89.58 1.78752
89.59 1.78752
89.6 1.78752
89.61 1.78752
89.62 1.78752
89.63 1.78752
89.64 1.78752
89.65 1.78752
89.66 1.78752
89.67 1.78752
89.68 1.78752
89.69 1.78752
89.7 1.78752
89.71 1.78752
89.72 1.78752
89.73 1.78752
89.74 1.78752
89.75 1.78752
89.76 1.78752
89.77 1.78752
89.78 1.78752
89.79 1.78752
89.8 1.78752
89.81 1.78752
89.82 1.78752
89.83 1.78752
89.84 1.78752
89.85 1.78752
89.86 1.78752
89.87 1.78752
89.88 1.78752
89.89 1.78752
89.9 1.78752
89.91 1.78752
89.92 1.78752
89.93 1.78752
89.94 1.78752
89.95 1.78752
89.96 1.78752
89.97 1.78752
89.98 1.78752
89.99 1.78752
90 1.78752
90.01 1.78752
90.02 1.78752
90.03 1.78752
90.04 1.78752
90.05 1.78752
90.06 1.78752
90.07 1.78752
90.08 1.78752
90.09 1.78752
90.1 1.78752
90.11 1.78752
90.12 1.78752
90.13 1.78752
90.14 1.78752
90.15 1.78752
90.16 1.78752
90.17 1.78752
90.18 1.78752
90.19 1.78752
90.2 1.78752
90.21 1.78752
90.22 1.78752
90.23 1.78752
90.24 1.78752
90.25 1.78752
90.26 1.78752
90.27 1.78752
90.28 1.78752
90.29 1.78752
90.3 1.78752
90.31 1.78752
90.32 1.78752
90.33 1.78752
90.34 1.78752
90.35 1.78752
90.36 1.78752
90.37 1.78752
90.38 1.78752
90.39 1.78752
90.4 1.78752
90.41 1.78752
90.42 1.78752
90.43 1.78752
90.44 1.78752
90.45 1.78752
90.46 1.78752
90.47 1.78752
90.48 1.78752
90.49 1.78752
90.5 1.78752
90.51 1.78752
90.52 1.78752
90.53 1.78752
90.54 1.78752
90.55 1.78752
90.56 1.78752
90.57 1.78752
90.58 1.78752
90.59 1.78752
90.6 1.78752
90.61 1.78752
90.62 1.78752
90.63 1.78752
90.64 1.78752
90.65 1.78752
90.66 1.78752
90.67 1.78752
90.68 1.78752
90.69 1.78752
90.7 1.78752
90.71 1.78752
90.72 1.78752
90.73 1.78752
90.74 1.78752
90.75 1.78752
90.76 1.78752
90.77 1.78752
90.78 1.78752
90.79 1.78752
90.8 1.78752
90.81 1.78752
90.82 1.78752
90.83 1.78752
90.84 1.78752
90.85 1.78752
90.86 1.78752
90.87 1.78752
90.88 1.78752
90.89 1.78752
90.9 1.78752
90.91 1.78752
90.92 1.78752
90.93 1.78752
90.94 1.78752
90.95 1.78752
90.96 1.78752
90.97 1.78752
90.98 1.78752
90.99 1.78752
91 1.78752
91.01 1.78752
91.02 1.78752
91.03 1.78752
91.04 1.78752
91.05 1.78752
91.06 1.78752
91.07 1.78752
91.08 1.78752
91.09 1.78752
91.1 1.78752
91.11 1.78752
91.12 1.78752
91.13 1.78752
91.14 1.78751
91.15 1.78751
91.16 1.78751
91.17 1.78751
91.18 1.78751
91.19 1.78751
91.2 1.78751
91.21 1.78751
91.22 1.78751
91.23 1.78751
91.24 1.78751
91.25 1.78751
91.26 1.78751
91.27 1.78751
91.28 1.78751
91.29 1.78751
91.3 1.78751
91.31 1.78751
91.32 1.78751
91.33 1.78751
91.34 1.78751
91.35 1.78751
91.36 1.78751
91.37 1.78751
91.38 1.78751
91.39 1.78751
91.4 1.78751
91.41 1.78751
91.42 1.78751
91.43 1.78751
91.44 1.78751
91.45 1.78751
91.46 1.78751
91.47 1.78751
91.48 1.78751
91.49 1.78751
91.5 1.78751
91.51 1.78751
91.52 1.78751
91.53 1.78751
91.54 1.78751
91.55 1.78751
91.56 1.78751
91.57 1.78751
91.58 1.78751
91.59 1.78751
91.6 1.78751
91.61 1.78751
91.62 1.78751
91.63 1.78751
91.64 1.78751
91.65 1.78751
91.66 1.78751
91.67 1.78751
91.68 1.78751
91.69 1.78751
91.7 1.78751
91.71 1.78751
91.72 1.78751
91.73 1.78751
91.74 1.78751
91.75 1.78751
91.76 1.78751
91.77 1.78751
91.78 1.78751
91.79 1.78751
91.8 1.78751
91.81 1.78751
91.82 1.78751
91.83 1.78751
91.84 1.78751
91.85 1.78751
91.86 1.78751
91.87 1.78751
91.88 1.78751
91.89 1.78751
91.9 1.78751
91.91 1.78751
91.92 1.78751
91.93 1.78751
91.94 1.78751
91.95 1.78751
91.96 1.7875
91.97 1.7875
91.98 1.7875
91.99 1.7875
92 1.7875
92.01 1.7875
92.02 1.7875
92.03 1.7875
92.04 1.7875
92.05 1.7875
92.06 1.7875
92.07 1.7875
92.08 1.7875
92.09 1.7875
92.1 1.7875
92.11 1.7875
92.12 1.7875
92.13 1.7875
92.14 1.7875
92.15 1.7875
92.16 1.7875
92.17 1.7875
92.18 1.7875
92.19 1.7875
92.2 1.7875
92.21 1.7875
92.22 1.7875
92.23 1.7875
92.24 1.7875
92.25 1.7875
92.26 1.7875
92.27 1.7875
92.28 1.7875
92.29 1.7875
92.3 1.7875
92.31 1.7875
92.32 1.7875
92.33 1.7875
92.34 1.7875
92.35 1.7875
92.36 1.7875
92.37 1.7875
92.38 1.7875
92.39 1.7875
92.4 1.7875
92.41 1.7875
92.42 1.7875
92.43 1.7875
92.44 1.7875
92.45 1.7875
92.46 1.7875
92.47 1.7875
92.48 1.7875
92.49 1.7875
92.5 1.7875
92.51 1.7875
92.52 1.7875
92.53 1.7875
92.54 1.7875
92.55 1.7875
92.56 1.7875
92.57 1.7875
92.58 1.7875
92.59 1.7875
92.6 1.7875
92.61 1.7875
92.62 1.7875
92.63 1.7875
92.64 1.7875
92.65 1.7875
92.66 1.7875
92.67 1.7875
92.68 1.7875
92.69 1.7875
92.7 1.7875
92.71 1.7875
92.72 1.7875
92.73 1.7875
92.74 1.7875
92.75 1.7875
92.76 1.7875
92.77 1.7875
92.78 1.7875
92.79 1.7875
92.8 1.7875
92.81 1.7875
92.82 1.7875
92.83 1.7875
92.84 1.7875
92.85 1.78751
92.86 1.78751
92.87 1.78751
92.88 1.78751
92.89 1.78751
92.9 1.78751
92.91 1.78751
92.92 1.78751
92.93 1.78751
92.94 1.78751
92.95 1.78751
92.96 1.78751
92.97 1.78751
92.98 1.78751
92.99 1.78751
93 1.78751
93.01 1.78751
93.02 1.78751
93.03 1.78751
93.04 1.78751
93.05 1.78751
93.06 1.78751
93.07 1.78751
93.08 1.78751
93.09 1.78751
93.1 1.78751
93.11 1.78751
93.12 1.78751
93.13 1.78751
93.14 1.78751
93.15 1.78751
93.16 1.78751
93.17 1.78751
93.18 1.78751
93.19 1.78751
93.2 1.78751
93.21 1.78751
93.22 1.78751
93.23 1.78751
93.24 1.78751
93.25 1.78751
93.26 1.78751
93.27 1.78751
93.28 1.78751
93.29 1.78751
93.3 1.78751
93.31 1.78751
93.32 1.78751
93.33 1.78751
93.34 1.78751
93.35 1.78751
93.36 1.78751
93.37 1.78751
93.38 1.78751
93.39 1.78751
93.4 1.78751
93.41 1.78751
93.42 1.78751
93.43 1.78751
93.44 1.78751
93.45 1.78751
93.46 1.78751
93.47 1.78751
93.48 1.78751
93.49 1.78751
93.5 1.78751
93.51 1.78751
93.52 1.78751
93.53 1.78751
93.54 1.78751
93.55 1.78751
93.56 1.78751
93.57 1.78752
93.58 1.78752
93.59 1.78752
93.6 1.78752
93.61 1.78752
93.62 1.78752
93.63 1.78752
93.64 1.78752
93.65 1.78752
93.66 1.78752
93.67 1.78752
93.68 1.78752
93.69 1.78752
93.7 1.78752
93.71 1.78752
93.72 1.78752
93.73 1.78752
93.74 1.78752
93.75 1.78752
93.76 1.78752
93.77 1.78752
93.78 1.78752
93.79 1.78752
93.8 1.78752
93.81 1.78752
93.82 1.78752
93.83 1.78752
93.84 1.78752
93.85 1.78752
93.86 1.78752
93.87 1.78752
93.88 1.78752
93.89 1.78752
93.9 1.78752
93.91 1.78752
93.92 1.78752
93.93 1.78752
93.94 1.78752
93.95 1.78752
93.96 1.78752
93.97 1.78752
93.98 1.78752
93.99 1.78752
94 1.78752
94.01 1.78752
94.02 1.78752
94.03 1.78752
94.04 1.78752
94.05 1.78752
94.06 1.78752
94.07 1.78752
94.08 1.78752
94.09 1.78752
94.1 1.78752
94.11 1.78752
94.12 1.78752
94.13 1.78752
94.14 1.78752
94.15 1.78752
94.16 1.78752
94.17 1.78752
94.18 1.78752
94.19 1.78752
94.2 1.78752
94.21 1.78752
94.22 1.78752
94.23 1.78752
94.24 1.78752
94.25 1.78752
94.26 1.78752
94.27 1.78752
94.28 1.78752
94.29 1.78752
94.3 1.78752
94.31 1.78752
94.32 1.78752
94.33 1.78752
94.34 1.78752
94.35 1.78752
94.36 1.78752
94.37 1.78752
94.38 1.78752
94.39 1.78752
94.4 1.78752
94.41 1.78752
94.42 1.78752
94.43 1.78752
94.44 1.78752
94.45 1.78752
94.46 1.78752
94.47 1.78752
94.48 1.78752
94.49 1.78752
94.5 1.78752
94.51 1.78752
94.52 1.78752
94.53 1.78752
94.54 1.78752
94.55 1.78752
94.56 1.78752
94.57 1.78752
94.58 1.78752
94.59 1.78752
94.6 1.78752
94.61 1.78752
94.62 1.78752
94.63 1.78752
94.64 1.78752
94.65 1.78752
94.66 1.78752
94.67 1.78752
94.68 1.78752
94.69 1.78752
94.7 1.78752
94.71 1.78752
94.72 1.78752
94.73 1.78752
94.74 1.78752
94.75 1.78752
94.76 1.78752
94.77 1.78752
94.78 1.78752
94.79 1.78752
94.8 1.78752
94.81 1.78752
94.82 1.78752
94.83 1.78752
94.84 1.78752
94.85 1.78752
94.86 1.78752
94.87 1.78752
94.88 1.78752
94.89 1.78752
94.9 1.78752
94.91 1.78752
94.92 1.78752
94.93 1.78752
94.94 1.78752
94.95 1.78752
94.96 1.78752
94.97 1.78752
94.98 1.78752
94.99 1.78752
95 1.78752
95.01 1.78752
95.02 1.78752
95.03 1.78752
95.04 1.78752
95.05 1.78752
95.06 1.78752
95.07 1.78752
95.08 1.78752
95.09 1.78752
95.1 1.78752
95.11 1.78752
95.12 1.78752
95.13 1.78752
95.14 1.78752
95.15 1.78752
95.16 1.78752
95.17 1.78752
95.18 1.78752
95.19 1.78752
95.2 1.78752
95.21 1.78752
95.22 1.78752
95.23 1.78752
95.24 1.78752
95.25 1.78752
95.26 1.78752
95.27 1.78752
95.28 1.78752
95.29 1.78752
95.3 1.78752
95.31 1.78752
95.32 1.78752
95.33 1.78752
95.34 1.78752
95.35 1.78752
95.36 1.78752
95.37 1.78752
95.38 1.78752
95.39 1.78752
95.4 1.78751
95.41 1.78751
95.42 1.78751
95.43 1.78751
95.44 1.78751
95.45 1.78751
95.46 1.78751
95.47 1.78751
95.48 1.78751
95.49 1.78751
95.5 1.78751
95.51 1.78751
95.52 1.78751
95.53 1.78751
95.54 1.78751
95.55 1.78751
95.56 1.78751
95.57 1.78751
95.58 1.78751
95.59 1.78751
95.6 1.78751
95.61 1.78751
95.62 1.78751
95.63 1.78751
95.64 1.78751
95.65 1.78751
95.66 1.78751
95.67 1.78751
95.68 1.78751
95.69 1.78751
95.7 1.78751
95.71 1.78751
95.72 1.78751
95.73 1.78751
95.74 1.78751
95.75 1.78751
95.76 1.78751
95.77 1.78751
95.78 1.78751
95.79 1.78751
95.8 1.78751
95.81 1.78751
95.82 1.78751
95.83 1.78751
95.84 1.78751
95.85 1.78751
95.86 1.78751
95.87 1.78751
95.88 1.78751
95.89 1.78751
95.9 1.78751
95.91 1.78751
95.92 1.78751
95.93 1.78751
95.94 1.78751
95.95 1.78751
95.96 1.78751
95.97 1.78751
95.98 1.78751
95.99 1.78751
96 1.78751
96.01 1.78751
96.02 1.78751
96.03 1.78751
96.04 1.78751
96.05 1.78751
96.06 1.78751
96.07 1.78751
96.08 1.78751
96.09 1.78751
96.1 1.78751
96.11 1.78751
96.12 1.78751
96.13 1.78751
96.14 1.78751
96.15 1.78751
96.16 1.78751
96.17 1.78751
96.18 1.78751
96.19 1.78751
96.2 1.78751
96.21 1.78751
96.22 1.78751
96.23 1.78751
96.24 1.78751
96.25 1.78751
96.26 1.78751
96.27 1.78751
96.28 1.78751
96.29 1.78751
96.3 1.78751
96.31 1.78751
96.32 1.78751
96.33 1.78751
96.34 1.78751
96.35 1.78751
96.36 1.78751
96.37 1.78751
96.38 1.78751
96.39 1.78751
96.4 1.78751
96.41 1.78751
96.42 1.78751
96.43 1.78751
96.44 1.78751
96.45 1.78751
96.46 1.78751
96.47 1.78751
96.48 1.78751
96.49 1.78751
96.5 1.78751
96.51 1.78751
96.52 1.78751
96.53 1.78751
96.54 1.78751
96.55 1.78751
96.56 1.78751
96.57 1.78751
96.58 1.78751
96.59 1.78751
96.6 1.78751
96.61 1.78751
96.62 1.78751
96.63 1.78751
96.64 1.78751
96.65 1.78751
96.66 1.78751
96.67 1.78751
96.68 1.78751
96.69 1.78751
96.7 1.78751
96.71 1.78751
96.72 1.78751
96.73 1.78751
96.74 1.78751
96.75 1.78751
96.76 1.78751
96.77 1.78751
96.78 1.78751
96.79 1.78751
96.8 1.78751
96.81 1.78751
96.82 1.78751
96.83 1.78751
96.84 1.78751
96.85 1.78751
96.86 1.78751
96.87 1.78751
96.88 1.78751
96.89 1.78751
96.9 1.78751
96.91 1.78751
96.92 1.78751
96.93 1.78751
96.94 1.78751
96.95 1.78751
96.96 1.78751
96.97 1.78751
96.98 1.78751
96.99 1.78751
97 1.78751
97.01 1.78751
97.02 1.78751
97.03 1.78751
97.04 1.78751
97.05 1.78751
97.06 1.78751
97.07 1.78751
97.08 1.78751
97.09 1.78751
97.1 1.78751
97.11 1.78751
97.12 1.78751
97.13 1.78751
97.14 1.78751
97.15 1.78751
97.16 1.78751
97.17 1.78751
97.18 1.78751
97.19 1.78751
97.2 1.78751
97.21 1.78751
97.22 1.78751
97.23 1.78751
97.24 1.78751
97.25 1.78751
97.26 1.78751
97.27 1.78751
97.28 1.78751
97.29 1.78751
97.3 1.78751
97.31 1.78751
97.32 1.78751
97.33 1.78751
97.34 1.78751
97.35 1.78751
97.36 1.78751
97.37 1.78751
97.38 1.78751
97.39 1.78751
97.4 1.78751
97.41 1.78751
97.42 1.78751
97.43 1.78751
97.44 1.78751
97.45 1.78751
97.46 1.78751
97.47 1.78751
97.48 1.78751
97.49 1.78751
97.5 1.78751
97.51 1.78751
97.52 1.78751
97.53 1.78751
97.54 1.78751
97.55 1.78751
97.56 1.78751
97.57 1.78751
97.58 1.78751
97.59 1.78751
97.6 1.78751
97.61 1.78751
97.62 1.78752
97.63 1.78752
97.64 1.78752
97.65 1.78752
97.66 1.78752
97.67 1.78752
97.68 1.78752
97.69 1.78752
97.7 1.78752
97.71 1.78752
97.72 1.78752
97.73 1.78752
97.74 1.78752
97.75 1.78752
97.76 1.78752
97.77 1.78752
97.78 1.78752
97.79 1.78752
97.8 1.78752
97.81 1.78752
97.82 1.78752
97.83 1.78752
97.84 1.78752
97.85 1.78752
97.86 1.78752
97.87 1.78752
97.88 1.78752
97.89 1.78752
97.9 1.78752
97.91 1.78752
97.92 1.78752
97.93 1.78752
97.94 1.78752
97.95 1.78752
97.96 1.78752
97.97 1.78752
97.98 1.78752
97.99 1.78752
98 1.78752
98.01 1.78752
98.02 1.78752
98.03 1.78752
98.04 1.78752
98.05 1.78752
98.06 1.78752
98.07 1.78752
98.08 1.78752
98.09 1.78752
98.1 1.78752
98.11 1.78752
98.12 1.78752
98.13 1.78752
98.14 1.78752
98.15 1.78752
98.16 1.78752
98.17 1.78752
98.18 1.78752
98.19 1.78752
98.2 1.78752
98.21 1.78752
98.22 1.78752
98.23 1.78752
98.24 1.78752
98.25 1.78752
98.26 1.78752
98.27 1.78752
98.28 1.78752
98.29 1.78752
98.3 1.78752
98.31 1.78752
98.32 1.78752
98.33 1.78752
98.34 1.78752
98.35 1.78752
98.36 1.78752
98.37 1.78752
98.38 1.78752
98.39 1.78752
98.4 1.78752
98.41 1.78752
98.42 1.78752
98.43 1.78752
98.44 1.78752
98.45 1.78752
98.46 1.78752
98.47 1.78752
98.48 1.78752
98.49 1.78752
98.5 1.78752
98.51 1.78752
98.52 1.78752
98.53 1.78752
98.54 1.78752
98.55 1.78752
98.56 1.78752
98.57 1.78752
98.58 1.78752
98.59 1.78752
98.6 1.78752
98.61 1.78752
98.62 1.78752
98.63 1.78752
98.64 1.78752
98.65 1.78752
98.66 1.78752
98.67 1.78752
98.68 1.78752
98.69 1.78752
98.7 1.78752
98.71 1.78752
98.72 1.78752
98.73 1.78752
98.74 1.78752
98.75 1.78752
98.76 1.78752
98.77 1.78752
98.78 1.78752
98.79 1.78752
98.8 1.78752
98.81 1.78752
98.82 1.78752
98.83 1.78752
98.84 1.78752
98.85 1.78752
98.86 1.78752
98.87 1.78752
98.88 1.78752
98.89 1.78752
98.9 1.78752
98.91 1.78752
98.92 1.78752
98.93 1.78752
98.94 1.78752
98.95 1.78752
98.96 1.78752
98.97 1.78752
98.98 1.78752
98.99 1.78752
99 1.78752
99.01 1.78752
99.02 1.78752
99.03 1.78752
99.04 1.78752
99.05 1.78752
99.06 1.78752
99.07 1.78752
99.08 1.78752
99.09 1.78752
99.1 1.78752
99.11 1.78752
99.12 1.78752
99.13 1.78752
99.14 1.78752
99.15 1.78752
99.16 1.78752
99.17 1.78752
99.18 1.78752
99.19 1.78752
99.2 1.78752
99.21 1.78752
99.22 1.78752
99.23 1.78752
99.24 1.78752
99.25 1.78752
99.26 1.78752
99.27 1.78752
99.28 1.78752
99.29 1.78752
99.3 1.78752
99.31 1.78752
99.32 1.78752
99.33 1.78752
99.34 1.78752
99.35 1.78752
99.36 1.78752
99.37 1.78752
99.38 1.78752
99.39 1.78752
99.4 1.78752
99.41 1.78752
99.42 1.78752
99.43 1.78752
99.44 1.78752
99.45 1.78752
99.46 1.78752
99.47 1.78752
99.48 1.78752
99.49 1.78752
99.5 1.78752
99.51 1.78752
99.52 1.78752
99.53 1.78752
99.54 1.78752
99.55 1.78752
99.56 1.78752
99.57 1.78752
99.58 1.78752
99.59 1.78752
99.6 1.78752
99.61 1.78752
99.62 1.78752
99.63 1.78752
99.64 1.78752
99.65 1.78752
99.66 1.78752
99.67 1.78752
99.68 1.78752
99.69 1.78752
99.7 1.78752
99.71 1.78752
99.72 1.78752
99.73 1.78752
99.74 1.78752
99.75 1.78752
99.76 1.78752
99.77 1.78752
99.78 1.78752
99.79 1.78752
99.8 1.78752
99.81 1.78752
99.82 1.78752
99.83 1.78752
99.84 1.78752
99.85 1.78752
99.86 1.78752
99.87 1.78752
99.88 1.78752
99.89 1.78752
99.9 1.78752
99.91 1.78752
99.92 1.78752
99.93 1.78752
99.94 1.78752
99.95 1.78752
99.96 1.78752
99.97 1.78752
99.98 1.78752
99.99 1.78752
100 1.78752
100.01 1.78752
100.02 1.78752
100.03 1.78752
100.04 1.78752
100.05 1.78752
100.06 1.78752
100.07 1.78752
100.08 1.78752
100.09 1.78752
100.1 1.78752
100.11 1.78752
100.12 1.78752
100.13 1.78752
100.14 1.78752
100.15 1.78752
100.16 1.78752
100.17 1.78752
100.18 1.78752
100.19 1.78752
100.2 1.78752
100.21 1.78752
100.22 1.78752
100.23 1.78752
100.24 1.78752
100.25 1.78752
100.26 1.78752
100.27 1.78752
100.28 1.78752
100.29 1.78752
100.3 1.78752
100.31 1.78752
100.32 1.78752
100.33 1.78752
100.34 1.78752
100.35 1.78752
100.36 1.78752
100.37 1.78752
100.38 1.78752
100.39 1.78752
100.4 1.78752
100.41 1.78752
100.42 1.78752
100.43 1.78752
100.44 1.78752
100.45 1.78752
100.46 1.78752
100.47 1.78752
100.48 1.78752
100.49 1.78751
100.5 1.78751
100.51 1.78751
100.52 1.78751
100.53 1.78751
100.54 1.78751
100.55 1.78751
100.56 1.78751
100.57 1.78751
100.58 1.78751
100.59 1.78751
100.6 1.78751
100.61 1.78751
100.62 1.78751
100.63 1.78751
100.64 1.78751
100.65 1.78751
100.66 1.78751
100.67 1.78751
100.68 1.78751
100.69 1.78751
100.7 1.78751
100.71 1.78751
100.72 1.78751
100.73 1.78751
100.74 1.78751
100.75 1.78751
100.76 1.78751
100.77 1.78751
100.78 1.78751
100.79 1.78751
100.8 1.78751
100.81 1.78751
100.82 1.78751
100.83 1.78751
100.84 1.78751
100.85 1.78751
100.86 1.78751
100.87 1.78751
100.88 1.78751
100.89 1.78751
100.9 1.78751
100.91 1.78751
100.92 1.78751
100.93 1.78751
100.94 1.78751
100.95 1.78751
100.96 1.78751
100.97 1.78751
100.98 1.78751
100.99 1.78751
101 1.78751
101.01 1.78751
101.02 1.78751
101.03 1.78751
101.04 1.78751
101.05 1.78751
101.06 1.78751
101.07 1.78751
101.08 1.78751
101.09 1.78751
101.1 1.78751
101.11 1.78751
101.12 1.78751
101.13 1.78751
101.14 1.78751
101.15 1.78751
101.16 1.78751
101.17 1.78751
101.18 1.78751
101.19 1.78751
101.2 1.78751
101.21 1.78751
101.22 1.78751
101.23 1.78751
101.24 1.78751
101.25 1.78751
101.26 1.78751
101.27 1.78751
101.28 1.78751
101.29 1.78751
101.3 1.78751
101.31 1.78751
101.32 1.78751
101.33 1.78751
101.34 1.78751
101.35 1.78751
101.36 1.78751
101.37 1.78751
101.38 1.78751
101.39 1.78751
101.4 1.78751
101.41 1.78752
101.42 1.78752
101.43 1.78752
101.44 1.78752
101.45 1.78752
101.46 1.78752
101.47 1.78752
101.48 1.78752
101.49 1.78752
101.5 1.78752
101.51 1.78752
101.52 1.78752
101.53 1.78752
101.54 1.78752
101.55 1.78752
101.56 1.78752
101.57 1.78752
101.58 1.78752
101.59 1.78752
101.6 1.78752
101.61 1.78752
101.62 1.78752
101.63 1.78752
101.64 1.78752
101.65 1.78752
101.66 1.78752
101.67 1.78752
101.68 1.78752
101.69 1.78752
101.7 1.78752
101.71 1.78752
101.72 1.78752
101.73 1.78752
101.74 1.78752
101.75 1.78752
101.76 1.78752
101.77 1.78752
101.78 1.78752
101.79 1.78752
101.8 1.78752
101.81 1.78752
101.82 1.78752
101.83 1.78752
101.84 1.78752
101.85 1.78752
101.86 1.78752
101.87 1.78752
101.88 1.78752
101.89 1.78752
101.9 1.78752
101.91 1.78752
101.92 1.78752
101.93 1.78752
101.94 1.78752
101.95 1.78752
101.96 1.78752
101.97 1.78752
101.98 1.78752
101.99 1.78752
102 1.78752
102.01 1.78752
102.02 1.78752
102.03 1.78752
102.04 1.78752
102.05 1.78752
102.06 1.78752
102.07 1.78752
102.08 1.78752
102.09 1.78752
102.1 1.78752
102.11 1.78752
102.12 1.78752
102.13 1.78752
102.14 1.78752
102.15 1.78752
102.16 1.78752
102.17 1.78752
102.18 1.78752
102.19 1.78752
102.2 1.78752
102.21 1.78752
102.22 1.78752
102.23 1.78752
102.24 1.78752
102.25 1.78752
102.26 1.78752
102.27 1.78752
102.28 1.78752
102.29 1.78752
102.3 1.78752
102.31 1.78752
102.32 1.78752
102.33 1.78752
102.34 1.78752
102.35 1.78752
102.36 1.78752
102.37 1.78752
102.38 1.78752
102.39 1.78752
102.4 1.78752
102.41 1.78752
102.42 1.78752
102.43 1.78752
102.44 1.78752
102.45 1.78752
102.46 1.78752
102.47 1.78752
102.48 1.78752
102.49 1.78752
102.5 1.78752
102.51 1.78752
102.52 1.78752
102.53 1.78752
102.54 1.78752
102.55 1.78752
102.56 1.78752
102.57 1.78752
102.58 1.78752
102.59 1.78752
102.6 1.78752
102.61 1.78752
102.62 1.78752
102.63 1.78752
102.64 1.78752
102.65 1.78752
102.66 1.78752
102.67 1.78752
102.68 1.78752
102.69 1.78752
102.7 1.78752
102.71 1.78752
102.72 1.78752
102.73 1.78752
102.74 1.78752
102.75 1.78752
102.76 1.78752
102.77 1.78752
102.78 1.78752
102.79 1.78752
102.8 1.78752
102.81 1.78752
102.82 1.78752
102.83 1.78752
102.84 1.78752
102.85 1.78752
102.86 1.78752
102.87 1.78752
102.88 1.78752
102.89 1.78752
102.9 1.78752
102.91 1.78752
102.92 1.78752
102.93 1.78752
102.94 1.78752
102.95 1.78752
102.96 1.78752
102.97 1.78752
102.98 1.78752
102.99 1.78752
103 1.78752
103.01 1.78752
103.02 1.78752
103.03 1.78752
103.04 1.78752
103.05 1.78752
103.06 1.78752
103.07 1.78752
103.08 1.78752
103.09 1.78752
103.1 1.78752
103.11 1.78752
103.12 1.78752
103.13 1.78752
103.14 1.78752
103.15 1.78752
103.16 1.78752
103.17 1.78752
103.18 1.78752
103.19 1.78752
103.2 1.78752
103.21 1.78752
103.22 1.78752
103.23 1.78752
103.24 1.78752
103.25 1.78752
103.26 1.78752
103.27 1.78752
103.28 1.78752
103.29 1.78752
103.3 1.78752
103.31 1.78752
103.32 1.78752
103.33 1.78752
103.34 1.78752
103.35 1.78752
103.36 1.78752
103.37 1.78752
103.38 1.78752
103.39 1.78752
103.4 1.78752
103.41 1.78752
103.42 1.78752
103.43 1.78752
103.44 1.78752
103.45 1.78752
103.46 1.78752
103.47 1.78752
103.48 1.78752
103.49 1.78752
103.5 1.78752
103.51 1.78752
103.52 1.78752
103.53 1.78752
103.54 1.78752
103.55 1.78752
103.56 1.78752
103.57 1.78752
103.58 1.78752
103.59 1.78752
103.6 1.78752
103.61 1.78752
103.62 1.78752
103.63 1.78752
103.64 1.78752
103.65 1.78752
103.66 1.78752
103.67 1.78752
103.68 1.78752
103.69 1.78752
103.7 1.78752
103.71 1.78752
103.72 1.78752
103.73 1.78752
103.74 1.78752
103.75 1.78752
103.76 1.78752
103.77 1.78752
103.78 1.78752
103.79 1.78752
103.8 1.78752
103.81 1.78752
103.82 1.78752
103.83 1.78752
103.84 1.78752
103.85 1.78752
103.86 1.78752
103.87 1.78752
103.88 1.78752
103.89 1.78752
103.9 1.78752
103.91 1.78752
103.92 1.78752
103.93 1.78752
103.94 1.78752
103.95 1.78752
103.96 1.78752
103.97 1.78752
103.98 1.78752
103.99 1.78752
104 1.78752
104.01 1.78752
104.02 1.78752
104.03 1.78752
104.04 1.78752
104.05 1.78752
104.06 1.78752
104.07 1.78752
104.08 1.78752
104.09 1.78752
104.1 1.78752
104.11 1.78752
104.12 1.78752
104.13 1.78752
104.14 1.78752
104.15 1.78752
104.16 1.78752
104.17 1.78752
104.18 1.78752
104.19 1.78752
104.2 1.78752
104.21 1.78752
104.22 1.78752
104.23 1.78752
104.24 1.78752
104.25 1.78752
104.26 1.78752
104.27 1.78752
104.28 1.78752
104.29 1.78752
104.3 1.78752
104.31 1.78752
104.32 1.78752
104.33 1.78752
104.34 1.78752
104.35 1.78752
104.36 1.78752
104.37 1.78752
104.38 1.78752
104.39 1.78752
104.4 1.78752
104.41 1.78752
104.42 1.78752
104.43 1.78752
104.44 1.78752
104.45 1.78752
104.46 1.78752
104.47 1.78752
104.48 1.78752
104.49 1.78752
104.5 1.78752
104.51 1.78752
104.52 1.78752
104.53 1.78752
104.54 1.78752
104.55 1.78752
104.56 1.78752
104.57 1.78752
104.58 1.78752
104.59 1.78752
104.6 1.78752
104.61 1.78752
104.62 1.78752
104.63 1.78752
104.64 1.78752
104.65 1.78752
104.66 1.78752
104.67 1.78752
104.68 1.78752
104.69 1.78752
104.7 1.78752
104.71 1.78752
104.72 1.78752
104.73 1.78752
104.74 1.78752
104.75 1.78752
104.76 1.78752
104.77 1.78752
104.78 1.78752
104.79 1.78752
104.8 1.78752
104.81 1.78752
104.82 1.78752
104.83 1.78752
104.84 1.78752
104.85 1.78752
104.86 1.78752
104.87 1.78752
104.88 1.78752
104.89 1.78752
104.9 1.78752
104.91 1.78752
104.92 1.78752
104.93 1.78752
104.94 1.78752
104.95 1.78752
104.96 1.78752
104.97 1.78752
104.98 1.78752
104.99 1.78752
105 1.78752
105.01 1.78752
105.02 1.78752
105.03 1.78752
105.04 1.78752
105.05 1.78752
105.06 1.78752
105.07 1.78752
105.08 1.78752
105.09 1.78752
105.1 1.78752
105.11 1.78752
105.12 1.78752
105.13 1.78752
105.14 1.78752
105.15 1.78752
105.16 1.78752
105.17 1.78752
105.18 1.78752
105.19 1.78752
105.2 1.78752
105.21 1.78752
105.22 1.78752
105.23 1.78752
105.24 1.78752
105.25 1.78752
105.26 1.78752
105.27 1.78752
105.28 1.78752
105.29 1.78752
105.3 1.78752
105.31 1.78752
105.32 1.78752
105.33 1.78752
105.34 1.78752
105.35 1.78752
105.36 1.78752
105.37 1.78752
105.38 1.78752
105.39 1.78752
105.4 1.78752
105.41 1.78752
105.42 1.78752
105.43 1.78752
105.44 1.78752
105.45 1.78752
105.46 1.78752
105.47 1.78752
105.48 1.78752
105.49 1.78752
105.5 1.78752
105.51 1.78752
105.52 1.78752
105.53 1.78752
105.54 1.78752
105.55 1.78752
105.56 1.78752
105.57 1.78752
105.58 1.78752
105.59 1.78752
105.6 1.78752
105.61 1.78752
105.62 1.78752
105.63 1.78752
105.64 1.78752
105.65 1.78752
105.66 1.78752
105.67 1.78752
105.68 1.78752
105.69 1.78752
105.7 1.78752
105.71 1.78752
105.72 1.78752
105.73 1.78752
105.74 1.78752
105.75 1.78752
105.76 1.78752
105.77 1.78752
105.78 1.78752
105.79 1.78752
105.8 1.78752
105.81 1.78752
105.82 1.78752
105.83 1.78752
105.84 1.78752
105.85 1.78752
105.86 1.78752
105.87 1.78752
105.88 1.78752
105.89 1.78752
105.9 1.78752
105.91 1.78752
105.92 1.78752
105.93 1.78752
105.94 1.78752
105.95 1.78752
105.96 1.78752
105.97 1.78752
105.98 1.78752
105.99 1.78752
106 1.78752
106.01 1.78752
106.02 1.78752
106.03 1.78752
106.04 1.78752
106.05 1.78752
106.06 1.78752
106.07 1.78752
106.08 1.78752
106.09 1.78752
106.1 1.78752
106.11 1.78752
106.12 1.78752
106.13 1.78752
106.14 1.78752
106.15 1.78752
106.16 1.78752
106.17 1.78752
106.18 1.78752
106.19 1.78752
106.2 1.78752
106.21 1.78752
106.22 1.78752
106.23 1.78752
106.24 1.78752
106.25 1.78752
106.26 1.78752
106.27 1.78752
106.28 1.78752
106.29 1.78752
106.3 1.78752
106.31 1.78752
106.32 1.78752
106.33 1.78752
106.34 1.78752
106.35 1.78752
106.36 1.78752
106.37 1.78752
106.38 1.78752
106.39 1.78752
106.4 1.78752
106.41 1.78752
106.42 1.78752
106.43 1.78752
106.44 1.78752
106.45 1.78752
106.46 1.78752
106.47 1.78752
106.48 1.78752
106.49 1.78752
106.5 1.78752
106.51 1.78752
106.52 1.78752
106.53 1.78752
106.54 1.78752
106.55 1.78752
106.56 1.78752
106.57 1.78752
106.58 1.78752
106.59 1.78752
106.6 1.78752
106.61 1.78752
106.62 1.78752
106.63 1.78752
106.64 1.78752
106.65 1.78752
106.66 1.78752
106.67 1.78752
106.68 1.78752
106.69 1.78752
106.7 1.78752
106.71 1.78752
106.72 1.78752
106.73 1.78752
106.74 1.78752
106.75 1.78752
106.76 1.78752
106.77 1.78752
106.78 1.78752
106.79 1.78752
106.8 1.78752
106.81 1.78752
106.82 1.78752
106.83 1.78752
106.84 1.78752
106.85 1.78752
106.86 1.78752
106.87 1.78752
106.88 1.78752
106.89 1.78752
106.9 1.78752
106.91 1.78752
106.92 1.78752
106.93 1.78752
106.94 1.78752
106.95 1.78752
106.96 1.78752
106.97 1.78752
106.98 1.78752
106.99 1.78752
107 1.78752
107.01 1.78752
107.02 1.78752
107.03 1.78752
107.04 1.78752
107.05 1.78752
107.06 1.78752
107.07 1.78752
107.08 1.78752
107.09 1.78752
107.1 1.78752
107.11 1.78752
107.12 1.78752
107.13 1.78752
107.14 1.78752
107.15 1.78752
107.16 1.78752
107.17 1.78752
107.18 1.78752
107.19 1.78752
107.2 1.78752
107.21 1.78752
107.22 1.78752
107.23 1.78752
107.24 1.78752
107.25 1.78752
107.26 1.78752
107.27 1.78752
107.28 1.78752
107.29 1.78752
107.3 1.78752
107.31 1.78752
107.32 1.78752
107.33 1.78752
107.34 1.78752
107.35 1.78752
107.36 1.78752
107.37 1.78752
107.38 1.78752
107.39 1.78752
107.4 1.78752
107.41 1.78752
107.42 1.78752
107.43 1.78752
107.44 1.78752
107.45 1.78752
107.46 1.78752
107.47 1.78752
107.48 1.78752
107.49 1.78752
107.5 1.78752
107.51 1.78752
107.52 1.78752
107.53 1.78752
107.54 1.78752
107.55 1.78752
107.56 1.78752
107.57 1.78752
107.58 1.78752
107.59 1.78752
107.6 1.78752
107.61 1.78752
107.62 1.78752
107.63 1.78752
107.64 1.78752
107.65 1.78752
107.66 1.78752
107.67 1.78752
107.68 1.78752
107.69 1.78752
107.7 1.78752
107.71 1.78752
107.72 1.78752
107.73 1.78752
107.74 1.78752
107.75 1.78752
107.76 1.78752
107.77 1.78752
107.78 1.78752
107.79 1.78752
107.8 1.78752
107.81 1.78752
107.82 1.78752
107.83 1.78752
107.84 1.78752
107.85 1.78752
107.86 1.78752
107.87 1.78752
107.88 1.78752
107.89 1.78752
107.9 1.78752
107.91 1.78752
107.92 1.78752
107.93 1.78752
107.94 1.78752
107.95 1.78752
107.96 1.78752
107.97 1.78752
107.98 1.78752
107.99 1.78752
108 1.78752
108.01 1.78752
108.02 1.78752
108.03 1.78752
108.04 1.78752
108.05 1.78752
108.06 1.78752
108.07 1.78752
108.08 1.78752
108.09 1.78752
108.1 1.78752
108.11 1.78752
108.12 1.78752
108.13 1.78752
108.14 1.78752
108.15 1.78752
108.16 1.78752
108.17 1.78752
108.18 1.78752
108.19 1.78752
108.2 1.78752
108.21 1.78752
108.22 1.78752
108.23 1.78752
108.24 1.78752
108.25 1.78752
108.26 1.78752
108.27 1.78752
108.28 1.78752
108.29 1.78752
108.3 1.78752
108.31 1.78752
108.32 1.78752
108.33 1.78752
108.34 1.78752
108.35 1.78752
108.36 1.78752
108.37 1.78752
108.38 1.78752
108.39 1.78752
108.4 1.78752
108.41 1.78752
108.42 1.78752
108.43 1.78752
108.44 1.78752
108.45 1.78752
108.46 1.78752
108.47 1.78752
108.48 1.78752
108.49 1.78752
108.5 1.78752
108.51 1.78752
108.52 1.78752
108.53 1.78752
108.54 1.78752
108.55 1.78752
108.56 1.78752
108.57 1.78752
108.58 1.78752
108.59 1.78752
108.6 1.78752
108.61 1.78752
108.62 1.78752
108.63 1.78752
108.64 1.78752
108.65 1.78752
108.66 1.78752
108.67 1.78752
108.68 1.78752
108.69 1.78752
108.7 1.78752
108.71 1.78752
108.72 1.78752
108.73 1.78752
108.74 1.78752
108.75 1.78752
108.76 1.78752
108.77 1.78752
108.78 1.78752
108.79 1.78752
108.8 1.78752
108.81 1.78752
108.82 1.78752
108.83 1.78752
108.84 1.78752
108.85 1.78752
108.86 1.78752
108.87 1.78752
108.88 1.78752
108.89 1.78752
108.9 1.78752
108.91 1.78752
108.92 1.78752
108.93 1.78752
108.94 1.78752
108.95 1.78752
108.96 1.78752
108.97 1.78752
108.98 1.78752
108.99 1.78752
109 1.78752
109.01 1.78752
109.02 1.78752
109.03 1.78752
109.04 1.78752
109.05 1.78752
109.06 1.78752
109.07 1.78752
109.08 1.78752
109.09 1.78752
109.1 1.78752
109.11 1.78752
109.12 1.78752
109.13 1.78752
109.14 1.78752
109.15 1.78752
109.16 1.78752
109.17 1.78752
109.18 1.78752
109.19 1.78752
109.2 1.78752
109.21 1.78752
109.22 1.78752
109.23 1.78752
109.24 1.78752
109.25 1.78752
109.26 1.78752
109.27 1.78752
109.28 1.78752
109.29 1.78752
109.3 1.78752
109.31 1.78752
109.32 1.78752
109.33 1.78752
109.34 1.78752
109.35 1.78752
109.36 1.78752
109.37 1.78752
109.38 1.78752
109.39 1.78752
109.4 1.78752
109.41 1.78752
109.42 1.78752
109.43 1.78752
109.44 1.78752
109.45 1.78752
109.46 1.78752
109.47 1.78752
109.48 1.78752
109.49 1.78752
109.5 1.78752
109.51 1.78752
109.52 1.78752
109.53 1.78752
109.54 1.78752
109.55 1.78752
109.56 1.78752
109.57 1.78752
109.58 1.78752
109.59 1.78752
109.6 1.78752
109.61 1.78752
109.62 1.78752
109.63 1.78752
109.64 1.78752
109.65 1.78752
109.66 1.78752
109.67 1.78752
109.68 1.78752
109.69 1.78752
109.7 1.78752
109.71 1.78752
109.72 1.78752
109.73 1.78752
109.74 1.78752
109.75 1.78752
109.76 1.78752
109.77 1.78752
109.78 1.78752
109.79 1.78752
109.8 1.78752
109.81 1.78752
109.82 1.78752
109.83 1.78752
109.84 1.78752
109.85 1.78752
109.86 1.78752
109.87 1.78752
109.88 1.78752
109.89 1.78752
109.9 1.78752
109.91 1.78752
109.92 1.78752
109.93 1.78752
109.94 1.78752
109.95 1.78752
109.96 1.78752
109.97 1.78752
109.98 1.78752
109.99 1.78752
110 1.78752
110.01 1.78752
110.02 1.78752
