0.01 0.0155132 -0.253329 0.266969 -0.0259264 -0.0290529 0.0238211 -0.101316 0.00689494 0.824083 0.815919
0.11 -0.568101 -10.4397 6.7294 2.19408 -0.867324 2.33994 -0.292408 0.171187 6.79407 6.34314
0.21 -2.6574 -32.9691 17.9651 8.6737 -2.67086 8.27134 0.537669 0.554718 10.1272 8.66408
0.31 -6.3082 -66.8405 33.4066 19.2575 -5.58189 17.9033 1.37606 0.963896 12.606 9.76142
0.41 -11.5523 -110.807 53.5011 33.9693 -9.41262 31.2589 1.82624 1.383 13.862 9.42662
0.51 -18.392 -163.833 77.0129 52.7556 -14.0477 48.2628 1.77042 1.82111 13.9806 7.87005
0.61 -26.6644 -225.625 100.383 75.3295 -19.7207 68.5986 1.7048 2.24907 14.2844 6.52896
0.71 -36.3311 -295.433 123.6 101.583 -26.4051 92.1397 1.64392 2.66627 14.7077 5.456
0.81 -47.3582 -372.56 146.723 131.417 -34.0675 118.77 1.58745 3.07297 15.1709 4.67376
0.91 -59.7128 -456.365 169.785 164.734 -42.6755 148.376 1.53507 3.46943 15.6144 4.15797
1.01 -73.3628 -546.267 192.81 201.441 -52.198 180.85 1.48648 3.85592 15.994 3.84556
1.11 -88.2768 -641.733 215.811 241.446 -62.6046 216.089 1.44141 4.23267 16.2769 3.68196
1.21 -104.424 -742.279 238.797 284.658 -73.8662 253.991 1.3996 4.59995 16.4398 3.63519
1.31 -121.775 -847.46 261.773 330.993 -85.9544 294.459 1.36081 4.95799 16.4672 3.6885
1.41 -140.3 -956.872 284.743 380.365 -98.842 337.401 1.32482 5.30701 16.3503 3.83217
1.51 -159.971 -1070.15 307.709 432.691 -112.502 382.727 1.29142 5.64725 16.0857 4.05927
1.61 -180.76 -1186.95 330.672 487.893 -126.91 430.349 1.26041 5.97893 15.6752 4.36502
1.71 -202.64 -1306.96 353.633 545.893 -142.04 480.184 1.23161 6.30225 15.1252 4.74812
1.81 -225.585 -1429.91 376.592 606.614 -157.869 532.151 1.20485 6.61744 14.446 5.21216
1.91 -249.568 -1555.54 399.55 669.982 -174.374 586.174 1.17996 6.92469 13.6512 5.76522
2.01 -274.565 -1683.62 422.506 735.927 -191.531 642.176 1.1568 7.2242 12.7578 6.41628
2.11 -300.55 -1813.93 445.462 804.379 -209.321 700.087 1.1352 7.51616 11.7849 7.16903
2.21 -327.501 -1946.27 468.416 875.269 -227.72 759.836 1.11501 7.80077 10.7542 8.0164
2.31 -355.392 -2080.48 491.37 948.532 -246.711 821.357 1.0961 8.07819 9.68898 8.93947
2.41 -384.203 -2216.37 514.323 1024.1 -266.272 884.585 1.07832 8.34862 8.61482 9.91091
2.51 -413.91 -2353.82 537.275 1101.92 -286.385 949.458 1.06152 8.61222 7.5612 10.8998
2.61 -444.492 -2492.68 560.226 1181.92 -307.032 1015.92 1.04553 8.86915 6.5656 11.8753
2.71 -475.927 -2632.83 583.176 1264.05 -328.194 1083.9 1.03021 9.11957 5.6773 12.8084
2.81 -508.195 -2774.15 606.126 1348.25 -349.856 1153.36 1.01537 9.36364 4.94782 13.6728
2.91 -541.275 -2916.55 629.075 1434.45 -372 1224.24 1.00084 9.60151 4.40125 14.4453
3.01 -575.148 -3059.92 652.024 1522.62 -394.611 1296.48 0.98641 9.83332 4.02218 15.1057
3.11 -609.795 -3204.19 674.971 1612.69 -417.673 1370.04 0.971855 10.0592 3.77992 15.6373
3.21 -645.197 -3349.27 697.919 1704.62 -441.17 1444.87 0.956931 10.2793 3.65045 16.0267
3.31 -681.335 -3495.1 720.865 1798.35 -465.09 1520.92 0.941366 10.4937 3.62007 16.2644
3.41 -718.192 -3641.61 743.811 1893.83 -489.417 1598.15 0.924861 10.7025 3.68125 16.3443
3.51 -755.75 -3788.73 766.756 1991.02 -514.138 1676.51 0.90708 10.9059 3.82868 16.2641
3.61 -793.992 -3936.42 789.7 2089.87 -539.241 1755.97 0.887657 11.1039 4.05759 16.0252
3.71 -832.902 -4084.62 812.643 2190.33 -564.711 1836.49 0.866189 11.2967 4.3642 15.6328
3.81 -872.463 -4233.29 835.584 2292.37 -590.538 1918.01 0.842237 11.4843 4.7477 15.0955
3.91 -912.659 -4382.39 858.525 2395.93 -616.71 2000.52 0.815327 11.6667 5.21193 14.4251
4.01 -953.476 -4531.88 881.464 2500.98 -643.214 2083.97 0.784953 11.8442 5.76508 13.6366
4.11 -994.897 -4681.72 904.401 2607.48 -670.04 2168.33 0.75058 12.0167 6.4162 12.7475
4.21 -1036.87 -4831.57 927.109 2715.29 -697.15 2253.47 0.711649 12.1843 7.16898 11.7778
4.31 -1077.21 -4962.95 937.314 2818.51 -722.893 2333.97 0.667589 12.347 8.01637 10.7492
4.41 -1114.7 -5067.22 933.668 2913.92 -746.385 2406.93 0.617825 12.5049 8.93945 9.68546
4.51 -1149.43 -5146.72 921.35 3001.75 -767.699 2472.64 0.561788 12.658 9.9109 8.61236
4.61 -1181.45 -5203.63 903.602 3082.19 -786.909 2531.34 0.498936 12.8064 10.8998 7.55951
4.71 -1210.83 -5239.92 882.456 3155.44 -804.083 2583.31 0.428761 12.9501 11.8753 6.56447
4.81 -1237.64 -5257.37 859.181 3221.7 -819.288 2628.78 0.35081 13.0891 12.8084 5.67659
4.91 -1261.94 -5257.63 834.573 3281.16 -832.59 2667.99 0.2647 13.2235 13.6728 4.94742
5.01 -1283.79 -5242.2 809.13 3334 -844.051 2701.17 0.170132 13.3534 14.4453 4.40104
5.11 -1303.24 -5212.45 783.163 3380.4 -853.732 2728.53 0.066901 13.4787 15.1057 4.02208
5.21 -1320.36 -5169.62 756.868 3420.53 -861.692 2750.28 -0.0450888 13.5995 15.6372 3.77987
5.31 -1335.2 -5114.85 730.366 3454.56 -867.987 2766.64 -0.165823 13.716 16.0267 3.65043
5.41 -1347.81 -5049.19 703.735 3482.65 -872.672 2777.79 -0.295172 13.8281 16.2644 3.62006
5.51 -1358.26 -4973.58 677.022 3504.97 -875.801 2783.92 -0.432894 13.9359 16.3443 3.68124
5.61 -1366.59 -4888.89 650.257 3521.68 -877.425 2785.22 -0.578638 14.0396 16.2641 3.82868
5.71 -1372.85 -4795.9 623.459 3532.91 -877.593 2781.86 -0.731955 14.1392 16.0252 4.05759
5.81 -1377.1 -4695.35 596.641 3538.83 -876.354 2774.01 -0.892311 14.2348 15.6328 4.3642
5.91 -1379.38 -4587.89 569.809 3539.57 -873.753 2761.83 -1.05909 14.3265 15.0955 4.7477
6.01 -1379.74 -4474.13 542.969 3535.27 -869.837 2745.49 -1.23164 14.4145 14.4251 5.21193
6.11 -1378.23 -4354.6 516.123 3526.07 -864.648 2725.12 -1.40924 14.4989 13.6366 5.76508
6.21 -1374.89 -4229.83 489.275 3512.11 -858.228 2700.88 -1.59116 14.5797 12.7475 6.4162
6.31 -1369.77 -4100.25 462.424 3493.51 -850.619 2672.91 -1.77664 14.6572 11.7778 7.16898
6.41 -1362.9 -3966.3 435.571 3470.39 -841.858 2641.35 -1.96494 14.7313 10.7492 8.01637
6.51 -1354.34 -3828.36 408.718 3442.88 -831.985 2606.31 -2.15533 14.8024 9.68546 8.93945
6.61 -1344.12 -3686.76 381.864 3411.09 -821.037 2567.94 -2.3471 14.8704 8.61236 9.9109
6.71 -1332.28 -3541.83 355.009 3375.15 -809.048 2526.35 -2.53956 14.9355 7.55951 10.8998
6.81 -1318.86 -3393.87 328.154 3335.16 -796.053 2481.66 -2.73207 14.9979 6.56447 11.8753
6.91 -1303.9 -3243.13 301.298 3291.24 -782.085 2433.98 -2.92403 15.0576 5.67659 12.8084
7.01 -1287.45 -3089.85 274.442 3243.49 -767.176 2383.42 -3.11488 15.1147 4.94742 13.6728
7.11 -1269.52 -2934.26 247.585 3192 -751.358 2330.08 -3.30413 15.1694 4.40104 14.4453
7.21 -1250.16 -2776.56 220.727 3136.9 -734.66 2274.06 -3.4913 15.2219 4.02208 15.1057
7.31 -1229.41 -2616.93 193.869 3078.26 -717.111 2215.47 -3.676 15.272 3.77987 15.6372
7.41 -1207.29 -2455.54 167.009 3016.19 -698.74 2154.39 -3.85785 15.3201 3.65043 16.0267
7.51 -1183.84 -2292.54 140.149 2950.78 -679.573 2090.92 -4.03654 15.3662 3.62006 16.2644
7.61 -1159.1 -2128.07 113.288 2882.11 -659.637 2025.14 -4.21179 15.4103 3.68124 16.3443
7.71 -1133.09 -1962.27 86.4261 2810.29 -638.957 1957.14 -4.38338 15.4525 3.82868 16.2641
7.81 -1105.85 -1795.79 59.5113 2735.57 -617.693 1887.01 -4.55111 15.4931 4.05759 16.0252
7.91 -1078.55 -1639.83 38.824 2661.65 -597.11 1817.65 -4.71481 15.5319 4.3642 15.6328
8.01 -1051.91 -1497.47 25.8278 2589.72 -577.219 1750.79 -4.87437 15.5691 4.7477 15.0955
8.11 -1025.9 -1367.53 17.6461 2519.74 -557.997 1686.35 -5.02969 15.6048 5.21193 14.4251
8.21 -1000.52 -1248.93 12.4784 2451.66 -539.423 1624.23 -5.18069 15.6391 5.76505 13.6366
8.31 -975.746 -1140.69 9.19671 2385.42 -521.474 1564.35 -5.32744 15.672 6.41484 12.7461
8.41 -951.565 -1041.89 7.08556 2320.98 -504.13 1506.64 -5.47081 15.7039 7.15243 11.7609
8.51 -927.967 -951.727 5.66691 2258.28 -487.371 1451 -5.61443 15.7364 7.92429 10.6559
8.61 -904.946 -869.441 4.59588 2197.28 -471.175 1397.39 -5.76611 15.7725 8.62109 9.36473
8.71 -882.499 -794.358 3.58564 2137.93 -455.524 1345.73 -5.93999 15.8177 9.06272 7.76402
8.81 -860.641 -725.875 2.26592 2080.18 -440.394 1295.99 -6.167 15.884 8.87342 5.57579
8.91 -839.399 -663.45 0.256384 2023.97 -425.763 1248.14 -6.49319 15.9889 7.5925 2.73314
9.01 -818.724 -606.525 -1.71892 1969.28 -411.619 1202.07 -6.87869 16.1156 6.11898 0.234004
9.11 -798.554 -554.58 -3.10869 1916.07 -397.951 1157.68 -7.26775 16.242 5.24643 -1.74892
9.21 -778.869 -507.173 -4.03102 1864.29 -384.743 1114.88 -7.64895 16.3645 4.87722 -3.31422
9.31 -759.657 -463.907 -4.64554 1813.92 -371.981 1073.63 -8.01973 16.4826 4.77862 -4.53387
9.41 -740.905 -424.421 -5.06268 1764.92 -359.648 1033.87 -8.37884 16.5967 4.78482 -5.459
9.51 -722.603 -388.384 -5.3534 1717.24 -347.73 995.541 -8.72549 16.7068 4.80124 -6.12511
9.61 -704.739 -355.496 -5.56255 1670.85 -336.213 958.595 -9.05912 16.8131 4.77694 -6.55713
9.71 -687.305 -325.481 -5.71829 1625.72 -325.084 922.983 -9.37942 16.9159 4.68569 -6.7735
9.81 -670.29 -298.088 -5.83822 1581.81 -314.328 888.657 -9.68621 17.0153 4.51657 -6.78916
9.91 -653.683 -273.087 -5.93332 1539.09 -303.932 855.571 -9.97947 17.1116 4.26935 -6.61765
10.01 -637.476 -250.271 -6.01041 1497.52 -293.885 823.68 -10.2593 17.2047 3.95089 -6.27256
10.11 -621.659 -229.447 -6.07369 1457.08 -284.174 792.943 -10.5259 17.295 3.57047 -5.76849
10.21 -606.223 -210.442 -6.12574 1417.73 -274.786 763.317 -10.7794 17.3825 3.13423 -5.12152
10.31 -591.159 -193.097 -6.1681 1379.45 -265.712 734.764 -11.0203 17.4673 2.6411 -4.34956
10.41 -576.458 -177.265 -6.20167 1342.2 -256.939 707.246 -11.2489 17.5496 2.08258 -3.47241
10.51 -562.113 -162.815 -6.22694 1305.96 -248.457 680.726 -11.4656 17.6294 1.44674 -2.51185
10.61 -548.114 -149.625 -6.24417 1270.7 -240.256 655.169 -11.6708 17.7069 0.725399 -1.49201
10.71 -534.455 -137.584 -6.25352 1236.39 -232.325 630.54 -11.8649 17.7821 -0.0787666 -0.440895
10.81 -521.126 -126.593 -6.25506 1203.01 -224.655 606.808 -12.0484 17.8551 -0.949291 0.605319
10.91 -508.122 -116.559 -6.24888 1170.53 -217.237 583.94 -12.2218 17.9261 -1.85882 1.59454
11.01 -495.433 -107.397 -6.23506 1138.92 -210.061 561.906 -12.3855 17.995 -2.77487 2.45939
11.11 -483.053 -99.0318 -6.21373 1108.17 -203.119 540.677 -12.54 18.062 -3.66472 3.15145
11.21 -470.974 -91.3924 -6.18506 1078.24 -196.402 520.224 -12.6856 18.1271 -4.49817 3.67656
11.31 -459.191 -84.4152 -6.14932 1049.12 -189.903 500.521 -12.8229 18.1904 -5.24864 4.07104
11.41 -447.695 -78.042 -6.10689 1020.79 -183.612 481.54 -12.9523 18.2519 -5.89349 4.36423
11.51 -436.481 -72.2197 -6.0582 993.214 -177.524 463.256 -13.0742 18.3117 -6.41409 4.5691
11.61 -425.541 -66.8998 -6.00374 966.383 -171.631 445.645 -13.1889 18.3699 -6.7958 4.68749
11.71 -414.87 -62.0382 -5.94397 940.274 -165.925 428.682 -13.2969 18.4265 -7.02798 4.7166
11.81 -404.46 -57.5945 -5.87937 914.867 -160.401 412.345 -13.3984 18.4816 -7.10393 4.65385
11.91 -394.307 -53.532 -5.81042 890.143 -155.051 396.611 -13.494 18.5351 -7.02091 4.5001
12.01 -384.403 -49.8173 -5.73759 866.084 -149.871 381.459 -13.5839 18.5872 -6.78003 4.26117
12.11 -374.743 -46.4197 -5.66132 842.67 -144.853 366.868 -13.6683 18.6379 -6.38614 3.94713
12.21 -365.322 -43.3115 -5.58203 819.885 -139.993 352.818 -13.7478 18.6872 -5.8477 3.56904
12.31 -356.133 -40.4673 -5.50017 797.712 -135.285 339.29 -13.8224 18.7352 -5.17648 3.13404
12.41 -347.17 -37.8638 -5.41625 776.133 -130.724 326.264 -13.8926 18.782 -4.38736 2.64165
12.51 -338.429 -35.4802 -5.3307 755.133 -126.305 313.723 -13.9585 18.8274 -3.49801 2.08368
12.61 -329.905 -33.2971 -5.24385 734.697 -122.023 301.649 -14.0204 18.8717 -2.52872 1.44837
12.71 -321.591 -31.297 -5.15588 714.808 -117.873 290.025 -14.0785 18.9148 -1.50256 0.72761
12.81 -313.483 -29.4638 -5.06693 695.453 -113.852 278.835 -14.1332 18.9567 -0.446797 -0.0759137
12.91 -305.576 -27.7831 -4.97712 676.616 -109.954 268.064 -14.1844 18.9975 0.602908 -0.945747
13.01 -297.866 -26.2413 -4.88649 658.284 -106.176 257.696 -14.2326 19.0373 1.59473 -1.85455
13.11 -290.346 -24.8264 -4.79506 640.443 -102.514 247.716 -14.2778 19.076 2.46138 -2.76984
13.21 -283.014 -23.5272 -4.70267 623.08 -98.9635 238.111 -14.3203 19.1136 3.15448 -3.65891
13.31 -275.863 -22.3334 -4.60901 606.181 -95.5208 228.867 -14.3602 19.1503 3.68024 -4.49154
13.41 -268.891 -21.2358 -4.51406 589.735 -92.1823 219.972 -14.3976 19.186 4.07529 -5.24113
13.51 -262.093 -20.2259 -4.41828 573.728 -88.9444 211.412 -14.4327 19.2208 4.3691 -5.88503
13.61 -255.464 -19.2963 -4.32251 558.149 -85.8041 203.175 -14.4657 19.2546 4.5747 -6.4046
13.71 -249 -18.4401 -4.22758 542.987 -82.7583 195.25 -14.4966 19.2875 4.69389 -6.7852
13.81 -242.698 -17.6511 -4.13405 528.23 -79.8041 187.625 -14.5257 19.3196 4.72383 -7.01617
13.91 -236.552 -16.9237 -4.04242 513.868 -76.9388 180.287 -14.5529 19.3508 4.66191 -7.09083
14.01 -230.559 -16.2527 -3.95312 499.89 -74.1599 173.228 -14.5785 19.3812 4.50893 -7.00642
14.11 -224.716 -15.6335 -3.86646 486.286 -71.4646 166.435 -14.6024 19.4108 4.27069 -6.76405
14.21 -219.018 -15.062 -3.78271 473.046 -68.8507 159.899 -14.6249 19.4396 3.95728 -6.36859
14.31 -213.462 -14.5341 -3.70213 460.16 -66.3158 153.61 -14.646 19.4676 3.57985 -5.82848
14.41 -208.044 -14.0464 -3.62497 447.619 -63.8576 147.559 -14.6658 19.4949 3.14574 -5.15552
14.51 -202.761 -13.5959 -3.5515 435.414 -61.4742 141.736 -14.6844 19.5214 2.65467 -4.3646
14.61 -197.608 -13.1795 -3.48199 423.536 -59.1633 136.132 -14.7018 19.5473 2.09861 -3.47339
14.71 -192.583 -12.7947 -3.41668 411.976 -56.9232 130.739 -14.7181 19.5724 1.46586 -2.50221
14.81 -187.682 -12.4391 -3.3558 400.726 -54.7518 125.549 -14.7334 19.5969 0.748207 -1.47421
14.91 -182.903 -12.1106 -3.29955 389.777 -52.6476 120.554 -14.7478 19.6207 -0.0519157 -0.416779
15.01 -178.241 -11.8072 -3.24816 379.123 -50.6087 115.745 -14.7614 19.6439 -0.918343 0.634014
15.11 -173.694 -11.5273 -3.20188 368.754 -48.6336 111.116 -14.7741 19.6665 -1.82395 1.6256
15.21 -169.258 -11.2692 -3.16095 358.665 -46.7207 106.659 -14.786 19.6884 -2.73636 2.49013
15.31 -164.931 -11.0315 -3.12565 348.846 -44.8686 102.367 -14.7973 19.7098 -3.62288 3.18026
15.41 -160.71 -10.8129 -3.09619 339.292 -43.0758 98.2333 -14.808 19.7306 -4.4533 3.70389
15.51 -156.591 -10.6123 -3.0727 329.996 -41.3411 94.2512 -14.818 19.7508 -5.20101 4.09815
15.61 -152.573 -10.4286 -3.0552 320.95 -39.6631 90.4146 -14.8275 19.7705 -5.84337 4.39214
15.71 -148.651 -10.2608 -3.04356 312.149 -38.0404 86.7174 -14.8366 19.7896 -6.36173 4.59837
15.81 -144.825 -10.1078 -3.03754 303.585 -36.4717 83.1539 -14.8452 19.8083 -6.74147 4.71826
15.91 -141.09 -9.96885 -3.03686 295.254 -34.9558 79.7187 -14.8534 19.8264 -6.97193 4.74867
16.01 -137.445 -9.84302 -3.04119 287.147 -33.4913 76.4065 -14.8612 19.844 -7.04643 4.68676
16.11 -133.888 -9.72949 -3.05023 279.261 -32.077 73.2124 -14.8686 19.8612 -6.96221 4.53326
16.21 -130.415 -9.62753 -3.06371 271.589 -30.7115 70.1315 -14.8758 19.878 -6.72039 4.29397
16.31 -127.025 -9.53644 -3.08143 264.125 -29.3936 67.1593 -14.8826 19.8943 -6.32584 3.97914
16.41 -123.716 -9.45557 -3.10326 256.863 -28.1221 64.2913 -14.8892 19.9101 -5.78699 3.60023
16.51 -120.485 -9.38437 -3.12915 249.8 -26.8958 61.5232 -14.8955 19.9256 -5.11563 3.1649
16.61 -117.331 -9.32232 -3.1591 242.929 -25.7137 58.851 -14.9016 19.9406 -4.32665 2.67309
16.71 -114.25 -9.26896 -3.19318 236.245 -24.5747 56.2705 -14.9074 19.9553 -3.43773 2.11677
16.81 -111.242 -9.2239 -3.23151 229.744 -23.4778 53.778 -14.913 19.9695 -2.4692 1.48407
16.91 -108.304 -9.18681 -3.27435 223.421 -22.422 51.3696 -14.9184 19.9835 -1.44421 0.766416
17.01 -105.435 -9.15741 -3.32183 217.271 -21.4066 49.0416 -14.9236 19.997 -0.390283 -0.0341166
17.11 -102.632 -9.13537 -3.37382 211.289 -20.4305 46.7905 -14.9285 20.0103 0.656346 -0.901633
17.21 -99.8933 -9.12034 -3.42995 205.472 -19.4928 44.6132 -14.9333 20.0232 1.64288 -1.80908
17.31 -97.2177 -9.11196 -3.48975 199.816 -18.5925 42.5066 -14.9378 20.0358 2.50176 -2.72402
17.41 -94.6034 -9.10982 -3.55265 194.315 -17.7285 40.4679 -14.9422 20.048 3.18674 -3.61362
17.51 -92.0489 -9.11347 -3.61784 188.965 -16.8999 38.4944 -14.9463 20.06 3.70638 -4.44751
17.61 -89.5528 -9.12232 -3.68408 183.763 -16.1052 36.5839 -14.9502 20.0717 4.09761 -5.19893
17.71 -87.1138 -9.13567 -3.74977 178.705 -15.3431 34.7346 -14.9539 20.0831 4.38907 -5.84511
17.81 -84.7308 -9.15272 -3.8132 173.786 -14.612 32.9449 -14.9575 20.0943 4.59299 -6.36729
17.91 -82.4027 -9.17265 -3.87292 169.002 -13.9102 31.2133 -14.9608 20.1052 4.7107 -6.75072
18.01 -80.1285 -9.19471 -3.92801 164.349 -13.2363 29.5387 -14.9639 20.1158 4.73911 -6.98468
18.11 -77.9073 -9.21821 -3.9779 159.824 -12.5886 27.9196 -14.9669 20.1262 4.67548 -7.06242
18.21 -75.738 -9.24257 -4.02242 155.423 -11.9657 26.3548 -14.9696 20.1363 4.52061 -6.98116
18.31 -73.6197 -9.26732 -4.0618 151.142 -11.3665 24.843 -14.9722 20.1462 4.28036 -6.74196
18.41 -71.5512 -9.29214 -4.0966 146.978 -10.7896 23.3826 -14.9747 20.1558 3.96493 -6.34969
18.51 -69.5316 -9.3168 -4.12755 142.927 -10.2341 21.9722 -14.9769 20.1652 3.58561 -5.81279
18.61 -67.5596 -9.34118 -4.15549 138.987 -9.69927 20.6101 -14.9791 20.1744 3.14979 -5.14303
18.71 -65.6343 -9.36525 -4.18128 135.155 -9.1842 19.2947 -14.9811 20.1833 2.65715 -4.35532
18.81 -63.7544 -9.38904 -4.2057 131.426 -8.68829 18.0243 -14.9829 20.1921 2.09952 -3.46735
18.91 -61.9189 -9.41261 -4.2295 127.8 -8.21096 16.7971 -14.9847 20.2006 1.46504 -2.49942
19.01 -60.1265 -9.43609 -4.25337 124.272 -7.75173 15.6115 -14.9863 20.2089 0.745344 -1.47468
19.11 -58.3762 -9.45963 -4.27796 120.841 -7.31017 14.4656 -14.9879 20.217 -0.0571759 -0.420499
19.21 -56.6668 -9.48344 -4.30397 117.504 -6.88595 13.3578 -14.9893 20.2249 -0.926312 0.627182
19.31 -54.9972 -9.50778 -4.33211 114.259 -6.47885 12.2861 -14.9907 20.2326 -1.83484 1.61612
19.41 -53.3661 -9.53296 -4.36308 111.103 -6.0887 11.2488 -14.992 20.2401 -2.75027 2.47894
19.51 -51.7724 -9.55933 -4.39747 108.033 -5.71542 10.244 -14.9933 20.2475 -3.63977 3.16826
19.61 -50.2148 -9.5873 -4.43553 105.049 -5.35899 9.26988 -14.9946 20.2545 -4.47288 3.69141
19.71 -48.6923 -9.61744 -4.4769 102.148 -5.01943 8.32482 -14.9963 20.2612 -5.2225 4.08546
19.81 -47.2036 -9.6506 -4.51999 99.328 -4.69683 7.40738 -14.9988 20.2674 -5.86484 4.38037
19.91 -45.7474 -9.68843 -4.56068 96.5871 -4.3915 6.51658 -15.0035 20.2723 -6.37866 4.59092
20.01 -44.3221 -9.73441 -4.58977 93.924 -4.10424 5.65231 -15.0133 20.2747 -6.74348 4.7235
20.11 -42.9256 -9.79579 -4.58813 91.338 -3.83693 4.81605 -15.0346 20.2716 -6.93633 4.78513
20.21 -41.5544 -9.88673 -4.51979 88.8295 -3.59355 4.01202 -15.0798 20.2572 -6.92692 4.79166
20.31 -40.2035 -10.0308 -4.32882 86.4006 -3.38097 3.24819 -15.1697 20.2218 -6.67491 4.77133
20.41 -38.8665 -10.2574 -3.95608 84.0543 -3.20807 2.53516 -15.3306 20.1526 -6.13961 4.75522
20.51 -37.5383 -10.5869 -3.38389 81.793 -3.08156 1.88105 -15.581 20.0397 -5.3082 4.75231
20.61 -36.2175 -11.0157 -2.66661 79.6151 -3.00135 1.28591 -15.9188 19.8817 -4.21718 4.73554
20.71 -34.9064 -11.5177 -1.8997 77.5156 -2.9608 0.741769 -16.3227 19.6858 -2.93488 4.66396
20.81 -33.6079 -12.0596 -1.16153 75.4886 -2.95073 0.237078 -16.7636 19.4623 -1.52463 4.51693
20.91 -32.3241 -12.6115 -0.484512 73.5283 -2.96281 -0.239575 -17.2153 19.2203 -0.0276939 4.30759
21.01 -31.0546 -13.151 0.141994 71.6304 -2.99073 -0.698357 -17.6565 18.9658 1.51749 4.07624
21.11 -29.7967 -13.6614 0.763301 69.7918 -3.03015 -1.14895 -18.0704 18.7021 3.02117 3.88318
21.21 -28.5428 -14.1286 1.47039 68.011 -3.07864 -1.60335 -18.4404 18.4287 4.42496 3.82474
21.31 -27.2749 -14.534 2.45792 66.2888 -3.13596 -2.08279 -18.7417 18.1397 6.03972 4.09938
21.41 -25.9619 -14.852 4.0051 64.6288 -3.20399 -2.6205 -18.9383 17.8228 8.44611 4.98326
21.51 -24.6154 -15.0954 5.74651 63.0269 -3.27993 -3.20466 -19.0416 17.4843 11.3481 6.0802
21.61 -23.282 -15.3057 7.05858 61.4725 -3.35691 -3.78625 -19.0998 17.1464 13.9085 6.77986
21.71 -21.9773 -15.4964 7.92716 59.9608 -3.43194 -4.34926 -19.1252 16.8169 15.969 7.08662
21.81 -20.7038 -15.6697 8.48863 58.4897 -3.5037 -4.89082 -19.1157 16.4976 17.595 7.14305
21.91 -19.4618 -15.8264 8.85331 57.0576 -3.5712 -5.41008 -19.0673 16.1892 18.8596 7.06999
22.01 -18.2512 -15.9673 9.09539 55.6628 -3.63358 -5.90657 -18.9762 15.8921 19.8175 6.9568
22.11 -17.0718 -16.0929 9.26241 54.3039 -3.69015 -6.37998 -18.8402 15.6066 20.5076 6.86691
22.21 -15.9233 -16.2042 9.38347 52.9795 -3.74043 -6.83025 -18.6587 15.3326 20.9577 6.84376
22.31 -14.805 -16.3025 9.47393 51.688 -3.78441 -7.25767 -18.4327 15.07 21.1895 6.91634
22.41 -13.7159 -16.3911 9.53561 50.4277 -3.82298 -7.6633 -18.1639 14.8183 21.2235 7.10554
22.51 -12.6539 -16.4765 9.54929 49.1953 -3.85924 -8.04982 -17.8518 14.5768 21.0857 7.43245
22.61 -11.6145 -16.5755 9.45234 47.9842 -3.90159 -8.42372 -17.4883 14.3439 20.8201 7.93149
22.71 -10.5877 -16.7251 9.097 46.7805 -3.96964 -8.79946 -17.0461 14.117 20.509 8.6708
22.81 -9.55567 -16.9921 8.23192 45.5592 -4.09941 -9.20299 -16.47 13.8916 20.283 9.76115
22.91 -8.50051 -17.4437 6.67213 44.2937 -4.32873 -9.66078 -15.7043 13.6634 20.2362 11.2705
23.01 -7.4294 -18.0724 4.58321 42.9831 -4.65515 -10.1645 -14.773 13.4353 20.1743 12.9709
23.11 -6.41721 -18.8294 1.83865 41.647 -5.02806 -10.6265 -13.8274 13.2362 19.0341 13.7592
23.21 -5.56494 -19.6972 -1.91512 40.2976 -5.39702 -10.934 -13.039 13.1063 15.7476 12.523
23.31 -4.76148 -20.5355 -4.71124 38.9693 -5.75855 -11.2011 -12.3093 12.9938 12.6885 11.589
23.41 -3.97723 -21.3097 -6.51175 37.6722 -6.11097 -11.4581 -11.614 12.8849 10.2187 11.2704
23.51 -3.21152 -22.0201 -7.6566 36.408 -6.45293 -11.7059 -10.9556 12.7792 8.18977 11.3656
23.61 -2.46383 -22.6705 -8.38325 35.1772 -6.78467 -11.9454 -10.3347 12.6768 6.51614 11.7194
23.71 -1.73334 -23.2663 -8.84754 33.98 -7.10722 -12.1783 -9.75041 12.5775 5.19431 12.2187
23.81 -1.01908 -23.8126 -9.15005 32.8161 -7.42188 -12.4062 -9.20139 12.4813 4.25367 12.7798
23.91 -0.320035 -24.3147 -9.35494 31.6852 -7.73008 -12.6309 -8.686 12.3879 3.63863 13.34
24.01 0.364749 -24.7772 -9.50267 30.5872 -8.03316 -12.854 -8.20251 12.2973 3.24178 13.8518
24.11 1.03617 -25.2045 -9.61836 29.5216 -8.33232 -13.0771 -7.74921 12.2093 2.99032 14.2792
24.21 1.69502 -25.6004 -9.71727 28.488 -8.62859 -13.3012 -7.32442 12.124 2.85143 14.5957
24.31 2.34198 -25.9681 -9.80824 27.4858 -8.92276 -13.5272 -6.92652 12.041 2.81317 14.7822
24.41 2.97759 -26.3105 -9.89607 26.5144 -9.21541 -13.7558 -6.55394 11.9605 2.87105 14.8263
24.51 3.60231 -26.6301 -9.98317 25.5732 -9.50692 -13.9872 -6.20519 11.8822 3.02081 14.7209
24.61 4.21648 -26.929 -10.0704 24.6614 -9.79748 -14.2217 -5.87885 11.8062 3.25536 14.4645
24.71 4.82034 -27.209 -10.1575 23.7781 -10.0871 -14.459 -5.57356 11.7322 3.56489 14.0597
24.81 5.41404 -27.4716 -10.2437 22.9226 -10.3756 -14.6987 -5.28804 11.6604 3.93978 13.5138
24.91 5.99764 -27.718 -10.3282 22.0939 -10.6627 -14.9404 -5.02106 11.5905 4.37481 12.8374
25.01 6.57117 -27.9492 -10.4101 21.2911 -10.948 -15.1835 -4.77147 11.5225 4.87215 12.0447
25.11 7.13466 -28.1664 -10.4886 20.5133 -11.2311 -15.4272 -4.53818 11.4564 5.44078 11.1529
25.21 7.68811 -28.3702 -10.5635 19.7597 -11.5118 -15.6711 -4.32017 11.392 6.09195 10.1818
25.31 8.23157 -28.5616 -10.6345 19.0294 -11.7896 -15.9146 -4.11646 11.3294 6.83189 9.15389
25.41 8.76506 -28.7413 -10.7018 18.3216 -12.0643 -16.1571 -3.92615 11.2685 7.65517 8.09521
25.51 9.28863 -28.9101 -10.7652 17.6355 -12.3356 -16.3984 -3.74837 11.2093 8.54296 7.03864
25.61 9.80229 -29.0684 -10.8245 16.9703 -12.6032 -16.6377 -3.58232 11.1516 9.46663 6.03072
25.71 10.306 -29.217 -10.8797 16.3253 -12.8667 -16.8747 -3.42723 11.0954 10.3936 5.13505
25.81 10.7999 -29.3562 -10.9308 15.6997 -13.126 -17.1088 -3.2824 11.0408 11.2915 4.40768
25.91 11.284 -29.4867 -10.9781 15.093 -13.3808 -17.3398 -3.14716 10.9876 12.1307 3.85591
26.01 11.7584 -29.6088 -11.0216 14.5043 -13.6308 -17.5673 -3.02088 10.9357 12.8854 3.44732
26.11 12.2229 -29.723 -11.0611 13.9329 -13.8759 -17.7908 -2.90298 10.8853 13.5332 3.14923
26.21 12.6777 -29.8295 -11.0961 13.3783 -14.1157 -18.0098 -2.79289 10.8362 14.0559 2.9445
26.31 13.1226 -29.9286 -11.126 12.8397 -14.3496 -18.2237 -2.69012 10.7884 14.4392 2.82827
26.41 13.5575 -30.0201 -11.15 12.3163 -14.5773 -18.4316 -2.59417 10.7418 14.6725 2.80134
26.51 13.9822 -30.1042 -11.1672 11.8072 -14.7981 -18.6329 -2.50459 10.6965 14.7493 2.865
26.61 14.3965 -30.1807 -11.1771 11.3119 -15.0113 -18.8265 -2.42097 10.6523 14.667 3.01775
26.71 14.8003 -30.2498 -11.1794 10.8294 -15.2165 -19.0118 -2.3429 10.6093 14.4266 3.25384
26.81 15.1934 -30.3115 -11.1746 10.3592 -15.4133 -19.1882 -2.27003 10.5674 14.0332 3.56415
26.91 15.5758 -30.3659 -11.163 9.90075 -15.6014 -19.3552 -2.20199 10.5266 13.4952 3.93942
27.01 15.9476 -30.4133 -11.1453 9.45337 -15.7804 -19.5126 -2.13847 10.4869 12.8243 4.37463
27.11 16.3086 -30.4539 -11.1222 9.01662 -15.9504 -19.66 -2.07917 10.4482 12.0355 4.87205
27.21 16.659 -30.4881 -11.0942 8.59003 -16.1111 -19.7974 -2.0238 10.4105 11.1465 5.44072
27.31 16.9989 -30.516 -11.062 8.17317 -16.2627 -19.9247 -1.97211 10.3738 10.1773 6.09191
27.41 17.3284 -30.5381 -11.0262 7.76568 -16.4051 -20.0419 -1.92385 10.338 9.15074 6.83186
27.51 17.6476 -30.5546 -10.9874 7.3672 -16.5384 -20.1492 -1.87878 10.3031 8.09303 7.65515
27.61 17.9568 -30.566 -10.9462 6.97743 -16.6629 -20.2466 -1.83669 10.2692 7.03715 8.54294
27.71 18.256 -30.5727 -10.9035 6.59613 -16.7787 -20.3346 -1.79739 10.2361 6.02975 9.46662
27.81 18.5458 -30.5751 -10.8601 6.2231 -16.8863 -20.4137 -1.76069 10.2039 5.13447 10.3935
27.91 18.8263 -30.5738 -10.8173 5.85823 -16.9861 -20.4843 -1.72641 10.1725 4.40738 11.2915
28.01 19.098 -30.5696 -10.7762 5.50148 -17.0789 -20.5474 -1.69439 10.1419 3.85577 12.1307
28.11 19.3614 -30.5629 -10.7382 5.15285 -17.1653 -20.6039 -1.66448 10.1121 3.44725 12.8854
28.21 19.617 -30.5547 -10.7044 4.81242 -17.2461 -20.6548 -1.63654 10.0831 3.1492 13.5332
28.31 19.8654 -30.5456 -10.6761 4.4803 -17.3224 -20.7013 -1.61043 10.0548 2.94449 14.056
28.41 20.1072 -30.5363 -10.6541 4.15661 -17.3949 -20.7447 -1.58604 10.0272 2.82827 14.4392
28.51 20.343 -30.5275 -10.6392 3.84152 -17.4648 -20.786 -1.56324 10.0004 2.80134 14.6725
28.61 20.5734 -30.52 -10.6321 3.5352 -17.5329 -20.8265 -1.54194 9.97419 2.86501 14.7493
28.71 20.7989 -30.5143 -10.6329 3.23778 -17.6001 -20.8674 -1.52202 9.9487 3.01776 14.667
28.81 21.0201 -30.5108 -10.6418 2.94939 -17.6673 -20.9096 -1.5034 9.92386 3.25385 14.4266
28.91 21.2375 -30.5102 -10.6585 2.67014 -17.7352 -20.9543 -1.48599 9.89965 3.56416 14.0332
29.01 21.4516 -30.5126 -10.6831 2.40014 -17.8046 -21.0021 -1.46972 9.87607 3.93942 13.4952
29.11 21.6628 -30.5185 -10.7153 2.13947 -17.8761 -21.0541 -1.45449 9.85308 4.37463 12.8243
29.21 21.8717 -30.5282 -10.7551 1.88821 -17.9505 -21.111 -1.44025 9.83069 4.87205 12.0355
29.31 22.0786 -30.542 -10.8023 1.64645 -18.0283 -21.1735 -1.42693 9.80887 5.44072 11.1465
29.41 22.284 -30.5599 -10.8566 1.41421 -18.1101 -21.2424 -1.41446 9.78761 6.09191 10.1773
29.51 22.4882 -30.5822 -10.9176 1.19152 -18.1964 -21.3182 -1.40279 9.76689 6.83185 9.15073
29.61 22.6914 -30.609 -10.9848 0.978369 -18.2875 -21.4013 -1.39187 9.7467 7.65514 8.09301
29.71 22.8941 -30.6402 -11.058 0.774753 -18.3838 -21.4922 -1.38165 9.72702 8.54292 7.03713
29.81 23.0965 -30.676 -11.1369 0.580661 -18.4858 -21.5914 -1.37207 9.70785 9.46659 6.02972
29.91 23.299 -30.7164 -11.2217 0.396098 -18.5937 -21.6992 -1.3631 9.68916 10.3935 5.13444
30.01 23.5018 -30.7615 -11.3122 0.221077 -18.7081 -21.8162 -1.3547 9.67095 11.2914 4.40734
30.11 23.7052 -30.8114 -11.4087 0.055618 -18.8292 -21.9428 -1.34682 9.65321 12.1307 3.85573
30.21 23.9096 -30.8662 -11.5113 -0.10025 -18.9575 -22.0795 -1.33944 9.63592 12.8853 3.4472
30.31 24.1153 -30.9259 -11.6201 -0.246501 -19.0934 -22.2268 -1.33251 9.61907 13.5331 3.14914
30.41 24.3225 -30.9908 -11.7349 -0.383129 -19.2372 -22.3849 -1.32602 9.60264 14.0559 2.94443
30.51 24.5315 -31.0606 -11.8553 -0.510157 -19.3891 -22.5542 -1.31993 9.58664 14.4391 2.8282
30.61 24.7424 -31.1354 -11.9811 -0.627637 -19.5494 -22.735 -1.31421 9.57104 14.6724 2.80126
30.71 24.9555 -31.215 -12.1115 -0.735664 -19.7181 -22.9271 -1.30884 9.55584 14.7492 2.86491
30.81 25.1708 -31.2992 -12.2457 -0.834369 -19.8953 -23.1306 -1.3038 9.54102 14.6668 3.01765
30.91 25.3883 -31.3878 -12.3831 -0.923926 -20.0807 -23.3454 -1.29907 9.52658 14.4264 3.25374
31.01 25.6081 -31.4805 -12.5226 -1.00454 -20.2743 -23.571 -1.29462 9.51251 14.033 3.56404
31.11 25.83 -31.5768 -12.6637 -1.07645 -20.4757 -23.8071 -1.29043 9.4988 13.4949 3.9393
31.21 26.0541 -31.6766 -12.8057 -1.13988 -20.6848 -24.0534 -1.2865 9.48543 12.8241 4.3745
31.31 26.2803 -31.7794 -12.9482 -1.19508 -20.9012 -24.3095 -1.2828 9.4724 12.0353 4.8719
31.41 26.5084 -31.885 -13.0907 -1.2423 -21.1246 -24.5748 -1.27933 9.45971 11.1462 5.44055
31.51 26.7384 -31.9929 -13.2327 -1.28181 -21.3547 -24.849 -1.27605 9.44733 10.177 6.09172
31.61 26.9702 -32.103 -13.3739 -1.31389 -21.5911 -25.1314 -1.27297 9.43527 9.15044 6.83164
31.71 27.2035 -32.2147 -13.5135 -1.33886 -21.8333 -25.4215 -1.27007 9.42352 8.09272 7.6549
31.81 27.4381 -32.3276 -13.6504 -1.35713 -22.0807 -25.7183 -1.26734 9.41207 7.03683 8.54266
31.91 27.6737 -32.4411 -13.7837 -1.3691 -22.3326 -26.0209 -1.26476 9.4009 6.02944 9.46632
32.01 27.91 -32.5548 -13.9127 -1.37519 -22.5883 -26.3285 -1.26234 9.39002 5.13419 10.3932
32.11 28.1467 -32.668 -14.0369 -1.37583 -22.8471 -26.6401 -1.26005 9.37942 4.40713 11.2911
32.21 28.3834 -32.7805 -14.1557 -1.37145 -23.1083 -26.9547 -1.2579 9.36909 3.85555 12.1304
32.31 28.6198 -32.8916 -14.2685 -1.36248 -23.3712 -27.2714 -1.25587 9.35901 3.44705 12.885
32.41 28.8554 -33.0009 -14.375 -1.3494 -23.6348 -27.589 -1.25396 9.3492 3.149 13.5329
32.51 29.09 -33.108 -14.4745 -1.33265 -23.8986 -27.9067 -1.25215 9.33964 2.9443 14.0556
32.61 29.3231 -33.2123 -14.5667 -1.3127 -24.1616 -28.2232 -1.25045 9.33031 2.82808 14.4389
32.71 29.5543 -33.3134 -14.6513 -1.29 -24.4231 -28.5377 -1.24884 9.32123 2.80115 14.6722
32.81 29.7833 -33.411 -14.7282 -1.26499 -24.6824 -28.8492 -1.24732 9.31238 2.86482 14.749
32.91 30.0098 -33.5048 -14.7976 -1.23806 -24.9388 -29.1568 -1.24589 9.30375 3.01758 14.6666
33.01 30.2334 -33.5945 -14.8596 -1.20958 -25.1916 -29.4597 -1.24453 9.29534 3.25367 14.4263
33.11 30.4538 -33.68 -14.9148 -1.17987 -25.4405 -29.7574 -1.24325 9.28715 3.56399 14.0329
33.21 30.671 -33.7613 -14.9639 -1.14919 -25.685 -30.0493 -1.24205 9.27916 3.93926 13.4948
33.31 30.8848 -33.8383 -15.0075 -1.11776 -25.9249 -30.3352 -1.2409 9.27138 4.37448 12.824
33.41 31.095 -33.9112 -15.0465 -1.08576 -26.16 -30.6147 -1.23982 9.2638 4.8719 12.0352
33.51 31.3016 -33.9801 -15.0815 -1.05333 -26.3902 -30.8878 -1.2388 9.25641 5.44056 11.1462
33.61 31.5046 -34.0451 -15.1132 -1.02057 -26.6153 -31.1545 -1.23783 9.2492 6.09174 10.177
33.71 31.7039 -34.1065 -15.1422 -0.987578 -26.8355 -31.4146 -1.23691 9.24219 6.83167 9.15047
33.81 31.8997 -34.1644 -15.1692 -0.954402 -27.0508 -31.6684 -1.23604 9.23534 7.65495 8.09276
33.91 32.0919 -34.2192 -15.1947 -0.921084 -27.2612 -31.9159 -1.23521 9.22868 8.54273 7.0369
34.01 32.2807 -34.2711 -15.219 -0.887638 -27.4669 -32.1574 -1.23443 9.22218 9.4664 6.02952
34.11 32.4661 -34.3203 -15.2429 -0.854053 -27.668 -32.3932 -1.23369 9.21585 10.3933 5.13427
34.21 32.6482 -34.3672 -15.2667 -0.820291 -27.8649 -32.6234 -1.23298 9.20968 11.2912 4.40721
34.31 32.8273 -34.4121 -15.291 -0.786298 -28.0578 -32.8486 -1.23231 9.20367 12.1305 3.85563
34.41 33.0034 -34.4553 -15.3162 -0.752016 -28.247 -33.069 -1.23167 9.19781 12.8852 3.44712
34.51 33.1767 -34.497 -15.3424 -0.717393 -28.4327 -33.2851 -1.23107 9.19209 13.533 3.14908
34.61 33.3474 -34.5374 -15.3696 -0.682393 -28.6151 -33.4971 -1.23049 9.18653 14.0557 2.94438
34.71 33.5154 -34.5767 -15.3976 -0.647002 -28.7944 -33.7052 -1.22994 9.1811 14.439 2.82816
34.81 33.6809 -34.615 -15.4261 -0.611233 -28.9707 -33.9096 -1.22942 9.17582 14.6723 2.80123
34.91 33.8439 -34.6523 -15.4546 -0.575127 -29.144 -34.1103 -1.22893 9.17067 14.7491 2.8649
35.01 34.0044 -34.6886 -15.4827 -0.538747 -29.3143 -34.3073 -1.22845 9.16565 14.6668 3.01766
35.11 34.1623 -34.7239 -15.5099 -0.502179 -29.4816 -34.5005 -1.228 9.16075 14.4264 3.25375
35.21 34.3177 -34.758 -15.5357 -0.465521 -29.6457 -34.6898 -1.22757 9.15598 14.033 3.56407
35.31 34.4705 -34.791 -15.5601 -0.428851 -29.8065 -34.8751 -1.22716 9.15134 13.495 3.93934
35.41 34.6206 -34.8228 -15.5832 -0.392214 -29.9641 -35.0563 -1.22677 9.14681 12.8242 4.37455
35.51 34.7682 -34.8535 -15.6053 -0.355643 -30.1186 -35.2337 -1.22639 9.14239 12.0354 4.87197
35.61 34.9133 -34.8832 -15.6264 -0.319167 -30.2699 -35.4071 -1.22603 9.13809 11.1463 5.44064
35.71 35.0558 -34.9118 -15.6468 -0.28281 -30.418 -35.5768 -1.22569 9.1339 10.1772 6.09182
35.81 35.1959 -34.9395 -15.6665 -0.246586 -30.5632 -35.7427 -1.22536 9.12981 9.1506 6.83176
35.91 35.3335 -34.9663 -15.6857 -0.210499 -30.7054 -35.905 -1.22505 9.12583 8.09289 7.65505
36.01 35.4688 -34.9922 -15.7046 -0.174552 -30.8447 -36.0638 -1.22475 9.12195 7.03702 8.54283
36.11 35.6018 -35.0174 -15.7232 -0.138752 -30.9812 -36.2192 -1.22446 9.11817 6.02963 9.46651
36.21 35.7324 -35.0418 -15.7414 -0.103119 -31.1149 -36.3712 -1.22419 9.11448 5.13437 10.3934
36.31 35.8608 -35.0655 -15.759 -0.0676934 -31.2459 -36.5199 -1.22393 9.11089 4.40729 11.2913
36.41 35.9868 -35.0883 -15.7756 -0.0325456 -31.374 -36.6651 -1.22367 9.10739 3.85569 12.1306
36.51 36.1104 -35.1102 -15.7906 0.00222046 -31.4992 -36.8067 -1.22343 9.10398 3.44718 12.8853
36.61 36.2316 -35.1309 -15.8033 0.0364628 -31.6211 -36.9443 -1.2232 9.10065 3.14914 13.5331
36.71 36.35 -35.1502 -15.8131 0.070004 -31.7395 -37.0776 -1.22297 9.09741 2.94443 14.0558
36.81 36.4656 -35.1678 -15.8191 0.102639 -31.8539 -37.206 -1.22276 9.09425 2.82821 14.4391
36.91 36.5781 -35.1835 -15.8208 0.134148 -31.9641 -37.3291 -1.22255 9.09117 2.80128 14.6724
37.01 36.6873 -35.1968 -15.8177 0.164311 -32.0695 -37.4463 -1.22235 9.08817 2.86495 14.7492
37.11 36.793 -35.2077 -15.8097 0.192922 -32.1698 -37.5571 -1.22216 9.08525 3.0177 14.6669
37.21 36.8951 -35.2159 -15.7967 0.219802 -32.2648 -37.6611 -1.22197 9.0824 3.2538 14.4265
37.31 36.9934 -35.2213 -15.7791 0.244813 -32.3541 -37.7581 -1.2218 9.07962 3.56411 14.0331
37.41 37.0878 -35.2239 -15.7575 0.267856 -32.4376 -37.8478 -1.22163 9.07692 3.93937 13.4951
37.51 37.1783 -35.2238 -15.7324 0.288874 -32.5153 -37.9303 -1.22146 9.07428 4.37459 12.8242
37.61 37.2649 -35.221 -15.7045 0.307851 -32.5872 -38.0056 -1.2213 9.07171 4.87201 12.0355
37.71 37.3477 -35.2157 -15.6746 0.324799 -32.6534 -38.0737 -1.22115 9.0692 5.44067 11.1464
37.81 37.4268 -35.2081 -15.6433 0.33976 -32.7141 -38.135 -1.221 9.06676 6.09186 10.1772
37.91 37.5022 -35.1985 -15.6114 0.352809 -32.7695 -38.1898 -1.22086 9.06438 6.8318 9.15066
38.01 37.574 -35.187 -15.5794 0.364054 -32.8199 -38.2384 -1.22072 9.06206 7.65509 8.09295
38.11 37.6426 -35.1741 -15.5484 0.373642 -32.8657 -38.2814 -1.22059 9.0598 8.54287 7.03707
38.21 37.7082 -35.1602 -15.5191 0.381766 -32.9073 -38.3193 -1.22046 9.05759 9.46655 6.02968
38.31 37.771 -35.1457 -15.4925 0.388659 -32.9453 -38.353 -1.22033 9.05545 10.3935 5.13441
38.41 37.8314 -35.131 -15.4695 0.394583 -32.9804 -38.3832 -1.22021 9.05335 11.2914 4.40732
38.51 37.8897 -35.1166 -15.4509 0.399823 -33.0132 -38.4108 -1.22009 9.05131 12.1307 3.85572
38.61 37.9463 -35.1031 -15.4371 0.404661 -33.0443 -38.4366 -1.21998 9.04932 12.8853 3.4472
38.71 38.0016 -35.0907 -15.4286 0.409362 -33.0744 -38.4615 -1.21987 9.04739 13.5331 3.14915
38.81 38.0557 -35.0798 -15.4251 0.414159 -33.104 -38.4862 -1.21977 9.0455 14.0559 2.94445
38.91 38.109 -35.0706 -15.4264 0.419244 -33.1335 -38.5111 -1.21966 9.04366 14.4391 2.82823
39.01 38.1617 -35.0632 -15.432 0.424762 -33.1632 -38.5368 -1.21956 9.04186 14.6724 2.80129
39.11 38.2139 -35.0577 -15.4411 0.430815 -33.1935 -38.5635 -1.21947 9.04011 14.7493 2.86496
39.21 38.2657 -35.0541 -15.453 0.437462 -33.2245 -38.5914 -1.21937 9.03841 14.6669 3.01771
39.31 38.3172 -35.0522 -15.4671 0.444732 -33.2562 -38.6206 -1.21928 9.03675 14.4266 3.2538
39.41 38.3684 -35.052 -15.4827 0.452629 -33.2886 -38.6511 -1.21919 9.03513 14.0331 3.56412
39.51 38.4193 -35.0533 -15.4993 0.461142 -33.3218 -38.6828 -1.21911 9.03355 13.4951 3.93938
39.61 38.4699 -35.056 -15.5165 0.470254 -33.3556 -38.7158 -1.21903 9.03201 12.8242 4.37459
39.71 38.5202 -35.0599 -15.534 0.479945 -33.3902 -38.7499 -1.21895 9.03051 12.0355 4.87201
39.81 38.5703 -35.065 -15.5517 0.490196 -33.4254 -38.7852 -1.21887 9.02905 11.1464 5.44068
39.91 38.6201 -35.0711 -15.5696 0.50099 -33.4613 -38.8215 -1.2188 9.02763 10.1772 6.09187
40.01 38.6696 -35.0782 -15.5875 0.512315 -33.4977 -38.8589 -1.21872 9.02624 9.15067 6.83181
40.11 38.7189 -35.0861 -15.6055 0.524159 -33.5348 -38.8973 -1.21865 9.02489 8.09296 7.65509
40.21 38.768 -35.0949 -15.6236 0.536509 -33.5724 -38.9366 -1.21858 9.02357 7.03708 8.54288
40.31 38.8168 -35.1043 -15.6416 0.549347 -33.6106 -38.9769 -1.21852 9.02229 6.02968 9.46656
40.41 38.8653 -35.1144 -15.6595 0.562639 -33.6493 -39.018 -1.21845 9.02103 5.13442 10.3935
40.51 38.9135 -35.125 -15.6769 0.576329 -33.6884 -39.0598 -1.21839 9.01981 4.40733 11.2914
40.61 38.9614 -35.1359 -15.6933 0.59033 -33.7276 -39.102 -1.21833 9.01862 3.85572 12.1307
40.71 39.0087 -35.1468 -15.7083 0.604521 -33.7668 -39.1443 -1.21827 9.01747 3.44721 12.8853
40.81 39.0554 -35.1576 -15.7209 0.618739 -33.8056 -39.1863 -1.21821 9.01634 3.14916 13.5331
40.91 39.1012 -35.1677 -15.7306 0.63279 -33.8436 -39.2273 -1.21816 9.01523 2.94445 14.0559
41.01 39.1459 -35.177 -15.7365 0.64645 -33.8803 -39.2669 -1.21811 9.01416 2.82823 14.4391
41.11 39.1892 -35.185 -15.7379 0.659484 -33.9152 -39.3042 -1.21805 9.01312 2.8013 14.6725
41.21 39.2308 -35.1914 -15.7346 0.671655 -33.9479 -39.3388 -1.218 9.0121 2.86497 14.7493
41.31 39.2706 -35.1959 -15.7262 0.682742 -33.9778 -39.3699 -1.21795 9.0111 3.01772 14.6669
41.41 39.3083 -35.1982 -15.7129 0.692554 -34.0046 -39.3971 -1.21791 9.01013 3.25381 14.4266
41.51 39.3438 -35.1982 -15.695 0.700937 -34.028 -39.4199 -1.21786 9.00919 3.56412 14.0331
41.61 39.3768 -35.1958 -15.6729 0.70778 -34.0478 -39.4382 -1.21781 9.00827 3.93939 13.4951
41.71 39.4075 -35.1911 -15.6474 0.713016 -34.0638 -39.4517 -1.21777 9.00737 4.3746 12.8243
41.81 39.4357 -35.1841 -15.6191 0.716615 -34.0759 -39.4604 -1.21773 9.0065 4.87202 12.0355
41.91 39.4614 -35.1749 -15.5887 0.718579 -34.0844 -39.4645 -1.21769 9.00565 5.44069 11.1464
42.01 39.4848 -35.1637 -15.557 0.71894 -34.0891 -39.4639 -1.21765 9.00482 6.09187 10.1772
42.11 39.5058 -35.1507 -15.5245 0.717761 -34.0904 -39.459 -1.21761 9.00401 6.83181 9.15069
42.21 39.5246 -35.1362 -15.4922 0.71514 -34.0884 -39.45 -1.21757 9.00322 7.6551 8.09297
42.31 39.5413 -35.1205 -15.4606 0.711216 -34.0835 -39.4374 -1.21753 9.00245 8.54289 7.03709
42.41 39.5563 -35.1039 -15.4309 0.706173 -34.076 -39.4217 -1.2175 9.0017 9.46657 6.02969
42.51 39.5697 -35.0869 -15.4038 0.700234 -34.0665 -39.4037 -1.21746 9.00097 10.3935 5.13442
42.61 39.5819 -35.07 -15.3804 0.693656 -34.0557 -39.384 -1.21743 9.00026 11.2914 4.40734
42.71 39.5931 -35.0536 -15.3614 0.686715 -34.0439 -39.3635 -1.21739 8.99957 12.1307 3.85573
42.81 39.6038 -35.0381 -15.3473 0.679686 -34.032 -39.343 -1.21736 8.99889 12.8853 3.44721
42.91 39.6142 -35.0239 -15.3384 0.67283 -34.0204 -39.3231 -1.21733 8.99823 13.5331 3.14916
43.01 39.6245 -35.0113 -15.3347 0.666374 -34.0097 -39.3046 -1.2173 8.99759 14.0559 2.94445
43.11 39.6351 -35.0006 -15.3358 0.660505 -34.0003 -39.2879 -1.21727 8.99697 14.4391 2.82823
43.21 39.6461 -34.9919 -15.3412 0.655365 -33.9924 -39.2735 -1.21724 8.99636 14.6725 2.8013
43.31 39.6577 -34.9851 -15.3502 0.651049 -33.9862 -39.2616 -1.21721 8.99576 14.7493 2.86497
43.41 39.6698 -34.9804 -15.3622 0.647613 -33.9819 -39.2523 -1.21718 8.99518 14.6669 3.01772
43.51 39.6825 -34.9775 -15.3763 0.64508 -33.9796 -39.2456 -1.21715 8.99462 14.4266 3.25381
43.61 39.6959 -34.9763 -15.3921 0.64345 -33.9791 -39.2416 -1.21712 8.99407 14.0331 3.56412
43.71 39.71 -34.9768 -15.4088 0.642706 -33.9805 -39.2402 -1.2171 8.99353 13.4951 3.93939
43.81 39.7247 -34.9788 -15.4262 0.642825 -33.9837 -39.2412 -1.21707 8.99301 12.8243 4.3746
43.91 39.74 -34.9821 -15.444 0.643779 -33.9886 -39.2445 -1.21705 8.9925 12.0355 4.87202
44.01 39.7558 -34.9866 -15.4621 0.645545 -33.9952 -39.2502 -1.21703 8.992 11.1464 5.44068
44.11 39.7723 -34.9923 -15.4802 0.648099 -34.0034 -39.2581 -1.217 8.99152 10.1772 6.09187
44.21 39.7893 -34.9989 -15.4985 0.651421 -34.0131 -39.268 -1.21698 8.99104 9.15068 6.83181
44.31 39.8069 -35.0065 -15.5168 0.655494 -34.0244 -39.28 -1.21696 8.99058 8.09297 7.6551
44.41 39.825 -35.015 -15.5351 0.660296 -34.0371 -39.294 -1.21694 8.99014 7.03709 8.54288
44.51 39.8437 -35.0242 -15.5535 0.665801 -34.0513 -39.3099 -1.21692 8.9897 6.02969 9.46656
44.61 39.8628 -35.0341 -15.5716 0.671969 -34.0667 -39.3275 -1.2169 8.98927 5.13442 10.3935
44.71 39.8823 -35.0445 -15.5892 0.678734 -34.0833 -39.3466 -1.21688 8.98886 4.40733 11.2914
44.81 39.9022 -35.0552 -15.6059 0.686001 -34.1008 -39.3671 -1.21686 8.98845 3.85573 12.1307
44.91 39.9222 -35.0661 -15.6209 0.693639 -34.119 -39.3884 -1.21684 8.98806 3.44721 12.8853
45.01 39.9422 -35.0767 -15.6336 0.701479 -34.1375 -39.4101 -1.21682 8.98767 3.14916 13.5331
45.11 39.962 -35.0867 -15.6432 0.709317 -34.1558 -39.4316 -1.2168 8.9873 2.94446 14.0559
45.21 39.9812 -35.0959 -15.649 0.716923 -34.1735 -39.4523 -1.21679 8.98693 2.82823 14.4391
45.31 39.9997 -35.1037 -15.6503 0.724054 -34.19 -39.4714 -1.21677 8.98658 2.8013 14.6725
45.41 40.0171 -35.11 -15.6467 0.730466 -34.2048 -39.4884 -1.21675 8.98623 2.86497 14.7493
45.51 40.0333 -35.1142 -15.6381 0.735933 -34.2175 -39.5025 -1.21674 8.98589 3.01772 14.6669
45.61 40.0478 -35.1164 -15.6245 0.740259 -34.2275 -39.5133 -1.21672 8.98557 3.25381 14.4266
45.71 40.0607 -35.1161 -15.6061 0.743285 -34.2347 -39.5202 -1.21671 8.98524 3.56412 14.0331
45.81 40.0718 -35.1135 -15.5837 0.744897 -34.2386 -39.5231 -1.21669 8.98493 3.93939 13.4951
45.91 40.0809 -35.1086 -15.5578 0.745023 -34.2393 -39.5218 -1.21668 8.98463 4.3746 12.8243
46.01 40.088 -35.1013 -15.5291 0.743629 -34.2367 -39.5162 -1.21667 8.98433 4.87202 12.0355
46.11 40.0932 -35.0918 -15.4983 0.740715 -34.2308 -39.5063 -1.21665 8.98404 5.44069 11.1464
46.21 40.0964 -35.0803 -15.4661 0.73631 -34.2216 -39.4922 -1.21664 8.98376 6.09187 10.1772
46.31 40.0978 -35.0671 -15.4332 0.730473 -34.2093 -39.4743 -1.21663 8.98348 6.83181 9.15069
46.41 40.0975 -35.0523 -15.4004 0.7233 -34.1942 -39.4527 -1.21661 8.98321 7.6551 8.09297
46.51 40.0955 -35.0362 -15.3684 0.714928 -34.1765 -39.4278 -1.2166 8.98295 8.54289 7.03709
46.61 40.0922 -35.0193 -15.3383 0.705537 -34.1567 -39.4004 -1.21659 8.9827 9.46657 6.02969
46.71 40.0877 -35.002 -15.3108 0.69535 -34.1353 -39.3709 -1.21658 8.98245 10.3935 5.13442
46.81 40.0824 -34.9848 -15.287 0.684621 -34.1128 -39.3401 -1.21657 8.98221 11.2914 4.40734
46.91 40.0766 -34.968 -15.2676 0.673627 -34.0898 -39.3089 -1.21656 8.98197 12.1307 3.85573
47.01 40.0706 -34.9522 -15.2531 0.662643 -34.0669 -39.278 -1.21654 8.98174 12.8853 3.44721
47.11 40.0648 -34.9377 -15.244 0.651928 -34.0448 -39.2481 -1.21653 8.98152 13.5331 3.14916
47.21 40.0593 -34.9248 -15.24 0.64171 -34.0238 -39.2199 -1.21652 8.9813 14.0559 2.94445
47.31 40.0544 -34.9138 -15.2409 0.632179 -34.0044 -39.1939 -1.21651 8.98109 14.4391 2.82823
47.41 40.0502 -34.9048 -15.2462 0.623475 -33.9869 -39.1705 -1.2165 8.98088 14.6725 2.8013
47.51 40.047 -34.8979 -15.2553 0.615695 -33.9715 -39.1499 -1.21649 8.98068 14.7493 2.86497
47.61 40.0447 -34.8929 -15.2673 0.608896 -33.9583 -39.1323 -1.21648 8.98048 14.6669 3.01772
47.71 40.0435 -34.8899 -15.2815 0.603101 -33.9473 -39.1176 -1.21647 8.98029 14.4266 3.25381
47.81 40.0432 -34.8886 -15.2974 0.598308 -33.9385 -39.1059 -1.21646 8.9801 14.0331 3.56412
47.91 40.0439 -34.889 -15.3144 0.594501 -33.9319 -39.0971 -1.21645 8.97992 13.4951 3.93938
48.01 40.0456 -34.8909 -15.3321 0.591653 -33.9274 -39.0911 -1.21645 8.97974 12.8242 4.37459
48.11 40.0483 -34.8942 -15.3501 0.589738 -33.9248 -39.0878 -1.21644 8.97956 12.0355 4.87202
48.21 40.0518 -34.8987 -15.3685 0.588728 -33.9243 -39.087 -1.21643 8.97939 11.1464 5.44068
48.31 40.0563 -34.9044 -15.387 0.588597 -33.9256 -39.0886 -1.21642 8.97923 10.1772 6.09187
48.41 40.0616 -34.9112 -15.4055 0.589323 -33.9287 -39.0927 -1.21641 8.97907 9.15068 6.83181
48.51 40.0678 -34.9189 -15.4242 0.590885 -33.9336 -39.0991 -1.21641 8.97891 8.09297 7.6551
48.61 40.0748 -34.9274 -15.4429 0.593258 -33.9402 -39.1077 -1.2164 8.97876 7.03709 8.54288
48.71 40.0826 -34.9368 -15.4615 0.596413 -33.9485 -39.1184 -1.21639 8.97861 6.02969 9.46656
48.81 40.0911 -34.9468 -15.48 0.600303 -33.9582 -39.131 -1.21638 8.97847 5.13442 10.3935
48.91 40.1004 -34.9573 -15.4978 0.604859 -33.9693 -39.1454 -1.21638 8.97832 4.40733 11.2914
49.01 40.1102 -34.9682 -15.5146 0.609981 -33.9816 -39.1613 -1.21637 8.97819 3.85573 12.1307
49.11 40.1204 -34.9791 -15.5297 0.615532 -33.9947 -39.1782 -1.21636 8.97805 3.44721 12.8853
49.21 40.1309 -34.9898 -15.5425 0.621338 -34.0082 -39.1957 -1.21636 8.97792 3.14916 13.5331
49.31 40.1413 -34.9999 -15.552 0.627189 -34.0218 -39.2131 -1.21635 8.97779 2.94445 14.0559
49.41 40.1514 -35.0091 -15.5577 0.632851 -34.0348 -39.2298 -1.21635 8.97767 2.82823 14.4391
49.51 40.161 -35.017 -15.5589 0.638077 -34.0468 -39.245 -1.21634 8.97755 2.8013 14.6725
49.61 40.1697 -35.0232 -15.5551 0.642621 -34.0571 -39.2582 -1.21634 8.97743 2.86497 14.7493
49.71 40.1773 -35.0275 -15.5461 0.646253 -34.0655 -39.2686 -1.21633 8.97732 3.01772 14.6669
49.81 40.1835 -35.0295 -15.5321 0.648774 -34.0713 -39.2758 -1.21633 8.9772 3.25381 14.4266
49.91 40.1883 -35.0292 -15.5134 0.650024 -34.0743 -39.2792 -1.21632 8.97709 3.56412 14.0331
50.01 40.1913 -35.0265 -15.4906 0.649888 -34.0743 -39.2786 -1.21632 8.97699 3.93939 13.4951
50.11 40.1926 -35.0213 -15.4642 0.648292 -34.071 -39.2739 -1.21631 8.97688 4.3746 12.8243
50.21 40.1921 -35.0139 -15.4351 0.645201 -34.0646 -39.2649 -1.21631 8.97678 4.87202 12.0355
50.31 40.1898 -35.0042 -15.4038 0.640615 -34.0548 -39.2517 -1.2163 8.97668 5.44068 11.1464
50.41 40.1857 -34.9925 -15.3712 0.634562 -34.042 -39.2344 -1.2163 8.97659 6.09187 10.1772
50.51 40.1799 -34.979 -15.3379 0.627099 -34.0261 -39.2133 -1.21629 8.97649 6.83181 9.15068
50.61 40.1725 -34.9639 -15.3046 0.618324 -34.0074 -39.1886 -1.21629 8.9764 7.6551 8.09297
50.71 40.1636 -34.9476 -15.2722 0.608372 -33.9863 -39.1607 -1.21628 8.97631 8.54288 7.03709
50.81 40.1535 -34.9304 -15.2415 0.597424 -33.9631 -39.1302 -1.21628 8.97623 9.46656 6.02969
50.91 40.1425 -34.9128 -15.2136 0.585702 -33.9383 -39.0977 -1.21628 8.97614 10.3935 5.13442
51.01 40.1307 -34.8953 -15.1894 0.573462 -33.9125 -39.0641 -1.21627 8.97606 11.2914 4.40733
51.11 40.1186 -34.8782 -15.1696 0.560982 -33.8863 -39.03 -1.21627 8.97598 12.1307 3.85573
51.21 40.1064 -34.8621 -15.1548 0.548538 -33.8604 -38.9963 -1.21626 8.9759 12.8853 3.44721
51.31 40.0945 -34.8473 -15.1453 0.536392 -33.8352 -38.9637 -1.21626 8.97582 13.5331 3.14916
51.41 40.083 -34.8341 -15.1411 0.524776 -33.8112 -38.9329 -1.21626 8.97575 14.0559 2.94445
51.51 40.0724 -34.8229 -15.1418 0.513879 -33.789 -38.9044 -1.21625 8.97568 14.4391 2.82823
51.61 40.0626 -34.8136 -15.147 0.503846 -33.7687 -38.8785 -1.21625 8.97561 14.6725 2.8013
51.71 40.0539 -34.8065 -15.156 0.494777 -33.7506 -38.8556 -1.21624 8.97554 14.7493 2.86496
51.81 40.0463 -34.8013 -15.168 0.48673 -33.7349 -38.8357 -1.21624 8.97547 14.6669 3.01771
51.91 40.0398 -34.7981 -15.1824 0.47973 -33.7214 -38.8189 -1.21624 8.9754 14.4266 3.25381
52.01 40.0344 -34.7967 -15.1984 0.473776 -33.7103 -38.8052 -1.21623 8.97534 14.0331 3.56412
52.11 40.0302 -34.7971 -15.2156 0.468852 -33.7014 -38.7945 -1.21623 8.97528 13.4951 3.93938
52.21 40.0271 -34.7989 -15.2335 0.464934 -33.6947 -38.7866 -1.21622 8.97522 12.8242 4.37459
52.31 40.0251 -34.8022 -15.2519 0.461993 -33.6902 -38.7816 -1.21622 8.97516 12.0355 4.87201
52.41 40.0241 -34.8067 -15.2706 0.46 -33.6877 -38.7792 -1.21622 8.9751 11.1464 5.44068
52.51 40.0241 -34.8125 -15.2894 0.458929 -33.6872 -38.7794 -1.21621 8.97504 10.1772 6.09186
52.61 40.0252 -34.8193 -15.3083 0.458757 -33.6886 -38.7821 -1.21621 8.97499 9.15068 6.8318
52.71 40.0272 -34.8271 -15.3273 0.45946 -33.6918 -38.7872 -1.21621 8.97493 8.09296 7.65509
52.81 40.0302 -34.8357 -15.3463 0.461013 -33.6969 -38.7946 -1.21621 8.97488 7.03708 8.54288
52.91 40.034 -34.8452 -15.3653 0.463381 -33.7036 -38.8041 -1.2162 8.97483 6.02968 9.46655
53.01 40.0388 -34.8553 -15.384 0.466516 -33.712 -38.8157 -1.2162 8.97478 5.13441 10.3935
53.11 40.0443 -34.866 -15.402 0.470344 -33.7217 -38.8292 -1.2162 8.97473 4.40733 11.2914
53.21 40.0505 -34.877 -15.419 0.474761 -33.7327 -38.8441 -1.21619 8.97469 3.85572 12.1307
53.31 40.0572 -34.888 -15.4342 0.479626 -33.7445 -38.8601 -1.21619 8.97464 3.4472 12.8853
53.41 40.0641 -34.8988 -15.447 0.48476 -33.7568 -38.8766 -1.21619 8.97459 3.14916 13.5331
53.51 40.0712 -34.909 -15.4565 0.48995 -33.7692 -38.8932 -1.21619 8.97455 2.94445 14.0559
53.61 40.078 -34.9183 -15.4621 0.494958 -33.781 -38.909 -1.21619 8.97451 2.82823 14.4391
53.71 40.0843 -34.9262 -15.463 0.499533 -33.7918 -38.9233 -1.21618 8.97447 2.8013 14.6725
53.81 40.0898 -34.9324 -15.459 0.503428 -33.801 -38.9356 -1.21618 8.97443 2.86496 14.7493
53.91 40.0943 -34.9366 -15.4497 0.50641 -33.8082 -38.9451 -1.21618 8.97439 3.01771 14.6669
54.01 40.0974 -34.9385 -15.4354 0.508279 -33.8128 -38.9513 -1.21618 8.97435 3.25381 14.4266
54.11 40.0991 -34.9381 -15.4163 0.508875 -33.8147 -38.9537 -1.21618 8.97431 3.56412 14.0331
54.21 40.0992 -34.9352 -15.393 0.508081 -33.8134 -38.9522 -1.21618 8.97428 3.93938 13.4951
54.31 40.0975 -34.93 -15.3662 0.505823 -33.809 -38.9464 -1.21617 8.97424 4.37459 12.8242
54.41 40.0941 -34.9223 -15.3366 0.502066 -33.8013 -38.9364 -1.21617 8.97421 4.87201 12.0355
54.51 40.089 -34.9124 -15.3049 0.49681 -33.7904 -38.9221 -1.21617 8.97417 5.44068 11.1464
54.61 40.0821 -34.9005 -15.2718 0.490082 -33.7763 -38.9037 -1.21617 8.97414 6.09186 10.1772
54.71 40.0735 -34.8867 -15.238 0.481942 -33.7592 -38.8815 -1.21617 8.97411 6.83181 9.15068
54.81 40.0634 -34.8714 -15.2043 0.472485 -33.7393 -38.8556 -1.21617 8.97408 7.65509 8.09296
54.91 40.0519 -34.8548 -15.1714 0.461849 -33.7169 -38.8266 -1.21616 8.97405 8.54288 7.03708
55.01 40.0392 -34.8373 -15.1402 0.450214 -33.6924 -38.7949 -1.21616 8.97402 9.46655 6.02969
55.11 40.0255 -34.8194 -15.1119 0.437803 -33.6664 -38.7613 -1.21616 8.97399 10.3935 5.13442
55.21 40.0112 -34.8015 -15.0872 0.424876 -33.6394 -38.7264 -1.21616 8.97396 11.2914 4.40733
55.31 39.9965 -34.7841 -15.067 0.411709 -33.6119 -38.6911 -1.21616 8.97393 12.1307 3.85572
55.41 39.9819 -34.7677 -15.0519 0.398584 -33.5847 -38.6562 -1.21615 8.9739 12.8853 3.4472
55.51 39.9675 -34.7526 -15.042 0.385764 -33.5583 -38.6225 -1.21615 8.97388 13.5331 3.14915
55.61 39.9537 -34.7392 -15.0376 0.373484 -33.5332 -38.5905 -1.21615 8.97385 14.0559 2.94445
55.71 39.9408 -34.7276 -15.0381 0.361937 -33.5098 -38.5608 -1.21615 8.97383 14.4391 2.82822
55.81 39.9287 -34.7181 -15.0432 0.351271 -33.4884 -38.5338 -1.21615 8.9738 14.6724 2.80129
55.91 39.9178 -34.7107 -15.0521 0.341589 -33.4693 -38.5098 -1.21614 8.97378 14.7493 2.86496
56.01 39.908 -34.7054 -15.0641 0.332952 -33.4524 -38.4889 -1.21614 8.97376 14.6669 3.01771
56.11 39.8995 -34.702 -15.0786 0.325387 -33.438 -38.4712 -1.21614 8.97373 14.4265 3.2538
56.21 39.8921 -34.7005 -15.0948 0.318895 -33.426 -38.4566 -1.21614 8.97371 14.0331 3.56411
56.31 39.886 -34.7007 -15.1122 0.313462 -33.4162 -38.4451 -1.21614 8.97369 13.4951 3.93938
56.41 39.881 -34.7025 -15.1303 0.309063 -33.4088 -38.4366 -1.21613 8.97367 12.8242 4.37459
56.51 39.8771 -34.7058 -15.149 0.30567 -33.4035 -38.4309 -1.21613 8.97365 12.0355 4.87201
56.61 39.8744 -34.7104 -15.168 0.303254 -33.4003 -38.4279 -1.21613 8.97363 11.1464 5.44067
56.71 39.8727 -34.7161 -15.1871 0.301789 -33.3992 -38.4276 -1.21613 8.97361 10.1772 6.09186
56.81 39.8721 -34.723 -15.2064 0.301249 -33.4 -38.4298 -1.21613 8.97359 9.15067 6.8318
56.91 39.8725 -34.7309 -15.2257 0.301609 -33.4027 -38.4345 -1.21613 8.97357 8.09295 7.65508
57.01 39.874 -34.7396 -15.2451 0.302843 -33.4073 -38.4416 -1.21612 8.97355 7.03707 8.54287
57.11 39.8764 -34.7492 -15.2644 0.304913 -33.4137 -38.4509 -1.21612 8.97353 6.02968 9.46654
57.21 39.8797 -34.7595 -15.2833 0.307768 -33.4216 -38.4623 -1.21612 8.97352 5.13441 10.3935
57.31 39.8838 -34.7703 -15.3016 0.311331 -33.431 -38.4755 -1.21612 8.9735 4.40732 11.2914
57.41 39.8886 -34.7814 -15.3187 0.315493 -33.4417 -38.4902 -1.21612 8.97348 3.85572 12.1306
57.51 39.894 -34.7925 -15.3341 0.32011 -33.4532 -38.506 -1.21612 8.97347 3.4472 12.8853
57.61 39.8997 -34.8034 -15.3469 0.324997 -33.4652 -38.5224 -1.21612 8.97345 3.14915 13.5331
57.71 39.9055 -34.8137 -15.3564 0.32994 -33.4772 -38.5387 -1.21612 8.97344 2.94445 14.0559
57.81 39.911 -34.823 -15.3618 0.334695 -33.4886 -38.5542 -1.21611 8.97342 2.82822 14.4391
57.91 39.9161 -34.8309 -15.3625 0.339011 -33.4991 -38.5684 -1.21611 8.97341 2.80129 14.6724
58.01 39.9204 -34.8371 -15.3582 0.342636 -33.5079 -38.5803 -1.21611 8.97339 2.86496 14.7493
58.11 39.9236 -34.8413 -15.3486 0.345337 -33.5146 -38.5894 -1.21611 8.97338 3.01771 14.6669
58.21 39.9256 -34.8431 -15.3339 0.346912 -33.5188 -38.5952 -1.21611 8.97337 3.2538 14.4265
58.31 39.9261 -34.8426 -15.3145 0.347201 -33.5202 -38.5973 -1.21611 8.97335 3.56411 14.0331
58.41 39.9249 -34.8396 -15.2908 0.346086 -33.5185 -38.5952 -1.21611 8.97334 3.93938 13.4951
58.51 39.9221 -34.8341 -15.2635 0.343494 -33.5135 -38.5889 -1.21611 8.97333 4.37459 12.8242
58.61 39.9175 -34.8263 -15.2334 0.33939 -33.5052 -38.5783 -1.21611 8.97332 4.87201 12.0355
58.71 39.9111 -34.8162 -15.2012 0.333773 -33.4937 -38.5634 -1.21611 8.97331 5.44067 11.1464
58.81 39.903 -34.804 -15.1677 0.326671 -33.4789 -38.5444 -1.21611 8.97329 6.09186 10.1772
58.91 39.8933 -34.79 -15.1334 0.318144 -33.4612 -38.5214 -1.21611 8.97328 6.8318 9.15067
59.01 39.882 -34.7744 -15.0991 0.308289 -33.4406 -38.4948 -1.21611 8.97327 7.65508 8.09295
59.11 39.8693 -34.7575 -15.0657 0.297243 -33.4175 -38.465 -1.21611 8.97326 8.54287 7.03708
59.21 39.8554 -34.7397 -15.0341 0.285187 -33.3923 -38.4325 -1.21611 8.97325 9.46654 6.02968
59.31 39.8406 -34.7215 -15.0053 0.272347 -33.3655 -38.398 -1.2161 8.97324 10.3935 5.13441
59.41 39.8251 -34.7032 -14.9802 0.258983 -33.3377 -38.3623 -1.2161 8.97323 11.2914 4.40732
59.51 39.8093 -34.6855 -14.9595 0.245374 -33.3095 -38.3261 -1.2161 8.97322 12.1306 3.85572
59.61 39.7935 -34.6688 -14.944 0.231804 -33.2815 -38.2903 -1.2161 8.97321 12.8853 3.4472
59.71 39.778 -34.6533 -14.9338 0.21854 -33.2543 -38.2556 -1.2161 8.9732 13.5331 3.14915
59.81 39.7631 -34.6396 -14.9291 0.205819 -33.2284 -38.2227 -1.2161 8.97319 14.0559 2.94444
59.91 39.749 -34.6278 -14.9294 0.193839 -33.2042 -38.1922 -1.2161 8.97318 14.4391 2.82822
60.01 39.7359 -34.618 -14.9344 0.18275 -33.1821 -38.1644 -1.21609 8.97318 14.6724 2.80129
60.11 39.724 -34.6104 -14.9432 0.17266 -33.1622 -38.1396 -1.21609 8.97317 14.7492 2.86495
60.21 39.7132 -34.6049 -14.9553 0.163632 -33.1447 -38.118 -1.21609 8.97316 14.6669 3.0177
60.31 39.7037 -34.6013 -14.9698 0.155697 -33.1296 -38.0995 -1.21609 8.97315 14.4265 3.25379
60.41 39.6954 -34.5997 -14.9861 0.148856 -33.117 -38.0843 -1.21609 8.97314 14.0331 3.5641
60.51 39.6883 -34.5998 -15.0038 0.143098 -33.1067 -38.0722 -1.21609 8.97313 13.4951 3.93937
60.61 39.6825 -34.6016 -15.0222 0.138397 -33.0987 -38.0632 -1.21608 8.97313 12.8242 4.37458
60.71 39.6778 -34.6048 -15.0412 0.134727 -33.093 -38.057 -1.21608 8.97312 12.0355 4.872
60.81 39.6743 -34.6094 -15.0604 0.132058 -33.0895 -38.0537 -1.21608 8.97311 11.1464 5.44066
60.91 39.6719 -34.6152 -15.0799 0.130363 -33.088 -38.053 -1.21608 8.9731 10.1772 6.09185
61.01 39.6706 -34.6221 -15.0995 0.129616 -33.0885 -38.055 -1.21608 8.9731 9.15066 6.83179
61.11 39.6703 -34.6301 -15.1192 0.129792 -33.0911 -38.0595 -1.21608 8.97309 8.09294 7.65507
61.21 39.6711 -34.6389 -15.1389 0.13086 -33.0954 -38.0664 -1.21608 8.97308 7.03706 8.54286
61.31 39.6729 -34.6486 -15.1585 0.132782 -33.1016 -38.0756 -1.21608 8.97308 6.02967 9.46653
61.41 39.6757 -34.659 -15.1777 0.135502 -33.1094 -38.0869 -1.21607 8.97307 5.1344 10.3935
61.51 39.6792 -34.6699 -15.1963 0.138941 -33.1187 -38.1 -1.21607 8.97306 4.40731 11.2914
61.61 39.6835 -34.6812 -15.2136 0.142986 -33.1292 -38.1147 -1.21607 8.97306 3.85571 12.1306
61.71 39.6884 -34.6924 -15.229 0.147487 -33.1406 -38.1305 -1.21607 8.97305 3.44719 12.8853
61.81 39.6935 -34.7034 -15.2418 0.152258 -33.1525 -38.1468 -1.21607 8.97305 3.14915 13.5331
61.91 39.6988 -34.7138 -15.2512 0.157078 -33.1644 -38.163 -1.21607 8.97304 2.94444 14.0559
62.01 39.7038 -34.7231 -15.2565 0.161703 -33.1757 -38.1784 -1.21607 8.97304 2.82822 14.4391
62.11 39.7084 -34.731 -15.2571 0.165877 -33.1859 -38.1924 -1.21607 8.97303 2.80129 14.6724
62.21 39.7122 -34.7372 -15.2525 0.169346 -33.1946 -38.2041 -1.21607 8.97303 2.86495 14.7492
62.31 39.7149 -34.7413 -15.2426 0.171876 -33.201 -38.213 -1.21607 8.97302 3.0177 14.6669
62.41 39.7163 -34.7431 -15.2275 0.173265 -33.205 -38.2185 -1.21607 8.97302 3.25379 14.4265
62.51 39.7162 -34.7424 -15.2076 0.17335 -33.206 -38.2202 -1.21607 8.97301 3.56411 14.0331
62.61 39.7145 -34.7393 -15.1835 0.172014 -33.2039 -38.2178 -1.21607 8.97301 3.93937 13.4951
62.71 39.711 -34.7336 -15.1557 0.169184 -33.1985 -38.211 -1.21607 8.973 4.37458 12.8242
62.81 39.7058 -34.7256 -15.1252 0.164825 -33.1898 -38.1999 -1.21607 8.973 4.872 12.0355
62.91 39.6989 -34.7152 -15.0925 0.158937 -33.1778 -38.1845 -1.21607 8.97299 5.44067 11.1464
63.01 39.6902 -34.7028 -15.0584 0.151549 -33.1626 -38.1648 -1.21607 8.97299 6.09185 10.1772
63.11 39.6798 -34.6885 -15.0236 0.14272 -33.1442 -38.1412 -1.21607 8.97299 6.83179 9.15066
63.21 39.6678 -34.6726 -14.9888 0.132547 -33.1231 -38.1139 -1.21607 8.97298 7.65507 8.09294
63.31 39.6545 -34.6554 -14.955 0.121169 -33.0994 -38.0834 -1.21607 8.97298 8.54286 7.03707
63.41 39.6399 -34.6373 -14.9229 0.108769 -33.0735 -38.0501 -1.21606 8.97297 9.46653 6.02967
63.51 39.6244 -34.6187 -14.8935 0.0955728 -33.0461 -38.0148 -1.21606 8.97297 10.3935 5.1344
63.61 39.6082 -34.6002 -14.8679 0.0818419 -33.0176 -37.9783 -1.21606 8.97297 11.2914 4.40731
63.71 39.5917 -34.5821 -14.8469 0.0678589 -32.9887 -37.9413 -1.21606 8.97296 12.1306 3.85571
63.81 39.5753 -34.565 -14.831 0.0539094 -32.96 -37.9046 -1.21606 8.97296 12.8853 3.44719
63.91 39.5591 -34.5493 -14.8205 0.040264 -32.9321 -37.8691 -1.21606 8.97296 13.5331 3.14914
64.01 39.5435 -34.5353 -14.8154 0.0271635 -32.9055 -37.8354 -1.21606 8.97295 14.0558 2.94444
64.11 39.5288 -34.5231 -14.8155 0.0148088 -32.8806 -37.804 -1.21606 8.97295 14.4391 2.82821
64.21 39.515 -34.5131 -14.8203 0.00335529 -32.8578 -37.7754 -1.21605 8.97294 14.6724 2.80128
64.31 39.5024 -34.5052 -14.8291 -0.00708748 -32.8373 -37.7498 -1.21605 8.97294 14.7492 2.86495
64.41 39.491 -34.4995 -14.8412 -0.0164521 -32.8192 -37.7274 -1.21605 8.97294 14.6669 3.0177
64.51 39.4809 -34.4958 -14.8558 -0.0247062 -32.8035 -37.7083 -1.21605 8.97293 14.4265 3.25379
64.61 39.4721 -34.494 -14.8723 -0.0318442 -32.7904 -37.6925 -1.21605 8.97293 14.0331 3.5641
64.71 39.4645 -34.494 -14.8901 -0.0378785 -32.7796 -37.6799 -1.21605 8.97293 13.4951 3.93936
64.81 39.4582 -34.4957 -14.9088 -0.0428318 -32.7712 -37.6703 -1.21604 8.97292 12.8242 4.37457
64.91 39.453 -34.4989 -14.9281 -0.0467317 -32.7651 -37.6637 -1.21604 8.97292 12.0354 4.87199
65.01 39.4491 -34.5035 -14.9477 -0.0496069 -32.7613 -37.6601 -1.21604 8.97292 11.1464 5.44066
65.11 39.4463 -34.5093 -14.9675 -0.0514854 -32.7595 -37.6591 -1.21604 8.97291 10.1772 6.09184
65.21 39.4446 -34.5163 -14.9875 -0.052394 -32.7598 -37.6609 -1.21604 8.97291 9.15064 6.83178
65.31 39.444 -34.5243 -15.0075 -0.05236 -32.7621 -37.6652 -1.21604 8.97291 8.09293 7.65506
65.41 39.4445 -34.5333 -15.0276 -0.0514147 -32.7664 -37.6719 -1.21604 8.97291 7.03705 8.54284
65.51 39.446 -34.5431 -15.0475 -0.0495993 -32.7724 -37.681 -1.21603 8.9729 6.02965 9.46652
65.61 39.4484 -34.5537 -15.067 -0.0469725 -32.7801 -37.6923 -1.21603 8.9729 5.13439 10.3934
65.71 39.4517 -34.5647 -15.0857 -0.0436183 -32.7894 -37.7054 -1.21603 8.9729 4.4073 11.2913
65.81 39.4558 -34.5761 -15.1032 -0.0396529 -32.7998 -37.72 -1.21603 8.9729 3.8557 12.1306
65.91 39.4604 -34.5874 -15.1187 -0.0352298 -32.8111 -37.7357 -1.21603 8.97289 3.44719 12.8853
66.01 39.4653 -34.5985 -15.1316 -0.03054 -32.8229 -37.752 -1.21603 8.97289 3.14914 13.5331
66.11 39.4703 -34.6089 -15.1409 -0.0258076 -32.8347 -37.7682 -1.21603 8.97289 2.94443 14.0558
66.21 39.4751 -34.6183 -15.1461 -0.0212804 -32.8459 -37.7835 -1.21603 8.97289 2.82821 14.4391
66.31 39.4793 -34.6262 -15.1464 -0.0172177 -32.856 -37.7973 -1.21603 8.97288 2.80128 14.6724
66.41 39.4828 -34.6324 -15.1415 -0.0138744 -32.8645 -37.8089 -1.21603 8.97288 2.86494 14.7492
66.51 39.4852 -34.6364 -15.1313 -0.0114865 -32.8707 -37.8175 -1.21603 8.97288 3.01769 14.6669
66.61 39.4863 -34.6381 -15.1158 -0.010258 -32.8744 -37.8227 -1.21603 8.97288 3.25379 14.4265
66.71 39.4859 -34.6373 -15.0955 -0.0103512 -32.8751 -37.8241 -1.21603 8.97288 3.5641 14.0331
66.81 39.4838 -34.634 -15.0709 -0.0118836 -32.8727 -37.8212 -1.21603 8.97287 3.93936 13.4951
66.91 39.48 -34.6282 -15.0427 -0.0149283 -32.8669 -37.814 -1.21603 8.97287 4.37457 12.8242
67.01 39.4744 -34.6199 -15.0116 -0.0195195 -32.8578 -37.8024 -1.21603 8.97287 4.87199 12.0354
67.11 39.467 -34.6093 -14.9784 -0.0256579 -32.8454 -37.7864 -1.21603 8.97287 5.44066 11.1464
67.21 39.4579 -34.5967 -14.9438 -0.033314 -32.8296 -37.7662 -1.21603 8.97287 6.09184 10.1772
67.31 39.447 -34.5821 -14.9085 -0.0424272 -32.8108 -37.7419 -1.21603 8.97287 6.83178 9.15064
67.41 39.4346 -34.5659 -14.8732 -0.0529002 -32.789 -37.7139 -1.21603 8.97286 7.65506 8.09293
67.51 39.4208 -34.5483 -14.8388 -0.0645938 -32.7647 -37.6826 -1.21603 8.97286 8.54284 7.03705
67.61 39.4057 -34.5299 -14.8062 -0.0773238 -32.7383 -37.6486 -1.21602 8.97286 9.46652 6.02965
67.71 39.3897 -34.511 -14.7764 -0.0908627 -32.7102 -37.6125 -1.21602 8.97286 10.3934 5.13439
67.81 39.373 -34.4921 -14.7503 -0.104947 -32.681 -37.5751 -1.21602 8.97286 11.2913 4.4073
67.91 39.356 -34.4737 -14.7288 -0.119293 -32.6514 -37.5373 -1.21602 8.97285 12.1306 3.8557
68.01 39.339 -34.4563 -14.7125 -0.133611 -32.622 -37.4997 -1.21602 8.97285 12.8853 3.44718
68.11 39.3223 -34.4402 -14.7016 -0.147627 -32.5934 -37.4633 -1.21602 8.97285 13.5331 3.14913
68.21 39.3062 -34.4258 -14.6963 -0.161098 -32.5661 -37.4287 -1.21602 8.97285 14.0558 2.94443
68.31 39.2909 -34.4134 -14.6962 -0.173818 -32.5405 -37.3965 -1.21601 8.97285 14.4391 2.8282
68.41 39.2767 -34.4031 -14.7008 -0.185629 -32.517 -37.367 -1.21601 8.97285 14.6724 2.80127
68.51 39.2636 -34.3949 -14.7095 -0.196416 -32.4958 -37.3407 -1.21601 8.97284 14.7492 2.86494
68.61 39.2517 -34.389 -14.7216 -0.20611 -32.4771 -37.3176 -1.21601 8.97284 14.6669 3.01769
68.71 39.2411 -34.3851 -14.7363 -0.214675 -32.4609 -37.2978 -1.21601 8.97284 14.4265 3.25378
68.81 39.2319 -34.3831 -14.7529 -0.222103 -32.4472 -37.2813 -1.216 8.97284 14.0331 3.56409
68.91 39.2239 -34.3831 -14.771 -0.228406 -32.436 -37.2681 -1.216 8.97284 13.495 3.93935
69.01 39.2171 -34.3847 -14.7899 -0.233604 -32.4272 -37.2581 -1.216 8.97283 12.8242 4.37456
69.11 39.2117 -34.3878 -14.8095 -0.237727 -32.4207 -37.2511 -1.216 8.97283 12.0354 4.87198
69.21 39.2074 -34.3924 -14.8294 -0.240801 -32.4165 -37.247 -1.216 8.97283 11.1464 5.44064
69.31 39.2043 -34.3983 -14.8496 -0.242855 -32.4145 -37.2458 -1.21599 8.97283 10.1772 6.09183
69.41 39.2023 -34.4053 -14.8699 -0.243918 -32.4146 -37.2473 -1.21599 8.97283 9.15062 6.83176
69.51 39.2015 -34.4135 -14.8903 -0.244018 -32.4167 -37.2514 -1.21599 8.97282 8.09291 7.65505
69.61 39.2018 -34.4225 -14.9107 -0.243188 -32.4208 -37.258 -1.21599 8.97282 7.03703 8.54283
69.71 39.2031 -34.4325 -14.9309 -0.241472 -32.4267 -37.267 -1.21599 8.97282 6.02964 9.4665
69.81 39.2054 -34.4431 -14.9507 -0.238932 -32.4343 -37.2782 -1.21599 8.97282 5.13437 10.3934
69.91 39.2085 -34.4543 -14.9697 -0.235656 -32.4435 -37.2912 -1.21599 8.97282 4.40729 11.2913
70.01 39.2124 -34.4658 -14.9874 -0.231763 -32.4539 -37.3058 -1.21598 8.97282 3.85569 12.1306
70.11 39.2168 -34.4772 -15.003 -0.227412 -32.4651 -37.3215 -1.21598 8.97281 3.44717 12.8852
70.21 39.2216 -34.4884 -15.0158 -0.222797 -32.4768 -37.3377 -1.21598 8.97281 3.14913 13.5331
70.31 39.2264 -34.4989 -15.0251 -0.218148 -32.4885 -37.3538 -1.21598 8.97281 2.94442 14.0558
70.41 39.231 -34.5083 -15.0301 -0.213714 -32.4996 -37.369 -1.21598 8.97281 2.8282 14.4391
70.51 39.2351 -34.5162 -15.0302 -0.209759 -32.5096 -37.3827 -1.21598 8.97281 2.80127 14.6724
70.61 39.2383 -34.5223 -15.025 -0.206539 -32.5178 -37.3941 -1.21598 8.97281 2.86493 14.7492
70.71 39.2405 -34.5263 -15.0144 -0.204291 -32.5239 -37.4025 -1.21598 8.97281 3.01768 14.6668
70.81 39.2413 -34.5279 -14.9986 -0.203221 -32.5273 -37.4074 -1.21598 8.97281 3.25378 14.4265
70.91 39.2406 -34.527 -14.9778 -0.203492 -32.5277 -37.4083 -1.21598 8.9728 3.56409 14.0331
71.01 39.2383 -34.5235 -14.9527 -0.205221 -32.5249 -37.405 -1.21598 8.9728 3.93935 13.495
71.11 39.2341 -34.5175 -14.924 -0.208481 -32.5188 -37.3974 -1.21598 8.9728 4.37456 12.8242
71.21 39.2282 -34.509 -14.8924 -0.213306 -32.5092 -37.3852 -1.21598 8.9728 4.87198 12.0354
71.31 39.2205 -34.4982 -14.8587 -0.219697 -32.4963 -37.3687 -1.21598 8.9728 5.44065 11.1464
71.41 39.211 -34.4852 -14.8236 -0.227623 -32.48 -37.3478 -1.21598 8.9728 6.09183 10.1772
71.51 39.1998 -34.4704 -14.7878 -0.237023 -32.4606 -37.3229 -1.21598 8.9728 6.83176 9.15062
71.61 39.1869 -34.4538 -14.7519 -0.2478 -32.4383 -37.2942 -1.21598 8.9728 7.65505 8.09291
71.71 39.1727 -34.436 -14.717 -0.259813 -32.4134 -37.2621 -1.21598 8.9728 8.54283 7.03703
71.81 39.1572 -34.4172 -14.6839 -0.272878 -32.3863 -37.2273 -1.21598 8.9728 9.4665 6.02964
71.91 39.1407 -34.398 -14.6535 -0.286765 -32.3575 -37.1904 -1.21598 8.97279 10.3934 5.13437
72.01 39.1235 -34.3787 -14.627 -0.301209 -32.3277 -37.1521 -1.21597 8.97279 11.2913 4.40729
72.11 39.106 -34.36 -14.605 -0.315923 -32.2974 -37.1133 -1.21597 8.97279 12.1306 3.85569
72.21 39.0885 -34.3422 -14.5882 -0.330616 -32.2672 -37.0749 -1.21597 8.97279 12.8852 3.44717
72.31 39.0713 -34.3257 -14.577 -0.34501 -32.2379 -37.0376 -1.21597 8.97279 13.5331 3.14912
72.41 39.0547 -34.311 -14.5714 -0.358858 -32.2098 -37.0021 -1.21597 8.97279 14.0558 2.94442
72.51 39.039 -34.2983 -14.571 -0.371951 -32.1835 -36.969 -1.21596 8.97279 14.4391 2.82819
72.61 39.0243 -34.2877 -14.5755 -0.384126 -32.1594 -36.9387 -1.21596 8.97278 14.6724 2.80126
72.71 39.0107 -34.2793 -14.5841 -0.395266 -32.1375 -36.9115 -1.21596 8.97278 14.7492 2.86492
72.81 38.9984 -34.273 -14.5962 -0.405296 -32.1182 -36.8876 -1.21596 8.97278 14.6668 3.01767
72.91 38.9874 -34.269 -14.611 -0.414179 -32.1014 -36.8671 -1.21595 8.97278 14.4265 3.25376
73.01 38.9777 -34.2669 -14.6278 -0.421905 -32.0872 -36.85 -1.21595 8.97278 14.0331 3.56407
73.11 38.9693 -34.2667 -14.646 -0.428482 -32.0754 -36.8362 -1.21595 8.97278 13.495 3.93934
73.21 38.9623 -34.2682 -14.6652 -0.433933 -32.0662 -36.8256 -1.21595 8.97277 12.8242 4.37455
73.31 38.9565 -34.2713 -14.6851 -0.438283 -32.0593 -36.8181 -1.21594 8.97277 12.0354 4.87197
73.41 38.9519 -34.2759 -14.7054 -0.441562 -32.0548 -36.8137 -1.21594 8.97277 11.1463 5.44063
73.51 38.9486 -34.2818 -14.7259 -0.443798 -32.0524 -36.8121 -1.21594 8.97277 10.1772 6.09181
73.61 38.9464 -34.2889 -14.7466 -0.44502 -32.0523 -36.8134 -1.21594 8.97277 9.1506 6.83175
73.71 38.9453 -34.2971 -14.7674 -0.445258 -32.0542 -36.8173 -1.21594 8.97277 8.09288 7.65503
73.81 38.9454 -34.3063 -14.7881 -0.444547 -32.0581 -36.8237 -1.21593 8.97276 7.03701 8.54281
73.91 38.9465 -34.3164 -14.8087 -0.442934 -32.0639 -36.8326 -1.21593 8.97276 6.02961 9.46648
74.01 38.9487 -34.3271 -14.8287 -0.440485 -32.0715 -36.8437 -1.21593 8.97276 5.13435 10.3934
74.11 38.9517 -34.3384 -14.848 -0.437289 -32.0805 -36.8567 -1.21593 8.97276 4.40727 11.2913
74.21 38.9554 -34.35 -14.8658 -0.433473 -32.0908 -36.8712 -1.21593 8.97276 3.85568 12.1306
74.31 38.9597 -34.3616 -14.8815 -0.429198 -32.102 -36.8869 -1.21593 8.97276 3.44716 12.8852
74.41 38.9643 -34.3729 -14.8943 -0.424663 -32.1137 -36.903 -1.21593 8.97276 3.14911 13.5331
74.51 38.969 -34.3834 -14.9035 -0.420101 -32.1252 -36.919 -1.21592 8.97275 2.94441 14.0558
74.61 38.9734 -34.3928 -14.9084 -0.415766 -32.1362 -36.9341 -1.21592 8.97275 2.82819 14.4391
74.71 38.9773 -34.4008 -14.9082 -0.411924 -32.146 -36.9476 -1.21592 8.97275 2.80125 14.6724
74.81 38.9804 -34.4068 -14.9027 -0.408832 -32.1541 -36.9587 -1.21592 8.97275 2.86492 14.7492
74.91 38.9824 -34.4107 -14.8918 -0.406732 -32.1599 -36.9669 -1.21592 8.97275 3.01767 14.6668
75.01 38.983 -34.4122 -14.8755 -0.405827 -32.163 -36.9714 -1.21592 8.97275 3.25376 14.4265
75.11 38.982 -34.4112 -14.8542 -0.406283 -32.1631 -36.972 -1.21592 8.97275 3.56408 14.0331
75.21 38.9794 -34.4075 -14.8287 -0.408216 -32.1599 -36.9683 -1.21592 8.97275 3.93934 13.495
75.31 38.975 -34.4013 -14.7995 -0.4117 -32.1534 -36.9601 -1.21592 8.97275 4.37455 12.8242
75.41 38.9687 -34.3926 -14.7674 -0.416768 -32.1434 -36.9474 -1.21592 8.97275 4.87197 12.0354
75.51 38.9606 -34.3815 -14.7331 -0.42342 -32.1299 -36.9303 -1.21592 8.97275 5.44063 11.1463
75.61 38.9508 -34.3683 -14.6975 -0.431626 -32.1132 -36.9088 -1.21592 8.97274 6.09181 10.1772
75.71 38.9392 -34.3531 -14.6611 -0.441324 -32.0932 -36.8831 -1.21592 8.97274 6.83175 9.1506
75.81 38.9259 -34.3363 -14.6247 -0.452415 -32.0703 -36.8537 -1.21592 8.97274 7.65503 8.09289
75.91 38.9113 -34.3181 -14.5892 -0.464759 -32.0447 -36.8208 -1.21592 8.97274 8.54281 7.03701
76.01 38.8953 -34.299 -14.5555 -0.478169 -32.0169 -36.7852 -1.21592 8.97274 9.46648 6.02961
76.11 38.8784 -34.2794 -14.5247 -0.492415 -31.9875 -36.7474 -1.21592 8.97274 10.3934 5.13435
76.21 38.8608 -34.2597 -14.4976 -0.507231 -31.9569 -36.7082 -1.21591 8.97274 11.2913 4.40727
76.31 38.8428 -34.2406 -14.4752 -0.522326 -31.9258 -36.6685 -1.21591 8.97274 12.1306 3.85567
76.41 38.8248 -34.2224 -14.458 -0.537406 -31.895 -36.6292 -1.21591 8.97274 12.8852 3.44716
76.51 38.8071 -34.2056 -14.4464 -0.552191 -31.8648 -36.5909 -1.21591 8.97273 13.533 3.14911
76.61 38.79 -34.1906 -14.4404 -0.56643 -31.836 -36.5545 -1.2159 8.97273 14.0558 2.9444
76.71 38.7738 -34.1775 -14.4398 -0.579909 -31.809 -36.5204 -1.2159 8.97273 14.439 2.82818
76.81 38.7586 -34.1666 -14.4441 -0.592461 -31.7841 -36.4892 -1.2159 8.97273 14.6724 2.80124
76.91 38.7445 -34.1579 -14.4526 -0.603966 -31.7616 -36.4612 -1.2159 8.97273 14.7492 2.86491
77.01 38.7318 -34.1514 -14.4647 -0.614345 -31.7416 -36.4365 -1.21589 8.97272 14.6668 3.01766
77.11 38.7204 -34.1472 -14.4795 -0.623558 -31.7242 -36.4153 -1.21589 8.97272 14.4265 3.25375
77.21 38.7103 -34.1449 -14.4965 -0.631593 -31.7094 -36.3975 -1.21589 8.97272 14.033 3.56406
77.31 38.7016 -34.1446 -14.5149 -0.638457 -31.6971 -36.383 -1.21588 8.97272 13.495 3.93932
77.41 38.6942 -34.1461 -14.5344 -0.64417 -31.6874 -36.3719 -1.21588 8.97272 12.8241 4.37453
77.51 38.688 -34.1491 -14.5546 -0.648758 -31.6801 -36.364 -1.21588 8.97272 12.0354 4.87195
77.61 38.6832 -34.1537 -14.5752 -0.652251 -31.6752 -36.3591 -1.21587 8.97271 11.1463 5.44061
77.71 38.6796 -34.1596 -14.5961 -0.654677 -31.6726 -36.3572 -1.21587 8.97271 10.1771 6.09179
77.81 38.6771 -34.1668 -14.6172 -0.656067 -31.6722 -36.3581 -1.21587 8.97271 9.15057 6.83172
77.91 38.6759 -34.1751 -14.6383 -0.656452 -31.6739 -36.3618 -1.21586 8.97271 8.09285 7.655
78.01 38.6758 -34.1844 -14.6594 -0.655869 -31.6776 -36.3681 -1.21586 8.97271 7.03698 8.54278
78.11 38.6767 -34.1945 -14.6803 -0.654367 -31.6833 -36.3768 -1.21586 8.9727 6.02958 9.46645
78.21 38.6787 -34.2054 -14.7006 -0.652015 -31.6907 -36.3878 -1.21586 8.9727 5.13433 10.3934
78.31 38.6816 -34.2168 -14.7201 -0.648908 -31.6997 -36.4007 -1.21586 8.9727 4.40725 11.2913
78.41 38.6852 -34.2285 -14.7381 -0.645176 -31.7099 -36.4152 -1.21585 8.9727 3.85566 12.1305
78.51 38.6893 -34.2402 -14.7539 -0.640984 -31.721 -36.4308 -1.21585 8.9727 3.44714 12.8852
78.61 38.6938 -34.2516 -14.7667 -0.636537 -31.7325 -36.4469 -1.21585 8.9727 3.1491 13.533
78.71 38.6984 -34.2622 -14.7758 -0.632071 -31.744 -36.4627 -1.21585 8.9727 2.94439 14.0558
78.81 38.7026 -34.2716 -14.7805 -0.627843 -31.7548 -36.4777 -1.21585 8.97269 2.82817 14.439
78.91 38.7064 -34.2795 -14.7801 -0.624122 -31.7644 -36.491 -1.21585 8.97269 2.80124 14.6723
79.01 38.7093 -34.2856 -14.7743 -0.621169 -31.7723 -36.5019 -1.21585 8.97269 2.8649 14.7491
79.11 38.711 -34.2894 -14.7629 -0.619225 -31.7778 -36.5097 -1.21585 8.97269 3.01765 14.6668
79.21 38.7114 -34.2908 -14.7462 -0.618496 -31.7806 -36.5139 -1.21585 8.97269 3.25375 14.4264
79.31 38.7101 -34.2896 -14.7245 -0.619147 -31.7804 -36.5141 -1.21585 8.97269 3.56406 14.033
79.41 38.7072 -34.2857 -14.6984 -0.621296 -31.7768 -36.5099 -1.21585 8.97269 3.93932 13.495
79.51 38.7025 -34.2793 -14.6687 -0.625015 -31.7698 -36.5012 -1.21585 8.97269 4.37453 12.8241
79.61 38.6959 -34.2703 -14.6361 -0.630337 -31.7594 -36.4879 -1.21585 8.97269 4.87195 12.0354
79.71 38.6875 -34.259 -14.6013 -0.637263 -31.7454 -36.4701 -1.21585 8.97268 5.44061 11.1463
79.81 38.6773 -34.2455 -14.5651 -0.645761 -31.7281 -36.4479 -1.21585 8.97268 6.09179 10.1771
79.91 38.6653 -34.23 -14.5281 -0.655768 -31.7075 -36.4216 -1.21585 8.97268 6.83172 9.15057
80.01 38.6516 -34.2128 -14.4912 -0.667187 -31.684 -36.3913 -1.21584 8.97268 7.655 8.09286
80.11 38.6365 -34.1943 -14.4551 -0.679874 -31.6578 -36.3577 -1.21584 8.97268 8.54278 7.03698
80.21 38.6201 -34.1748 -14.4209 -0.693644 -31.6293 -36.3212 -1.21584 8.97268 9.46645 6.02958
80.31 38.6027 -34.1548 -14.3895 -0.708263 -31.5991 -36.2825 -1.21584 8.97268 10.3934 5.13432
80.41 38.5846 -34.1348 -14.3619 -0.723464 -31.5678 -36.2424 -1.21584 8.97268 11.2913 4.40725
80.51 38.5662 -34.1153 -14.339 -0.738954 -31.536 -36.2017 -1.21583 8.97267 12.1305 3.85565
80.61 38.5477 -34.0968 -14.3213 -0.754436 -31.5043 -36.1614 -1.21583 8.97267 12.8852 3.44714
80.71 38.5295 -34.0796 -14.3093 -0.769627 -31.4734 -36.1222 -1.21583 8.97267 13.533 3.14909
80.81 38.5119 -34.0642 -14.303 -0.784271 -31.4438 -36.0847 -1.21582 8.97267 14.0557 2.94438
80.91 38.4952 -34.0508 -14.3021 -0.798151 -31.416 -36.0497 -1.21582 8.97267 14.439 2.82816
81.01 38.4795 -34.0395 -14.3062 -0.811095 -31.3904 -36.0176 -1.21582 8.97266 14.6723 2.80122
81.11 38.465 -34.0306 -14.3147 -0.82298 -31.3671 -35.9887 -1.21581 8.97266 14.7491 2.86489
81.21 38.4518 -34.0239 -14.3268 -0.833722 -31.3464 -35.9632 -1.21581 8.97266 14.6668 3.01764
81.31 38.4399 -34.0194 -14.3417 -0.84328 -31.3284 -35.9411 -1.2158 8.97266 14.4264 3.25373
81.41 38.4294 -34.0169 -14.3588 -0.851637 -31.313 -35.9226 -1.2158 8.97266 14.033 3.56404
81.51 38.4203 -34.0165 -14.3775 -0.858801 -31.3002 -35.9075 -1.2158 8.97265 13.4949 3.9393
81.61 38.4125 -34.0179 -14.3972 -0.864789 -31.29 -35.8958 -1.21579 8.97265 12.8241 4.37451
81.71 38.4061 -34.0209 -14.4177 -0.869628 -31.2823 -35.8874 -1.21579 8.97265 12.0353 4.87193
81.81 38.4009 -34.0254 -14.4386 -0.873346 -31.277 -35.8821 -1.21578 8.97265 11.1463 5.44059
81.91 38.397 -34.0314 -14.4599 -0.875974 -31.274 -35.8798 -1.21578 8.97264 10.1771 6.09176
82.01 38.3944 -34.0386 -14.4813 -0.877542 -31.2733 -35.8804 -1.21578 8.97264 9.15053 6.83169
82.11 38.3929 -34.047 -14.5028 -0.878084 -31.2748 -35.8838 -1.21577 8.97264 8.09281 7.65497
82.21 38.3926 -34.0563 -14.5243 -0.877638 -31.2783 -35.8899 -1.21577 8.97264 7.03694 8.54274
82.31 38.3934 -34.0666 -14.5455 -0.876256 -31.2838 -35.8985 -1.21577 8.97263 6.02955 9.46641
82.41 38.3952 -34.0776 -14.5661 -0.874011 -31.2911 -35.9094 -1.21576 8.97263 5.13429 10.3933
82.51 38.3979 -34.0892 -14.5858 -0.871001 -31.3 -35.9222 -1.21576 8.97263 4.40722 11.2912
82.61 38.4014 -34.101 -14.604 -0.867361 -31.3101 -35.9366 -1.21576 8.97263 3.85563 12.1305
82.71 38.4054 -34.1128 -14.6198 -0.863262 -31.3211 -35.9521 -1.21576 8.97263 3.44712 12.8851
82.81 38.4097 -34.1242 -14.6327 -0.858912 -31.3325 -35.9681 -1.21576 8.97262 3.14908 13.533
82.91 38.4141 -34.1349 -14.6417 -0.85455 -31.3438 -35.9838 -1.21576 8.97262 2.94437 14.0557
83.01 38.4182 -34.1443 -14.6462 -0.85044 -31.3545 -35.9986 -1.21575 8.97262 2.82815 14.439
83.11 38.4218 -34.1522 -14.6455 -0.84685 -31.3639 -36.0117 -1.21575 8.97262 2.80122 14.6723
83.21 38.4245 -34.1582 -14.6394 -0.844046 -31.3715 -36.0223 -1.21575 8.97262 2.86488 14.7491
83.31 38.426 -34.162 -14.6277 -0.84227 -31.3768 -36.0298 -1.21575 8.97262 3.01763 14.6668
83.41 38.4261 -34.1632 -14.6105 -0.841728 -31.3793 -36.0337 -1.21575 8.97262 3.25373 14.4264
83.51 38.4246 -34.1619 -14.5883 -0.842587 -31.3787 -36.0334 -1.21575 8.97262 3.56404 14.033
83.61 38.4214 -34.1578 -14.5617 -0.844963 -31.3747 -36.0287 -1.21575 8.97261 3.9393 13.4949
83.71 38.4163 -34.1512 -14.5314 -0.848929 -31.3673 -36.0195 -1.21575 8.97261 4.37451 12.8241
83.81 38.4094 -34.142 -14.4982 -0.854519 -31.3563 -36.0056 -1.21575 8.97261 4.87193 12.0353
83.91 38.4007 -34.1304 -14.4629 -0.861731 -31.3418 -35.9871 -1.21575 8.97261 5.44059 11.1463
84.01 38.39 -34.1166 -14.4261 -0.870534 -31.3239 -35.9642 -1.21575 8.97261 6.09177 10.1771
84.11 38.3776 -34.1007 -14.3885 -0.880866 -31.3027 -35.9371 -1.21575 8.97261 6.83169 9.15053
84.21 38.3636 -34.0832 -14.351 -0.892625 -31.2785 -35.906 -1.21575 8.97261 7.65497 8.09281
84.31 38.348 -34.0644 -14.3144 -0.905671 -31.2516 -35.8715 -1.21574 8.9726 8.54274 7.03694
84.41 38.3312 -34.0445 -14.2796 -0.919814 -31.2224 -35.8341 -1.21574 8.9726 9.46641 6.02954
84.51 38.3133 -34.0241 -14.2477 -0.934821 -31.1915 -35.7945 -1.21574 8.9726 10.3933 5.13429
84.61 38.2947 -34.0037 -14.2195 -0.950423 -31.1594 -35.7534 -1.21574 8.9726 11.2912 4.40722
84.71 38.2757 -33.9838 -14.1961 -0.966323 -31.1267 -35.7118 -1.21573 8.9726 12.1305 3.85562
84.81 38.2567 -33.9649 -14.178 -0.982224 -31.0943 -35.6704 -1.21573 8.97259 12.8851 3.44711
84.91 38.238 -33.9473 -14.1656 -0.997836 -31.0625 -35.6302 -1.21572 8.97259 13.533 3.14906
85.01 38.2199 -33.9315 -14.1589 -1.0129 -31.0322 -35.5918 -1.21572 8.97259 14.0557 2.94436
85.11 38.2026 -33.9177 -14.1578 -1.0272 -31.0036 -35.5558 -1.21571 8.97259 14.439 2.82813
85.21 38.1864 -33.9062 -14.1617 -1.04055 -30.9771 -35.5227 -1.21571 8.97258 14.6723 2.8012
85.31 38.1714 -33.8969 -14.17 -1.05283 -30.9531 -35.4928 -1.2157 8.97258 14.7491 2.86486
85.41 38.1578 -33.8899 -14.1821 -1.06395 -30.9317 -35.4664 -1.2157 8.97258 14.6667 3.01761
85.51 38.1455 -33.8852 -14.1971 -1.07387 -30.913 -35.4436 -1.21569 8.97258 14.4264 3.2537
85.61 38.1345 -33.8826 -14.2143 -1.08256 -30.897 -35.4243 -1.21569 8.97257 14.0329 3.56401
85.71 38.125 -33.8821 -14.2332 -1.09004 -30.8836 -35.4086 -1.21568 8.97257 13.4949 3.93928
85.81 38.1169 -33.8833 -14.2532 -1.09632 -30.8729 -35.3962 -1.21568 8.97257 12.824 4.37448
85.91 38.1101 -33.8863 -14.274 -1.10142 -30.8647 -35.3872 -1.21567 8.97256 12.0353 4.8719
86.01 38.1046 -33.8908 -14.2953 -1.10537 -30.859 -35.3815 -1.21567 8.97256 11.1462 5.44056
86.11 38.1005 -33.8968 -14.3169 -1.10822 -30.8557 -35.3788 -1.21566 8.97256 10.177 6.09173
86.21 38.0975 -33.904 -14.3387 -1.10997 -30.8547 -35.3791 -1.21566 8.97255 9.15047 6.83166
86.31 38.0958 -33.9125 -14.3606 -1.11068 -30.8559 -35.3823 -1.21565 8.97255 8.09276 7.65493
86.41 38.0953 -33.922 -14.3824 -1.11038 -30.8593 -35.3881 -1.21565 8.97255 7.03689 8.5427
86.51 38.0959 -33.9323 -14.404 -1.10913 -30.8646 -35.3966 -1.21564 8.97255 6.0295 9.46636
86.61 38.0976 -33.9435 -14.4249 -1.107 -30.8717 -35.4073 -1.21564 8.97254 5.13425 10.3933
86.71 38.1001 -33.9551 -14.4448 -1.1041 -30.8805 -35.42 -1.21564 8.97254 4.40719 11.2912
86.81 38.1034 -33.9671 -14.4631 -1.10056 -30.8905 -35.4343 -1.21564 8.97254 3.8556 12.1304
86.91 38.1073 -33.979 -14.4791 -1.09657 -30.9013 -35.4497 -1.21563 8.97253 3.44709 12.8851
87.01 38.1115 -33.9905 -14.4919 -1.09232 -30.9126 -35.4655 -1.21563 8.97253 3.14905 13.5329
87.11 38.1157 -34.0012 -14.5009 -1.08808 -30.9238 -35.4811 -1.21563 8.97253 2.94434 14.0557
87.21 38.1196 -34.0107 -14.5051 -1.08409 -30.9343 -35.4957 -1.21563 8.97253 2.82812 14.4389
87.31 38.123 -34.0185 -14.5042 -1.08065 -30.9435 -35.5086 -1.21563 8.97253 2.80119 14.6722
87.41 38.1254 -34.0245 -14.4977 -1.078 -30.9508 -35.5189 -1.21563 8.97252 2.86485 14.7491
87.51 38.1267 -34.0281 -14.4856 -1.07641 -30.9558 -35.5261 -1.21563 8.97252 3.0176 14.6667
87.61 38.1266 -34.0292 -14.4679 -1.07606 -30.9579 -35.5295 -1.21562 8.97252 3.2537 14.4264
87.71 38.1248 -34.0277 -14.4452 -1.07714 -30.9569 -35.5288 -1.21562 8.97252 3.56401 14.0329
87.81 38.1213 -34.0235 -14.4181 -1.07976 -30.9525 -35.5236 -1.21562 8.97252 3.93928 13.4949
87.91 38.1159 -34.0166 -14.3873 -1.08399 -30.9446 -35.5137 -1.21562 8.97252 4.37449 12.824
88.01 38.1086 -34.0072 -14.3535 -1.08986 -30.9331 -35.4992 -1.21562 8.97251 4.8719 12.0353
88.11 38.0995 -33.9953 -14.3176 -1.09737 -30.9181 -35.4801 -1.21562 8.97251 5.44056 11.1462
88.21 38.0884 -33.9811 -14.2802 -1.10649 -30.8996 -35.4564 -1.21562 8.97251 6.09173 10.177
88.31 38.0756 -33.965 -14.2421 -1.11716 -30.8778 -35.4285 -1.21562 8.97251 6.83166 9.15048
88.41 38.0611 -33.9471 -14.204 -1.12928 -30.8529 -35.3966 -1.21562 8.97251 7.65493 8.09276
88.51 38.0451 -33.9279 -14.1668 -1.14269 -30.8252 -35.3612 -1.21561 8.97251 8.5427 7.03688
88.61 38.0278 -33.9076 -14.1314 -1.15723 -30.7953 -35.3228 -1.21561 8.9725 9.46636 6.02949
88.71 38.0094 -33.8869 -14.0989 -1.17264 -30.7636 -35.2822 -1.21561 8.9725 10.3933 5.13424
88.81 37.9903 -33.8661 -14.0702 -1.18866 -30.7307 -35.2402 -1.2156 8.9725 11.2912 4.40718
88.91 37.9708 -33.8457 -14.0462 -1.20498 -30.6972 -35.1975 -1.2156 8.9725 12.1304 3.85559
89.01 37.9512 -33.8264 -14.0276 -1.22132 -30.6639 -35.1551 -1.21559 8.97249 12.8851 3.44708
89.11 37.932 -33.8084 -14.0148 -1.23737 -30.6313 -35.1138 -1.21559 8.97249 13.5329 3.14903
89.21 37.9133 -33.7922 -14.0078 -1.25287 -30.6001 -35.0743 -1.21558 8.97249 14.0556 2.94432
89.31 37.8955 -33.7781 -14.0063 -1.2676 -30.5707 -35.0373 -1.21557 8.97248 14.4389 2.8281
89.41 37.8788 -33.7662 -14.0101 -1.28138 -30.5434 -35.0032 -1.21557 8.97248 14.6722 2.80116
89.51 37.8633 -33.7566 -14.0183 -1.29407 -30.5186 -34.9724 -1.21556 8.97247 14.749 2.86482
89.61 37.8491 -33.7494 -14.0303 -1.30558 -30.4965 -34.9451 -1.21555 8.97247 14.6666 3.01757
89.71 37.8364 -33.7444 -14.0454 -1.31588 -30.4771 -34.9214 -1.21555 8.97247 14.4263 3.25366
89.81 37.825 -33.7417 -14.0628 -1.32492 -30.4604 -34.9013 -1.21554 8.97246 14.0329 3.56398
89.91 37.8151 -33.7409 -14.0819 -1.33273 -30.4465 -34.8849 -1.21553 8.97246 13.4948 3.93924
90.01 37.8065 -33.7421 -14.1021 -1.33931 -30.4352 -34.8719 -1.21552 8.97246 12.824 4.37445
90.11 37.7994 -33.745 -14.1233 -1.34469 -30.4265 -34.8624 -1.21552 8.97245 12.0352 4.87186
90.21 37.7936 -33.7495 -14.1449 -1.34889 -30.4204 -34.8561 -1.21551 8.97245 11.1461 5.44052
90.31 37.7891 -33.7555 -14.1669 -1.35196 -30.4167 -34.853 -1.2155 8.97244 10.177 6.09168
90.41 37.7859 -33.7628 -14.1891 -1.35392 -30.4154 -34.8529 -1.2155 8.97244 9.1504 6.8316
90.51 37.784 -33.7713 -14.2113 -1.35481 -30.4164 -34.8558 -1.21549 8.97244 8.09269 7.65487
90.61 37.7832 -33.7809 -14.2335 -1.35467 -30.4195 -34.8615 -1.21549 8.97243 7.03682 8.54264
90.71 37.7836 -33.7914 -14.2554 -1.35356 -30.4246 -34.8697 -1.21548 8.97243 6.02943 9.4663
90.81 37.7851 -33.8026 -14.2766 -1.35155 -30.4316 -34.8803 -1.21548 8.97242 5.13419 10.3932
90.91 37.7875 -33.8144 -14.2968 -1.34877 -30.4402 -34.8928 -1.21547 8.97242 4.40713 11.2911
91.01 37.7906 -33.8264 -14.3152 -1.34534 -30.45 -34.907 -1.21547 8.97242 3.85556 12.1304
91.11 37.7943 -33.8384 -14.3313 -1.34146 -30.4607 -34.9223 -1.21547 8.97241 3.44705 12.885
91.21 37.7983 -33.85 -14.3441 -1.33733 -30.4719 -34.938 -1.21546 8.97241 3.14901 13.5329
91.31 37.8023 -33.8607 -14.3529 -1.33321 -30.4829 -34.9534 -1.21546 8.97241 2.9443 14.0556
91.41 37.8061 -33.8702 -14.357 -1.32937 -30.4932 -34.9678 -1.21546 8.97241 2.82808 14.4389
91.51 37.8092 -33.8781 -14.3558 -1.32607 -30.5021 -34.9804 -1.21546 8.9724 2.80115 14.6722
91.61 37.8115 -33.884 -14.3489 -1.3236 -30.5092 -34.9904 -1.21546 8.9724 2.86481 14.749
91.71 37.8125 -33.8875 -14.3363 -1.3222 -30.5138 -34.9972 -1.21546 8.9724 3.01757 14.6666
91.81 37.8121 -33.8885 -14.3182 -1.32207 -30.5156 -35.0002 -1.21546 8.9724 3.25366 14.4263
91.91 37.81 -33.8868 -14.295 -1.32338 -30.5142 -34.999 -1.21545 8.97239 3.56397 14.0329
92.01 37.8061 -33.8824 -14.2673 -1.32625 -30.5094 -34.9932 -1.21545 8.97239 3.93924 13.4948
92.11 37.8004 -33.8753 -14.2359 -1.33075 -30.5009 -34.9828 -1.21545 8.97239 4.37445 12.824
92.21 37.7928 -33.8655 -14.2016 -1.33692 -30.4889 -34.9676 -1.21545 8.97239 4.87186 12.0352
92.31 37.7832 -33.8533 -14.1651 -1.34474 -30.4733 -34.9477 -1.21545 8.97238 5.44052 11.1461
92.41 37.7718 -33.8389 -14.1271 -1.3542 -30.4541 -34.9233 -1.21545 8.97238 6.09168 10.177
92.51 37.7585 -33.8224 -14.0883 -1.36522 -30.4316 -34.8945 -1.21544 8.97238 6.8316 9.1504
92.61 37.7436 -33.8042 -14.0496 -1.37771 -30.406 -34.8617 -1.21544 8.97238 7.65487 8.09269
92.71 37.7271 -33.7846 -14.0118 -1.39151 -30.3777 -34.8254 -1.21544 8.97237 8.54263 7.03681
92.81 37.7092 -33.7639 -13.9759 -1.40645 -30.3469 -34.7861 -1.21543 8.97237 9.46629 6.02942
92.91 37.6903 -33.7427 -13.9428 -1.42228 -30.3144 -34.7445 -1.21543 8.97237 10.3932 5.13418
93.01 37.6707 -33.7215 -13.9135 -1.43873 -30.2807 -34.7014 -1.21542 8.97236 11.2911 4.40712
93.11 37.6506 -33.7008 -13.889 -1.4555 -30.2464 -34.6577 -1.21542 8.97236 12.1304 3.85554
93.21 37.6305 -33.681 -13.8699 -1.47228 -30.2122 -34.6142 -1.21541 8.97236 12.885 3.44703
93.31 37.6107 -33.6626 -13.8566 -1.48879 -30.1787 -34.5718 -1.2154 8.97235 13.5328 3.14899
93.41 37.5915 -33.646 -13.8492 -1.50475 -30.1466 -34.5312 -1.2154 8.97235 14.0556 2.94428
93.51 37.5732 -33.6315 -13.8475 -1.51993 -30.1163 -34.4931 -1.21539 8.97234 14.4388 2.82805
93.61 37.5559 -33.6193 -13.851 -1.53414 -30.0882 -34.458 -1.21538 8.97234 14.6721 2.80111
93.71 37.5398 -33.6094 -13.8591 -1.54726 -30.0626 -34.4262 -1.21537 8.97233 14.7489 2.86478
93.81 37.5252 -33.6019 -13.8711 -1.55919 -30.0397 -34.3979 -1.21536 8.97233 14.6666 3.01752
93.91 37.5119 -33.5967 -13.8862 -1.56987 -30.0196 -34.3734 -1.21535 8.97232 14.4262 3.25362
94.01 37.5001 -33.5937 -13.9038 -1.57929 -30.0022 -34.3525 -1.21534 8.97232 14.0328 3.56393
94.11 37.4897 -33.5928 -13.9231 -1.58744 -29.9876 -34.3353 -1.21533 8.97231 13.4947 3.93919
94.21 37.4807 -33.5938 -13.9436 -1.59433 -29.9758 -34.3216 -1.21532 8.97231 12.8239 4.3744
94.31 37.4732 -33.5967 -13.9651 -1.6 -29.9667 -34.3115 -1.21531 8.9723 12.0351 4.87181
94.41 37.4671 -33.6012 -13.987 -1.60447 -29.9601 -34.3047 -1.2153 8.9723 11.146 5.44046
94.51 37.4623 -33.6071 -14.0094 -1.60778 -29.956 -34.3011 -1.21529 8.97229 10.1769 6.09162
94.61 37.4588 -33.6145 -14.032 -1.60995 -29.9543 -34.3007 -1.21529 8.97229 9.15031 6.83154
94.71 37.4566 -33.623 -14.0546 -1.61103 -29.955 -34.3033 -1.21528 8.97228 8.09259 7.6548
94.81 37.4556 -33.6327 -14.0772 -1.61106 -29.9579 -34.3087 -1.21527 8.97228 7.03672 8.54256
94.91 37.4558 -33.6433 -14.0994 -1.6101 -29.9628 -34.3167 -1.21526 8.97227 6.02934 9.46621
95.01 37.4571 -33.6547 -14.1209 -1.60824 -29.9696 -34.3271 -1.21526 8.97227 5.13411 10.3931
95.11 37.4593 -33.6666 -14.1413 -1.60558 -29.978 -34.3395 -1.21525 8.97226 4.40707 11.291
95.21 37.4622 -33.6787 -14.1599 -1.60228 -29.9877 -34.3536 -1.21525 8.97226 3.8555 12.1303
95.31 37.4657 -33.6908 -14.176 -1.59851 -29.9983 -34.3687 -1.21524 8.97225 3.447 12.8849
95.41 37.4696 -33.7024 -14.1888 -1.59452 -30.0093 -34.3842 -1.21524 8.97225 3.14896 13.5328
95.51 37.4734 -33.7132 -14.1975 -1.59053 -30.0201 -34.3994 -1.21524 8.97225 2.94425 14.0555
95.61 37.4769 -33.7227 -14.2014 -1.58684 -30.0301 -34.4136 -1.21523 8.97224 2.82803 14.4388
95.71 37.4798 -33.7306 -14.1998 -1.58371 -30.0388 -34.4259 -1.21523 8.97224 2.8011 14.6721
95.81 37.4818 -33.7364 -14.1926 -1.58142 -30.0456 -34.4355 -1.21523 8.97223 2.86476 14.7489
95.91 37.4826 -33.7398 -14.1796 -1.58022 -30.0499 -34.4419 -1.21523 8.97223 3.01751 14.6665
96.01 37.4818 -33.7407 -14.161 -1.58032 -30.0513 -34.4445 -1.21523 8.97223 3.25361 14.4262
96.11 37.4795 -33.7388 -14.1372 -1.58188 -30.0494 -34.4427 -1.21523 8.97223 3.56392 14.0328
96.21 37.4753 -33.7341 -14.109 -1.58501 -30.0441 -34.4364 -1.21522 8.97222 3.93919 13.4947
96.31 37.4692 -33.7268 -14.077 -1.5898 -30.0352 -34.4253 -1.21522 8.97222 4.3744 12.8239
96.41 37.4611 -33.7168 -14.0421 -1.59628 -30.0225 -34.4094 -1.21522 8.97222 4.87181 12.0351
96.51 37.4512 -33.7043 -14.005 -1.60443 -30.0063 -34.3888 -1.21522 8.97221 5.44046 11.146
96.61 37.4393 -33.6895 -13.9664 -1.61424 -29.9865 -34.3636 -1.21522 8.97221 6.09162 10.1769
96.71 37.4256 -33.6726 -13.927 -1.62563 -29.9633 -34.3339 -1.21521 8.97221 6.83153 9.1503
96.81 37.4101 -33.654 -13.8877 -1.6385 -29.937 -34.3002 -1.21521 8.9722 7.65479 8.09259
96.91 37.3931 -33.634 -13.8493 -1.65271 -29.9078 -34.263 -1.2152 8.9722 8.54255 7.03671
97.01 37.3748 -33.613 -13.8127 -1.66807 -29.8763 -34.2226 -1.2152 8.97219 9.4662 6.02933
97.11 37.3553 -33.5914 -13.779 -1.68433 -29.8429 -34.18 -1.21519 8.97219 10.3931 5.13409
97.21 37.3351 -33.5697 -13.7492 -1.70123 -29.8083 -34.1358 -1.21518 8.97219 11.291 4.40705
97.31 37.3145 -33.5485 -13.7241 -1.71846 -29.7731 -34.091 -1.21518 8.97218 12.1303 3.85548
97.41 37.2939 -33.5283 -13.7045 -1.73571 -29.738 -34.0464 -1.21517 8.97218 12.8849 3.44697
97.51 37.2735 -33.5095 -13.6908 -1.75269 -29.7037 -34.0029 -1.21516 8.97217 13.5327 3.14893
97.61 37.2537 -33.4925 -13.683 -1.76912 -29.6706 -33.9612 -1.21515 8.97216 14.0554 2.94422
97.71 37.2347 -33.4776 -13.6809 -1.78476 -29.6395 -33.922 -1.21513 8.97216 14.4387 2.82799
97.81 37.2169 -33.465 -13.6842 -1.79944 -29.6105 -33.8858 -1.21512 8.97215 14.672 2.80105
97.91 37.2003 -33.4548 -13.6922 -1.813 -29.584 -33.8529 -1.21511 8.97214 14.7488 2.86471
98.01 37.1851 -33.447 -13.7042 -1.82536 -29.5603 -33.8237 -1.2151 8.97214 14.6664 3.01746
98.11 37.1713 -33.4415 -13.7193 -1.83645 -29.5394 -33.7982 -1.21508 8.97213 14.4261 3.25355
98.21 37.159 -33.4383 -13.737 -1.84624 -29.5214 -33.7765 -1.21507 8.97212 14.0327 3.56386
98.31 37.1481 -33.4373 -13.7565 -1.85475 -29.5062 -33.7585 -1.21506 8.97212 13.4946 3.93913
98.41 37.1388 -33.4382 -13.7773 -1.86198 -29.4937 -33.7441 -1.21505 8.97211 12.8238 4.37433
98.51 37.1309 -33.441 -13.7991 -1.86795 -29.484 -33.7333 -1.21503 8.9721 12.035 4.87174
98.61 37.1243 -33.4454 -13.8214 -1.8727 -29.477 -33.726 -1.21502 8.97209 11.1459 5.44038
98.71 37.1192 -33.4514 -13.8442 -1.87626 -29.4725 -33.722 -1.21501 8.97209 10.1767 6.09154
98.81 37.1154 -33.4588 -13.8671 -1.87866 -29.4705 -33.7212 -1.215 8.97208 9.15017 6.83144
98.91 37.113 -33.4674 -13.8902 -1.87994 -29.4708 -33.7234 -1.21499 8.97207 8.09246 7.65469
99.01 37.1117 -33.4771 -13.9131 -1.88015 -29.4734 -33.7285 -1.21498 8.97207 7.03659 8.54244
99.11 37.1117 -33.4879 -13.9356 -1.87935 -29.4781 -33.7363 -1.21497 8.97206 6.02922 9.4661
99.21 37.1127 -33.4993 -13.9575 -1.87764 -29.4847 -33.7465 -1.21496 8.97205 5.134 10.393
99.31 37.1147 -33.5113 -13.9781 -1.87512 -29.4929 -33.7587 -1.21495 8.97205 4.40697 11.2909
99.41 37.1175 -33.5236 -13.9968 -1.87195 -29.5025 -33.7726 -1.21495 8.97204 3.85542 12.1302
99.51 37.1208 -33.5358 -14.013 -1.86832 -29.5129 -33.7875 -1.21494 8.97203 3.44693 12.8848
99.61 37.1244 -33.5475 -14.0257 -1.86446 -29.5237 -33.8029 -1.21493 8.97203 3.14889 13.5326
99.71 37.128 -33.5583 -14.0343 -1.86063 -29.5343 -33.8179 -1.21493 8.97202 2.94418 14.0554
99.81 37.1314 -33.5678 -14.0379 -1.8571 -29.5441 -33.8318 -1.21493 8.97202 2.82796 14.4386
99.91 37.134 -33.5756 -14.0361 -1.85415 -29.5525 -33.8438 -1.21492 8.97201 2.80103 14.6719
