40 4 4

0.94621117693416079141854879708262 1.7964612601015423898331846430665 0.94621117693416079141854879708262 1.7964612601015423898331846430665 0.94621117693416079141854879708262 1.7964612601015423898331846430665 0.94621117693416079141854879708262 1.7964612601015423898331846430665 0.94621117693416079141854879708262 1.7964612601015423898331846430665 0.94621117693416079141854879708262 1.7964612601015423898331846430665 0.94621117693416079141854879708262 1.7964612601015423898331846430665 0.94621117693416079141854879708262 1.7964612601015423898331846430665 0.94621117693416079141854879708262 1.7964612601015423898331846430665 0.94621117693416079141854879708262 1.7964612601015423898331846430665 0.94621117693416079141854879708262 1.7964612601015423898331846430665 0.94621117693416079141854879708262 1.7964612601015423898331846430665 0.94621117693416079141854879708262 1.7964612601015423898331846430665 0.94621117693416079141854879708262 1.7964612601015423898331846430665 0.94621117693416079141854879708262 1.7964612601015423898331846430665 0.94621117693416079141854879708262 1.7964612601015423898331846430665 0.94621117693416079141854879708262 1.7964612601015423898331846430665 0.94621117693416079141854879708262 1.7964612601015423898331846430665 1.304067194818863573146927592461 1.4485797655749523826784752600361 1.304067194818863573146927592461 1.4485797655749523826784752600361 

10.988393002332003334231558255851 -14.106645757876895785898341273423 10.988393002332003334231558255851 -14.106645757876895785898341273423 10.988393002332003334231558255851 -14.106645757876895785898341273423 10.988393002332003334231558255851 -14.106645757876895785898341273423 10.988393002332003334231558255851 -14.106645757876895785898341273423 10.988393002332003334231558255851 -14.106645757876895785898341273423 10.988393002332003334231558255851 -14.106645757876895785898341273423 10.988393002332003334231558255851 -14.106645757876895785898341273423 10.988393002332003334231558255851 -14.106645757876895785898341273423 10.988393002332003334231558255851 -14.106645757876895785898341273423 10.988393002332003334231558255851 -14.106645757876895785898341273423 10.988393002332003334231558255851 -14.106645757876895785898341273423 10.988393002332003334231558255851 -14.106645757876895785898341273423 10.988393002332003334231558255851 -14.106645757876895785898341273423 10.988393002332003334231558255851 -14.106645757876895785898341273423 10.988393002332003334231558255851 -14.106645757876895785898341273423 10.988393002332003334231558255851 -14.106645757876895785898341273423 10.988393002332003334231558255851 -14.106645757876895785898341273423 0.98942395886953926620321908558253 -1.8210008204167955625507602235302 0.98942395886953926620321908558253 -1.8210008204167955625507602235302 

1 1 1 1 1 1 1 1 1 1 1 1 1 1 1 1 1 1 1 1 1 1 1 1 1 1 1 1 1 1 1 1 1 1 1 1 1 1 1 1 

0.013888888888888888117900677343641 0.041666666666666664353702032030924 0.069444444444444447528397290625435 0.097222222222222223764198645312717 0.125 0.15277777777777779011358916250174 0.18055555555555555247160270937457 0.2083333333333333425851918718763 0.23611111111111110494320541874913 0.26388888888888889505679458125087 0.29166666666666668517038374375261 0.31944444444444441977282167499652 0.34722222222222220988641083749826 0.375 0.40277777777777779011358916250174 0.43055555555555558022717832500348 0.45833333333333331482961625624739 0.48611111111111110494320541874913 0.51388888888888883954564334999304 0.54166666666666662965923251249478 0.56944444444444441977282167499652 0.59722222222222220988641083749826 0.625 0.65277777777777779011358916250174 0.68055555555555558022717832500348 0.70833333333333337034076748750522 0.73611111111111116045435665000696 0.76388888888888883954564334999304 0.79166666666666662965923251249478 0.81944444444444441977282167499652 0.84722222222222220988641083749826 0.875 0.90277777777777779011358916250174 0.93055555555555558022717832500348 0.95833333333333337034076748750522 0.98611111111111116045435665000696 0.125 0.375 0.625 0.875 

1  1 0.57546390912040357168422133327113  
4  2 12.603236226944373399305732164066  1 10.258004002223673367666378908325  3 -7.5  5 -7.5  
1  3 0.57546390912040357168422133327113  
4  4 12.603236226944373399305732164066  3 10.258004002223673367666378908325  1 -15  2 -9.8058221693297440424430533312261  
1  5 0.57546390912040357168422133327113  
3  6 12.603236226944373399305732164066  5 10.258004002223673367666378908325  1 -15  
1  7 0.57546390912040357168422133327113  
4  8 12.603236226944373399305732164066  7 10.258004002223673367666378908325  9 -7.5  11 -7.5  
1  9 0.57546390912040357168422133327113  
4  10 12.603236226944373399305732164066  9 10.258004002223673367666378908325  7 -15  8 -9.8058221693297440424430533312261  
1  11 0.57546390912040357168422133327113  
3  12 12.603236226944373399305732164066  11 10.258004002223673367666378908325  7 -15  
1  13 0.57546390912040357168422133327113  
4  14 12.603236226944373399305732164066  13 10.258004002223673367666378908325  15 -7.5  17 -7.5  
1  15 0.57546390912040357168422133327113  
4  16 12.603236226944373399305732164066  15 10.258004002223673367666378908325  13 -15  14 -9.8058221693297440424430533312261  
1  17 0.57546390912040357168422133327113  
3  18 12.603236226944373399305732164066  17 10.258004002223673367666378908325  13 -15  
1  19 0.57546390912040357168422133327113  
4  20 12.603236226944373399305732164066  19 10.258004002223673367666378908325  21 -7.5  23 -7.5  
1  21 0.57546390912040357168422133327113  
4  22 12.603236226944373399305732164066  21 10.258004002223673367666378908325  19 -15  20 -9.8058221693297440424430533312261  
1  23 0.57546390912040357168422133327113  
3  24 12.603236226944373399305732164066  23 10.258004002223673367666378908325  19 -15  
1  25 0.57546390912040357168422133327113  
4  26 12.603236226944373399305732164066  25 10.258004002223673367666378908325  27 -7.5  29 -7.5  
1  27 0.57546390912040357168422133327113  
4  28 12.603236226944373399305732164066  27 10.258004002223673367666378908325  25 -15  26 -9.8058221693297440424430533312261  
1  29 0.57546390912040357168422133327113  
3  30 12.603236226944373399305732164066  29 10.258004002223673367666378908325  25 -15  
1  31 0.57546390912040357168422133327113  
4  32 12.603236226944373399305732164066  31 10.258004002223673367666378908325  33 -7.5  35 -7.5  
1  33 0.57546390912040357168422133327113  
4  34 12.603236226944373399305732164066  33 10.258004002223673367666378908325  31 -15  32 -9.8058221693297440424430533312261  
1  35 0.57546390912040357168422133327113  
3  36 12.603236226944373399305732164066  35 10.258004002223673367666378908325  31 -15  
2  37 -9.1363202586023248841229360550642  39 -0.48751496412201394958785272137902  
3  38 8.5682438132281113496446778299287  39 11.416072816054198213464587752242  40 -11.40756589996598435732266807463  
2  39 -9.1363202586023248841229360550642  37 -0.48751496412201394958785272137902  
3  40 8.5682438132281113496446778299287  37 11.416072816054198213464587752242  38 -11.40756589996598435732266807463  

1  7 0.89167440493312033478190414825804  
3  4 0.4189862201568379518334950262215  6 0.4189862201568379518334950262215  8 0.05354522687031870731289018294774  
1  5 0.89167440493312033478190414825804  
2  2 0.4189862201568379518334950262215  6 0.05354522687031870731289018294774  
3  3 0.89167440493312033478190414825804  9 0.89167440493312033478190414825804  7 0.68696764105871332972697018703911  
3  2 0.4189862201568379518334950262215  4 0.05354522687031870731289018294774  10 0.05354522687031870731289018294774  
3  1 0.89167440493312033478190414825804  5 0.68696764105871332972697018703911  13 0.89167440493312033478190414825804  
4  2 0.05354522687031870731289018294774  10 0.4189862201568379518334950262215  12 0.4189862201568379518334950262215  14 0.05354522687031870731289018294774  
2  5 0.89167440493312033478190414825804  11 0.89167440493312033478190414825804  
3  6 0.05354522687031870731289018294774  8 0.4189862201568379518334950262215  12 0.05354522687031870731289018294774  
3  9 0.89167440493312033478190414825804  15 0.89167440493312033478190414825804  13 0.68696764105871332972697018703911  
3  8 0.4189862201568379518334950262215  10 0.05354522687031870731289018294774  16 0.05354522687031870731289018294774  
3  7 0.89167440493312033478190414825804  11 0.68696764105871332972697018703911  19 0.89167440493312033478190414825804  
4  8 0.05354522687031870731289018294774  16 0.4189862201568379518334950262215  18 0.4189862201568379518334950262215  20 0.05354522687031870731289018294774  
2  11 0.89167440493312033478190414825804  17 0.89167440493312033478190414825804  
3  12 0.05354522687031870731289018294774  14 0.4189862201568379518334950262215  18 0.05354522687031870731289018294774  
3  15 0.89167440493312033478190414825804  21 0.89167440493312033478190414825804  19 0.68696764105871332972697018703911  
3  14 0.4189862201568379518334950262215  16 0.05354522687031870731289018294774  22 0.05354522687031870731289018294774  
3  13 0.89167440493312033478190414825804  17 0.68696764105871332972697018703911  25 0.89167440493312033478190414825804  
4  14 0.05354522687031870731289018294774  22 0.4189862201568379518334950262215  24 0.4189862201568379518334950262215  26 0.05354522687031870731289018294774  
2  17 0.89167440493312033478190414825804  23 0.89167440493312033478190414825804  
3  18 0.05354522687031870731289018294774  20 0.4189862201568379518334950262215  24 0.05354522687031870731289018294774  
3  21 0.89167440493312033478190414825804  27 0.89167440493312033478190414825804  25 0.68696764105871332972697018703911  
3  20 0.4189862201568379518334950262215  22 0.05354522687031870731289018294774  28 0.05354522687031870731289018294774  
3  19 0.89167440493312033478190414825804  23 0.68696764105871332972697018703911  31 0.89167440493312033478190414825804  
4  20 0.05354522687031870731289018294774  28 0.4189862201568379518334950262215  30 0.4189862201568379518334950262215  32 0.05354522687031870731289018294774  
2  23 0.89167440493312033478190414825804  29 0.89167440493312033478190414825804  
3  24 0.05354522687031870731289018294774  26 0.4189862201568379518334950262215  30 0.05354522687031870731289018294774  
3  27 0.89167440493312033478190414825804  33 0.89167440493312033478190414825804  31 0.68696764105871332972697018703911  
3  26 0.4189862201568379518334950262215  28 0.05354522687031870731289018294774  34 0.05354522687031870731289018294774  
2  25 0.89167440493312033478190414825804  29 0.68696764105871332972697018703911  
3  26 0.05354522687031870731289018294774  34 0.4189862201568379518334950262215  36 0.4189862201568379518334950262215  
2  29 0.89167440493312033478190414825804  35 0.89167440493312033478190414825804  
3  30 0.05354522687031870731289018294774  32 0.4189862201568379518334950262215  36 0.05354522687031870731289018294774  
1  33 0.89167440493312033478190414825804  
2  32 0.4189862201568379518334950262215  34 0.05354522687031870731289018294774  
1  38 0.10787901288180312686648676390178  
2  37 0.10787901288180312686648676390178  40 0.28444691031562108207708661211655  
1  40 0.10787901288180312686648676390178  
2  39 0.10787901288180312686648676390178  38 0.28444691031562108207708661211655  
