10.02 0
10.06 3.95796e-05
10.1 3.90542e-05
10.14 3.85537e-05
10.18 3.81467e-05
10.22 3.78377e-05
10.26 3.76332e-05
10.3 3.75403e-05
10.34 3.74973e-05
10.38 3.74901e-05
10.42 3.76355e-05
10.46 3.79335e-05
10.5 3.83808e-05
10.54 3.89679e-05
10.58 3.96769e-05
10.62 4.04828e-05
10.66 4.12145e-05
10.7 4.19872e-05
10.74 4.27884e-05
10.78 4.35821e-05
10.82 4.43396e-05
10.86 4.50406e-05
10.9 4.56745e-05
10.94 4.62367e-05
10.98 4.67289e-05
11.02 4.71546e-05
11.06 4.75188e-05
11.1 4.78243e-05
11.14 4.80718e-05
11.18 4.82589e-05
11.22 4.83806e-05
11.26 4.84315e-05
11.3 4.82822e-05
11.34 4.79884e-05
11.38 4.76244e-05
11.42 4.71917e-05
11.46 4.66979e-05
11.5 4.60412e-05
11.54 4.52444e-05
11.58 4.44216e-05
11.62 4.3495e-05
11.66 4.24204e-05
11.7 4.1287e-05
11.74 3.99488e-05
11.78 3.85672e-05
11.82 3.70968e-05
11.86 3.54488e-05
11.9 3.37293e-05
11.94 3.20046e-05
11.98 3.03168e-05
12.02 2.87258e-05
12.06 2.73023e-05
12.1 2.61015e-05
12.14 2.51867e-05
12.18 2.47147e-05
12.22 2.47815e-05
12.26 2.54872e-05
12.3 2.6867e-05
12.34 2.90489e-05
12.38 3.20724e-05
12.42 3.59081e-05
12.46 4.04623e-05
12.5 4.55738e-05
12.54 5.10273e-05
12.58 5.648e-05
12.62 6.18001e-05
12.66 6.67519e-05
12.7 7.11229e-05
12.74 7.47434e-05
12.78 7.76038e-05
12.82 7.96273e-05
12.86 8.0907e-05
12.9 8.22473e-05
12.94 8.33673e-05
12.98 8.45098e-05
13.02 8.59652e-05
13.06 8.78017e-05
13.1 8.98592e-05
13.14 9.19963e-05
13.18 9.40425e-05
13.22 9.57918e-05
13.26 9.70991e-05
13.3 9.78864e-05
13.34 9.81412e-05
13.38 9.79106e-05
13.42 9.71752e-05
13.46 9.61824e-05
13.5 9.50391e-05
13.54 9.37589e-05
13.58 9.23203e-05
13.62 9.07957e-05
13.66 8.91597e-05
13.7 8.74224e-05
13.74 8.56207e-05
13.78 8.38003e-05
13.82 8.20061e-05
13.86 8.02757e-05
13.9 7.97438e-05
13.94 7.92737e-05
13.98 7.92255e-05
14.02 7.94214e-05
14.06 7.96472e-05
14.1 7.97803e-05
14.14 7.97236e-05
14.18 7.94278e-05
14.22 7.88614e-05
14.26 7.81105e-05
14.3 7.72453e-05
14.34 7.62338e-05
14.38 7.51229e-05
14.42 7.38909e-05
14.46 7.25792e-05
14.5 7.11846e-05
14.54 6.97052e-05
14.58 6.8143e-05
14.62 6.65052e-05
14.66 6.48047e-05
14.7 6.30583e-05
14.74 6.12869e-05
14.78 5.95142e-05
14.82 5.77445e-05
14.86 5.59858e-05
14.9 5.4309e-05
14.94 5.27456e-05
14.98 5.13186e-05
15.02 5.00519e-05
15.06 4.92902e-05
15.1 4.87376e-05
15.14 4.84283e-05
15.18 4.84853e-05
15.22 4.8747e-05
15.26 4.91265e-05
15.3 4.96233e-05
15.34 5.0272e-05
15.38 5.10419e-05
15.42 5.19065e-05
15.46 5.28949e-05
15.5 5.39238e-05
15.54 5.48309e-05
15.58 5.57935e-05
15.62 5.67725e-05
15.66 5.77264e-05
15.7 5.86159e-05
15.74 5.94049e-05
15.78 6.00625e-05
15.82 6.05639e-05
15.86 6.08909e-05
15.9 6.10322e-05
15.94 6.09826e-05
15.98 6.07384e-05
16.02 6.0307e-05
16.06 5.97004e-05
16.1 5.89311e-05
16.14 5.80158e-05
16.18 5.68418e-05
16.22 5.54933e-05
16.26 5.40779e-05
16.3 5.26093e-05
16.34 5.10199e-05
16.38 4.94563e-05
16.42 4.79455e-05
16.46 4.63561e-05
16.5 4.48268e-05
16.54 4.3336e-05
16.58 4.19469e-05
16.62 4.06706e-05
16.66 3.94818e-05
16.7 3.83734e-05
16.74 3.73469e-05
16.78 3.6414e-05
16.82 3.55981e-05
16.86 3.49458e-05
16.9 3.45072e-05
16.94 3.43458e-05
16.98 3.45271e-05
17.02 3.51738e-05
17.06 3.63789e-05
17.1 3.82317e-05
17.14 4.08005e-05
17.18 4.41145e-05
17.22 4.81466e-05
17.26 5.28012e-05
17.3 5.7914e-05
17.34 6.32658e-05
17.38 6.86103e-05
17.42 7.37087e-05
17.46 7.83592e-05
17.5 8.24167e-05
17.54 8.57989e-05
17.58 8.84769e-05
17.62 9.04279e-05
17.66 9.16834e-05
17.7 9.22842e-05
17.74 9.22929e-05
17.78 9.18003e-05
17.82 9.09256e-05
17.86 8.98075e-05
17.9 8.86083e-05
17.94 8.75101e-05
17.98 8.66666e-05
18.02 8.62006e-05
18.06 8.61809e-05
18.1 8.66077e-05
18.14 8.74997e-05
18.18 8.87511e-05
18.22 9.01249e-05
18.26 9.15126e-05
18.3 9.28274e-05
18.34 9.39385e-05
18.38 9.47495e-05
18.42 9.5222e-05
18.46 9.53595e-05
18.5 9.52141e-05
18.54 9.48841e-05
18.58 9.45025e-05
18.62 9.42549e-05
18.66 9.42675e-05
18.7 9.46167e-05
18.74 9.53168e-05
18.78 9.62965e-05
18.82 9.7423e-05
18.86 9.85366e-05
18.9 9.94852e-05
18.94 0.000100146
18.98 0.000100435
19.02 0.000100306
19.06 9.97456e-05
19.1 9.87699e-05
19.14 9.74214e-05
19.18 9.57673e-05
19.22 9.38957e-05
19.26 9.19063e-05
19.3 8.98996e-05
19.34 8.79604e-05
19.38 8.61469e-05
19.42 8.45781e-05
19.46 8.3218e-05
19.5 8.20008e-05
19.54 8.08981e-05
19.58 7.9813e-05
19.62 7.86724e-05
19.66 7.74155e-05
19.7 7.60074e-05
19.74 7.44479e-05
19.78 7.27657e-05
19.82 7.10049e-05
19.86 6.92148e-05
19.9 6.74431e-05
19.94 6.57285e-05
19.98 6.40928e-05
20.02 6.26418e-05
20.06 6.14094e-05
20.1 6.04253e-05
20.14 5.96713e-05
20.18 5.91292e-05
20.22 5.88356e-05
20.26 5.87563e-05
20.3 5.88528e-05
20.34 5.90869e-05
20.38 5.92971e-05
20.42 5.95911e-05
20.46 5.99524e-05
20.5 6.03611e-05
20.54 6.08032e-05
20.58 6.12692e-05
20.62 6.16633e-05
20.66 6.20267e-05
20.7 6.24327e-05
20.74 6.28662e-05
20.78 6.3312e-05
20.82 6.37532e-05
20.86 6.41728e-05
20.9 6.4555e-05
20.94 6.48871e-05
20.98 6.51636e-05
21.02 6.53851e-05
21.06 6.55586e-05
21.1 6.56912e-05
21.14 6.57855e-05
21.18 6.58309e-05
21.22 6.58019e-05
21.26 6.54774e-05
21.3 6.49915e-05
21.34 6.43399e-05
21.38 6.33941e-05
21.42 6.20263e-05
21.46 6.05335e-05
21.5 5.885e-05
21.54 5.69186e-05
21.58 5.48409e-05
21.62 5.27471e-05
21.66 5.07214e-05
21.7 4.8748e-05
21.74 4.67943e-05
21.78 4.49079e-05
21.82 4.31561e-05
21.86 4.15705e-05
21.9 4.02003e-05
21.94 3.91114e-05
21.98 3.83876e-05
22.02 3.81277e-05
22.06 3.8444e-05
22.1 3.94183e-05
22.14 4.117e-05
22.18 4.38008e-05
22.22 4.73279e-05
22.26 5.16827e-05
22.3 5.67046e-05
22.34 6.22043e-05
22.38 6.78883e-05
22.42 7.34416e-05
22.46 7.85679e-05
22.5 8.30261e-05
22.54 8.66415e-05
22.58 8.9372e-05
22.62 9.1191e-05
22.66 9.21707e-05
22.7 9.23355e-05
22.74 9.18576e-05
22.78 9.0862e-05
22.82 8.94246e-05
22.86 8.76113e-05
22.9 8.54845e-05
22.94 8.31108e-05
22.98 8.05639e-05
23.02 7.79275e-05
23.06 7.5224e-05
23.1 7.26301e-05
23.14 7.13786e-05
23.18 7.20918e-05
23.22 7.35289e-05
23.26 7.54001e-05
23.3 7.74716e-05
23.34 7.96261e-05
23.38 8.14674e-05
23.42 8.29701e-05
23.46 8.41138e-05
23.5 8.48914e-05
23.54 8.5302e-05
23.58 8.53483e-05
23.62 8.49776e-05
23.66 8.42699e-05
23.7 8.32641e-05
23.74 8.19934e-05
23.78 8.05005e-05
23.82 7.88333e-05
23.86 7.70415e-05
23.9 7.51748e-05
23.94 7.32581e-05
23.98 7.13334e-05
24.02 6.94715e-05
24.06 6.76902e-05
24.1 6.59777e-05
24.14 6.43235e-05
24.18 6.27491e-05
24.22 6.12542e-05
24.26 5.98554e-05
24.3 5.97725e-05
24.34 6.01433e-05
24.38 6.06842e-05
24.42 6.18554e-05
24.46 6.28116e-05
24.5 6.34991e-05
24.54 6.38149e-05
24.58 6.37102e-05
24.62 6.3219e-05
24.66 6.23862e-05
24.7 6.12794e-05
24.74 5.99752e-05
24.78 5.85489e-05
24.82 5.70675e-05
24.86 5.56811e-05
24.9 5.47612e-05
24.94 5.38496e-05
24.98 5.30335e-05
25.02 5.23036e-05
25.06 5.16339e-05
25.1 5.09923e-05
25.14 5.03567e-05
25.18 4.96816e-05
25.22 4.89904e-05
25.26 4.83076e-05
25.3 4.76444e-05
25.34 4.70184e-05
25.38 4.63809e-05
25.42 4.58243e-05
25.46 4.53649e-05
25.5 4.50171e-05
25.54 4.47928e-05
25.58 4.46356e-05
25.62 4.45764e-05
25.66 4.46697e-05
25.7 4.49078e-05
25.74 4.52867e-05
25.78 4.64737e-05
25.82 4.76989e-05
25.86 4.88986e-05
25.9 5.02808e-05
25.94 5.1803e-05
25.98 5.32522e-05
26.02 5.45891e-05
26.06 5.5769e-05
26.1 5.67545e-05
26.14 5.7524e-05
26.18 5.80665e-05
26.22 5.83842e-05
26.26 5.84852e-05
26.3 5.83822e-05
26.34 5.80908e-05
26.38 5.76792e-05
26.42 5.72777e-05
26.46 5.67225e-05
26.5 5.58972e-05
26.54 5.50189e-05
26.58 5.40959e-05
26.62 5.31405e-05
26.66 5.19966e-05
26.7 5.08574e-05
26.74 4.9704e-05
26.78 4.84782e-05
26.82 4.7284e-05
26.86 4.6062e-05
26.9 4.49433e-05
26.94 4.38721e-05
26.98 4.28355e-05
27.02 4.18338e-05
27.06 4.08772e-05
27.1 3.99871e-05
27.14 3.91988e-05
27.18 3.854e-05
27.22 3.80948e-05
27.26 3.79439e-05
27.3 3.81709e-05
27.34 3.88667e-05
27.38 4.01194e-05
27.42 4.21235e-05
27.46 4.51269e-05
27.5 4.87808e-05
27.54 5.30905e-05
27.58 5.79278e-05
27.62 6.32132e-05
27.66 6.86332e-05
27.7 7.39349e-05
27.74 7.89112e-05
27.78 8.33835e-05
27.82 8.7214e-05
27.86 9.03014e-05
27.9 9.25788e-05
27.94 9.40144e-05
27.98 9.46788e-05
28.02 9.4564e-05
28.06 9.3778e-05
28.1 9.25446e-05
28.14 9.1171e-05
28.18 8.96129e-05
28.22 8.80811e-05
28.26 8.67287e-05
28.3 8.569e-05
28.34 8.50822e-05
28.38 8.49946e-05
28.42 8.54681e-05
28.46 8.64736e-05
28.5 8.78994e-05
28.54 8.95587e-05
28.58 9.12198e-05
28.62 9.265e-05
28.66 9.36576e-05
28.7 9.41261e-05
28.74 9.40265e-05
28.78 9.33907e-05
28.82 9.23208e-05
28.86 9.09649e-05
28.9 8.98521e-05
28.94 8.90887e-05
28.98 8.86419e-05
29.02 8.88495e-05
29.06 8.94887e-05
29.1 9.05491e-05
29.14 9.19427e-05
29.18 9.35389e-05
29.22 9.51796e-05
29.26 9.66988e-05
29.3 9.80926e-05
29.34 9.91638e-05
29.38 9.98e-05
29.42 9.99561e-05
29.46 9.96014e-05
29.5 9.87387e-05
29.54 9.74059e-05
29.58 9.56742e-05
29.62 9.36351e-05
29.66 9.14102e-05
29.7 8.91256e-05
29.74 8.68953e-05
29.78 8.48109e-05
29.82 8.29272e-05
29.86 8.12546e-05
29.9 7.97626e-05
29.94 7.83923e-05
29.98 7.71276e-05
30.02 7.59877e-05
30.06 7.4862e-05
30.1 7.37398e-05
30.14 7.25807e-05
30.18 7.13546e-05
30.22 7.00515e-05
30.26 6.86913e-05
30.3 6.73107e-05
30.34 6.59577e-05
30.38 6.47366e-05
30.42 6.36714e-05
30.46 6.27729e-05
30.5 6.20029e-05
30.54 6.13859e-05
30.58 6.0969e-05
30.62 6.07521e-05
30.66 6.07257e-05
30.7 6.08469e-05
30.74 6.10084e-05
30.78 6.13028e-05
30.82 6.16942e-05
30.86 6.21527e-05
30.9 6.2653e-05
30.94 6.31755e-05
30.98 6.35697e-05
31.02 6.39801e-05
31.06 6.44067e-05
31.1 6.48308e-05
31.14 6.52353e-05
31.18 6.56031e-05
31.22 6.59203e-05
31.26 6.61773e-05
31.3 6.63725e-05
31.34 6.65109e-05
31.38 6.66052e-05
31.42 6.66653e-05
31.46 6.66951e-05
31.5 6.66823e-05
31.54 6.66012e-05
31.58 6.63406e-05
31.62 6.58059e-05
31.66 6.51217e-05
31.7 6.4139e-05
31.74 6.28922e-05
31.78 6.14291e-05
31.82 5.98837e-05
31.86 5.79862e-05
31.9 5.60906e-05
31.94 5.40561e-05
31.98 5.21301e-05
32.02 5.02514e-05
32.06 4.83383e-05
32.1 4.65175e-05
32.14 4.4805e-05
32.18 4.32346e-05
32.22 4.18564e-05
32.26 4.07365e-05
32.3 3.99587e-05
32.34 3.96216e-05
32.38 3.98317e-05
32.42 4.06527e-05
32.46 4.22535e-05
32.5 4.47015e-05
32.54 4.80171e-05
32.58 5.21176e-05
32.62 5.69096e-05
32.66 6.21919e-05
32.7 6.76973e-05
32.74 7.31295e-05
32.78 7.82031e-05
32.82 8.26752e-05
32.86 8.63752e-05
32.9 8.92127e-05
32.94 9.1174e-05
32.98 9.22782e-05
33.02 9.25689e-05
33.06 9.22199e-05
33.1 9.13128e-05
33.14 8.99224e-05
33.18 8.81193e-05
33.22 8.59746e-05
33.26 8.35644e-05
33.3 8.09705e-05
33.34 7.82484e-05
33.38 7.54847e-05
33.42 7.28384e-05
33.46 7.03989e-05
33.5 6.8939e-05
33.54 6.95837e-05
33.58 7.12182e-05
33.62 7.31116e-05
33.66 7.50789e-05
33.7 7.70857e-05
33.74 7.88475e-05
33.78 8.02751e-05
33.82 8.1395e-05
33.86 8.22025e-05
33.9 8.26487e-05
33.94 8.27118e-05
33.98 8.24235e-05
34.02 8.17855e-05
34.06 8.08238e-05
34.1 7.95827e-05
34.14 7.81171e-05
34.18 7.64861e-05
34.22 7.4749e-05
34.26 7.29158e-05
34.3 7.10853e-05
34.34 6.92982e-05
34.38 6.75716e-05
34.42 6.5873e-05
34.46 6.42277e-05
34.5 6.26258e-05
34.54 6.10623e-05
34.58 5.95495e-05
34.62 5.81139e-05
34.66 5.68457e-05
34.7 5.73665e-05
34.74 5.78451e-05
34.78 5.87269e-05
34.82 5.98888e-05
34.86 6.07989e-05
34.9 6.13935e-05
34.94 6.16016e-05
34.98 6.14027e-05
35.02 6.08245e-05
35.06 5.99254e-05
35.1 5.87792e-05
35.14 5.74641e-05
35.18 5.60544e-05
35.22 5.46157e-05
35.26 5.31994e-05
35.3 5.23808e-05
35.34 5.15745e-05
35.38 5.08782e-05
35.42 5.02786e-05
35.46 4.97408e-05
35.5 4.92273e-05
35.54 4.87062e-05
35.58 4.81499e-05
35.62 4.75976e-05
35.66 4.70492e-05
35.7 4.65181e-05
35.74 4.59908e-05
35.78 4.54866e-05
35.82 4.50602e-05
35.86 4.47269e-05
35.9 4.44993e-05
35.94 4.43823e-05
35.98 4.42808e-05
36.02 4.43118e-05
36.06 4.44792e-05
36.1 4.47768e-05
36.14 4.51962e-05
36.18 4.60235e-05
36.22 4.72404e-05
36.26 4.84557e-05
36.3 4.97464e-05
36.34 5.12567e-05
36.38 5.27347e-05
36.42 5.4095e-05
36.46 5.52927e-05
36.5 5.62866e-05
36.54 5.70528e-05
36.58 5.75791e-05
36.62 5.78658e-05
36.66 5.79228e-05
36.7 5.77667e-05
36.74 5.74184e-05
36.78 5.69015e-05
36.82 5.62414e-05
36.86 5.56171e-05
36.9 5.47899e-05
36.94 5.3924e-05
36.98 5.30397e-05
37.02 5.20697e-05
37.06 5.10186e-05
37.1 5.00073e-05
37.14 4.89095e-05
37.18 4.78557e-05
37.22 4.67401e-05
37.26 4.57126e-05
37.3 4.47416e-05
37.34 4.38009e-05
37.38 4.28844e-05
37.42 4.19965e-05
37.46 4.1153e-05
37.5 4.03825e-05
37.54 3.97152e-05
37.58 3.92062e-05
37.62 3.89443e-05
37.66 3.90064e-05
37.7 3.94797e-05
37.74 4.04535e-05
37.78 4.20087e-05
37.82 4.42036e-05
37.86 4.70593e-05
37.9 5.10144e-05
37.94 5.55092e-05
37.98 6.04377e-05
38.02 6.56159e-05
38.06 7.0906e-05
38.1 7.60768e-05
38.14 8.08529e-05
38.18 8.50863e-05
38.22 8.86451e-05
38.26 9.14273e-05
38.3 9.33665e-05
38.34 9.446e-05
38.38 9.47539e-05
38.42 9.42717e-05
38.46 9.31963e-05
38.5 9.1672e-05
38.54 8.99965e-05
38.58 8.83805e-05
38.62 8.68508e-05
38.66 8.55986e-05
38.7 8.47571e-05
38.74 8.44285e-05
38.78 8.46751e-05
38.82 8.55002e-05
38.86 8.68292e-05
38.9 8.85048e-05
38.94 9.03056e-05
38.98 9.19853e-05
39.02 9.332e-05
39.06 9.41466e-05
39.1 9.43863e-05
39.14 9.40353e-05
39.18 9.31672e-05
39.22 9.19096e-05
39.26 9.04078e-05
39.3 8.89494e-05
39.34 8.82101e-05
39.38 8.77801e-05
39.42 8.80817e-05
39.46 8.89168e-05
39.5 9.02e-05
39.54 9.18057e-05
39.58 9.35689e-05
39.62 9.53089e-05
39.66 9.68519e-05
39.7 9.81399e-05
39.74 9.91149e-05
39.78 9.96182e-05
39.82 9.96373e-05
39.86 9.91594e-05
39.9 9.81951e-05
39.94 9.6785e-05
39.98 9.49913e-05
40.02 9.29183e-05
40.06 9.06835e-05
40.1 8.8406e-05
40.14 8.61984e-05
40.18 8.41492e-05
40.22 8.23085e-05
40.26 8.06804e-05
40.3 7.92273e-05
40.34 7.78854e-05
40.38 7.66079e-05
40.42 7.54699e-05
40.46 7.43286e-05
40.5 7.31992e-05
40.54 7.20486e-05
40.58 7.08504e-05
40.62 6.95919e-05
40.66 6.82882e-05
40.7 6.6951e-05
40.74 6.56737e-05
40.78 6.4528e-05
40.82 6.35411e-05
40.86 6.27215e-05
40.9 6.19986e-05
40.94 6.14503e-05
40.98 6.10913e-05
41.02 6.09226e-05
41.06 6.09361e-05
41.1 6.10428e-05
41.14 6.12421e-05
41.18 6.15683e-05
41.22 6.19877e-05
41.26 6.24707e-05
41.3 6.2992e-05
41.34 6.34875e-05
41.38 6.38917e-05
41.42 6.43227e-05
41.46 6.476e-05
41.5 6.51852e-05
41.54 6.55807e-05
41.58 6.59298e-05
41.62 6.62209e-05
41.66 6.64491e-05
41.7 6.66131e-05
41.74 6.67215e-05
41.78 6.67942e-05
41.82 6.68326e-05
41.86 6.68355e-05
41.9 6.67838e-05
41.94 6.66439e-05
41.98 6.62244e-05
42.02 6.56093e-05
42.06 6.48042e-05
42.1 6.37057e-05
42.14 6.23102e-05
42.18 6.08077e-05
42.22 5.91183e-05
42.26 5.72074e-05
42.3 5.52449e-05
42.34 5.32854e-05
42.38 5.13946e-05
42.42 4.95025e-05
42.46 4.76425e-05
42.5 4.5877e-05
42.54 4.4231e-05
42.58 4.27448e-05
42.62 4.14765e-05
42.66 4.04998e-05
42.7 3.99051e-05
42.74 3.97974e-05
42.78 4.02537e-05
42.82 4.14055e-05
42.86 4.33669e-05
42.9 4.61877e-05
42.94 4.98462e-05
42.98 5.42467e-05
43.02 5.92628e-05
43.06 6.46562e-05
43.1 7.01453e-05
43.14 7.54362e-05
43.18 8.02596e-05
43.22 8.4403e-05
43.26 8.77296e-05
43.3 9.01841e-05
43.34 9.17796e-05
43.38 9.25028e-05
43.42 9.25119e-05
43.46 9.19142e-05
43.5 9.07887e-05
43.54 8.92079e-05
43.58 8.7243e-05
43.62 8.49678e-05
43.66 8.24616e-05
43.7 7.98112e-05
43.74 7.70332e-05
43.78 7.43102e-05
43.82 7.17455e-05
43.86 6.94132e-05
43.9 6.88987e-05
43.94 6.98812e-05
43.98 7.1605e-05
44.02 7.35473e-05
44.06 7.54585e-05
44.1 7.74506e-05
44.14 7.90848e-05
44.18 8.04019e-05
44.22 8.14165e-05
44.26 8.21172e-05
44.3 8.24163e-05
44.34 8.23683e-05
44.38 8.19639e-05
44.42 8.12143e-05
44.46 8.01537e-05
44.5 7.88317e-05
44.54 7.73065e-05
44.58 7.56386e-05
44.62 7.38661e-05
44.66 7.2038e-05
44.7 7.02345e-05
44.74 6.84821e-05
44.78 6.67757e-05
44.82 6.51027e-05
44.86 6.34795e-05
44.9 6.18919e-05
44.94 6.03428e-05
44.98 5.88507e-05
45.02 5.74461e-05
45.06 5.67617e-05
45.1 5.72047e-05
45.14 5.77336e-05
45.18 5.88071e-05
45.22 5.99075e-05
45.26 6.07429e-05
45.3 6.12427e-05
45.34 6.13435e-05
45.38 6.10407e-05
45.42 6.03727e-05
45.46 5.94025e-05
45.5 5.82072e-05
45.54 5.68642e-05
45.58 5.54461e-05
45.62 5.40149e-05
45.66 5.27239e-05
45.7 5.19284e-05
45.74 5.1159e-05
45.78 5.05012e-05
45.82 4.99329e-05
45.86 4.94178e-05
45.9 4.89162e-05
45.94 4.8396e-05
45.98 4.78575e-05
46.02 4.73202e-05
46.06 4.67891e-05
46.1 4.6279e-05
46.14 4.57587e-05
46.18 4.52862e-05
46.22 4.48947e-05
46.26 4.4599e-05
46.3 4.44106e-05
46.34 4.43008e-05
46.38 4.42404e-05
46.42 4.4314e-05
46.46 4.45205e-05
46.5 4.48533e-05
46.54 4.53032e-05
46.58 4.62882e-05
46.62 4.74688e-05
46.66 4.87059e-05
46.7 5.00055e-05
46.74 5.15508e-05
46.78 5.30069e-05
46.82 5.43349e-05
46.86 5.54882e-05
46.9 5.64309e-05
46.94 5.71407e-05
46.98 5.76081e-05
47.02 5.78359e-05
47.06 5.78364e-05
47.1 5.76272e-05
47.14 5.72311e-05
47.18 5.6673e-05
47.22 5.60082e-05
47.26 5.53014e-05
47.3 5.44632e-05
47.34 5.35934e-05
47.38 5.2712e-05
47.42 5.1697e-05
47.46 5.06691e-05
47.5 4.96736e-05
47.54 4.85702e-05
47.58 4.75468e-05
47.62 4.64352e-05
47.66 4.54444e-05
47.7 4.44975e-05
47.74 4.35767e-05
47.78 4.26796e-05
47.82 4.18131e-05
47.86 4.0997e-05
47.9 4.02637e-05
47.94 3.96385e-05
47.98 3.92014e-05
48.02 3.90309e-05
48.06 3.92077e-05
48.1 3.98208e-05
48.14 4.0958e-05
48.18 4.26943e-05
48.22 4.50792e-05
48.26 4.81194e-05
48.3 5.22871e-05
48.34 5.69119e-05
48.38 6.19207e-05
48.42 6.71179e-05
48.46 7.2387e-05
48.5 7.74593e-05
48.54 8.20948e-05
48.58 8.6151e-05
48.62 8.95033e-05
48.66 9.20555e-05
48.7 9.37532e-05
48.74 9.4622e-05
48.78 9.46775e-05
48.82 9.40109e-05
48.86 9.27872e-05
48.9 9.11586e-05
48.94 8.9483e-05
48.98 8.78619e-05
49.02 8.63882e-05
49.06 8.52378e-05
49.1 8.45355e-05
49.14 8.43732e-05
49.18 8.47978e-05
49.22 8.57903e-05
49.26 8.72512e-05
49.3 8.90008e-05
49.34 9.08044e-05
49.38 9.24167e-05
49.42 9.36276e-05
49.46 9.4296e-05
49.5 9.43694e-05
49.54 9.38568e-05
49.58 9.28633e-05
49.62 9.1515e-05
49.66 8.99669e-05
49.7 8.86733e-05
49.74 8.7973e-05
49.78 8.76694e-05
49.82 8.8156e-05
49.86 8.91277e-05
49.9 9.0525e-05
49.94 9.22054e-05
49.98 9.39954e-05
50.02 9.57117e-05
50.06 9.71849e-05
50.1 9.84127e-05
50.14 9.92632e-05
50.18 9.96381e-05
50.22 9.95247e-05
50.26 9.89172e-05
50.3 9.78327e-05
50.34 9.63192e-05
50.38 9.4442e-05
50.42 9.23182e-05
50.46 9.00627e-05
50.5 8.77937e-05
50.54 8.56202e-05
50.58 8.3622e-05
50.62 8.18379e-05
50.66 8.02631e-05
50.7 7.88449e-05
50.74 7.75215e-05
50.78 7.62846e-05
50.82 7.51405e-05
50.86 7.40038e-05
50.9 7.28714e-05
50.94 7.17136e-05
50.98 7.05054e-05
51.02 6.9239e-05
51.06 6.7937e-05
51.1 6.66041e-05
51.14 6.53628e-05
51.18 6.4261e-05
51.22 6.33218e-05
51.26 6.25371e-05
51.3 6.18543e-05
51.34 6.13575e-05
51.38 6.10497e-05
51.42 6.09299e-05
51.46 6.0988e-05
51.5 6.10992e-05
51.54 6.13355e-05
51.58 6.169e-05
51.62 6.213e-05
51.66 6.26264e-05
51.7 6.31557e-05
51.74 6.36133e-05
51.78 6.4028e-05
51.82 6.44639e-05
51.86 6.4901e-05
51.9 6.53204e-05
51.94 6.57045e-05
51.98 6.60386e-05
52.02 6.63118e-05
52.06 6.65207e-05
52.1 6.66684e-05
52.14 6.67667e-05
52.18 6.68262e-05
52.22 6.68552e-05
52.26 6.68439e-05
52.3 6.67691e-05
52.34 6.65957e-05
52.38 6.60772e-05
52.42 6.54164e-05
52.46 6.45027e-05
52.5 6.33507e-05
52.54 6.1896e-05
52.58 6.03721e-05
52.62 5.85736e-05
52.66 5.66791e-05
52.7 5.4684e-05
52.74 5.27527e-05
52.78 5.08773e-05
52.82 4.89766e-05
52.86 4.71433e-05
52.9 4.54096e-05
52.94 4.38049e-05
52.98 4.23748e-05
53.02 4.11815e-05
53.06 4.03037e-05
53.1 3.98367e-05
53.14 3.98876e-05
53.18 4.05189e-05
53.22 4.1893e-05
53.26 4.40949e-05
53.3 4.71598e-05
53.34 5.10337e-05
53.38 5.56277e-05
53.42 6.07754e-05
53.46 6.62229e-05
53.5 7.16829e-05
53.54 7.68648e-05
53.58 8.15122e-05
53.62 8.54335e-05
53.66 8.85145e-05
53.7 9.0722e-05
53.74 9.20786e-05
53.78 9.25731e-05
53.82 9.24022e-05
53.86 9.16477e-05
53.9 9.03913e-05
53.94 8.86888e-05
53.98 8.66277e-05
54.02 8.42782e-05
54.06 8.17218e-05
54.1 7.90305e-05
54.14 7.62515e-05
54.18 7.35633e-05
54.22 7.10596e-05
54.26 6.87825e-05
54.3 6.8996e-05
54.34 7.03028e-05
54.38 7.20975e-05
54.42 7.40597e-05
54.46 7.59882e-05
54.5 7.79026e-05
54.54 7.94452e-05
54.58 8.06794e-05
54.62 8.161e-05
54.66 8.22044e-05
54.7 8.2408e-05
54.74 8.22636e-05
54.78 8.17632e-05
54.82 8.09246e-05
54.86 7.97872e-05
54.9 7.84042e-05
54.94 7.68344e-05
54.98 7.51386e-05
55.02 7.33388e-05
55.06 7.15156e-05
55.1 6.97263e-05
55.14 6.79914e-05
55.18 6.62902e-05
55.22 6.46344e-05
55.26 6.30217e-05
55.3 6.14439e-05
55.34 5.99079e-05
55.38 5.84345e-05
55.42 5.70611e-05
55.46 5.68667e-05
55.5 5.73016e-05
55.54 5.78678e-05
55.58 5.90964e-05
55.62 6.01304e-05
55.66 6.08853e-05
55.7 6.12845e-05
55.74 6.12767e-05
55.78 6.0872e-05
55.82 6.01166e-05
55.86 5.90797e-05
55.9 5.78386e-05
55.94 5.6469e-05
55.98 5.50423e-05
56.02 5.36168e-05
56.06 5.25045e-05
56.1 5.16907e-05
56.14 5.09521e-05
56.18 5.0323e-05
56.22 4.97727e-05
56.26 4.92657e-05
56.3 4.87671e-05
56.34 4.82365e-05
56.38 4.77007e-05
56.42 4.71653e-05
56.46 4.66397e-05
56.5 4.61387e-05
56.54 4.56185e-05
56.58 4.51664e-05
56.62 4.48002e-05
56.66 4.45333e-05
56.7 4.4377e-05
56.74 4.42693e-05
56.78 4.42438e-05
56.82 4.43541e-05
56.86 4.45953e-05
56.9 4.49605e-05
56.94 4.54391e-05
56.98 4.66086e-05
57.02 4.77803e-05
57.06 4.9039e-05
57.1 5.03932e-05
57.14 5.19388e-05
57.18 5.33644e-05
57.22 5.46508e-05
57.26 5.57519e-05
57.3 5.66352e-05
57.34 5.72815e-05
57.38 5.76849e-05
57.42 5.78512e-05
57.46 5.77937e-05
57.5 5.75324e-05
57.54 5.70906e-05
57.58 5.64928e-05
57.62 5.58529e-05
57.66 5.50727e-05
57.7 5.42236e-05
57.74 5.33495e-05
57.78 5.24678e-05
57.82 5.14103e-05
57.86 5.03945e-05
57.9 4.9361e-05
57.94 4.82938e-05
57.98 4.72236e-05
58.02 4.61643e-05
58.06 4.51886e-05
58.1 4.42513e-05
58.14 4.33382e-05
58.18 4.2449e-05
58.22 4.15947e-05
58.26 4.07994e-05
58.3 4.00954e-05
58.34 3.95081e-05
58.38 3.9136e-05
58.42 3.9051e-05
58.46 3.93366e-05
58.5 4.00816e-05
58.54 4.13738e-05
58.58 4.32807e-05
58.62 4.58424e-05
58.66 4.91812e-05
58.7 5.34847e-05
58.74 5.82252e-05
58.78 6.3305e-05
58.82 6.85136e-05
58.86 7.37768e-05
58.9 7.87453e-05
58.94 8.32397e-05
58.98 8.71185e-05
59.02 9.02649e-05
59.06 9.25926e-05
59.1 9.40574e-05
59.14 9.47153e-05
59.18 9.45602e-05
59.22 9.37296e-05
59.26 9.23812e-05
59.3 9.06712e-05
59.34 8.9041e-05
59.38 8.74365e-05
59.42 8.60351e-05
59.46 8.49931e-05
59.5 8.44328e-05
59.54 8.44217e-05
59.58 8.50052e-05
59.62 8.6138e-05
59.66 8.76967e-05
59.7 8.94875e-05
59.74 9.12646e-05
59.78 9.27886e-05
59.82 9.38676e-05
59.86 9.43749e-05
59.9 9.42903e-05
59.94 9.36349e-05
59.98 9.25324e-05
60.02 9.11196e-05
