50.005 0
50.055 0.000190429
50.105 0.000184108
50.155 0.000178481
50.205 0.000176214
50.255 0.000177061
50.305 0.000177505
50.355 0.000174046
50.405 0.00016691
50.455 0.000169454
50.505 0.000166953
50.555 0.000160772
50.605 0.00015421
50.655 0.000151384
50.705 0.000154359
50.755 0.000161537
50.805 0.000160765
50.855 0.000155063
50.905 0.000148272
50.955 0.000147892
51.005 0.000153084
51.055 0.00015995
51.105 0.000167328
51.155 0.000174503
51.205 0.000184064
51.255 0.000202141
51.305 0.000208774
51.355 0.000198495
51.405 0.000183759
51.455 0.000168662
51.505 0.000155923
51.555 0.000146418
51.605 0.000140037
51.655 0.000139365
51.705 0.000148565
51.755 0.000169878
51.805 0.000183823
51.855 0.00018387
51.905 0.000179892
51.955 0.000173458
52.005 0.000166856
52.055 0.00016204
52.105 0.000159553
52.155 0.000159441
52.205 0.000165752
52.255 0.000182165
52.305 0.000191515
52.355 0.000188891
52.405 0.000183099
52.455 0.00017796
52.505 0.000176035
52.555 0.000176815
52.605 0.000176791
52.655 0.000172941
52.705 0.000165043
52.755 0.000167864
52.805 0.000165729
52.855 0.000160128
52.905 0.000154117
52.955 0.000151794
53.005 0.000155231
53.055 0.000162345
53.105 0.000159746
53.155 0.000153961
53.205 0.000147249
53.255 0.000146108
53.305 0.00015149
53.355 0.000158627
53.405 0.000166258
53.455 0.000173686
53.505 0.000185466
53.555 0.000203195
53.605 0.000208254
53.655 0.000197552
53.705 0.000182532
53.755 0.000167367
53.805 0.000154626
53.855 0.000145068
53.905 0.000138551
53.955 0.000137159
54.005 0.000147725
54.055 0.000168974
54.105 0.00018291
54.155 0.000183288
54.205 0.000179366
54.255 0.000172722
54.305 0.000165947
54.355 0.000161008
54.405 0.000158338
54.455 0.000157963
54.505 0.000164457
54.555 0.000179922
54.605 0.000189695
54.655 0.000187444
54.705 0.000182144
54.755 0.000177489
54.805 0.000175888
54.855 0.000176543
54.905 0.000176013
54.955 0.000171781
55.005 0.000163844
55.055 0.000166414
55.105 0.000164608
55.155 0.000159545
55.205 0.0001541
55.255 0.00015229
55.305 0.000156182
55.355 0.00016317
55.405 0.000158769
55.455 0.000152864
55.505 0.00014623
55.555 0.000144477
55.605 0.000150078
55.655 0.000157455
55.705 0.00016531
55.755 0.000173002
55.805 0.000186818
55.855 0.000204263
55.905 0.000207633
55.955 0.000196479
56.005 0.000181216
56.055 0.000166031
56.105 0.00015333
56.155 0.000143758
56.205 0.000137146
56.255 0.000135116
56.305 0.000147138
56.355 0.00016833
56.405 0.000182054
56.455 0.000182692
56.505 0.000178744
56.555 0.000171903
56.605 0.000165024
56.655 0.00016002
56.705 0.000157216
56.755 0.000156626
56.805 0.000163124
56.855 0.00017805
56.905 0.000188032
56.955 0.000186091
57.005 0.000181245
57.055 0.000177068
57.105 0.000175762
57.155 0.000176235
57.205 0.000175179
57.255 0.000170582
57.305 0.000162622
57.355 0.000165101
57.405 0.000163591
57.455 0.00015903
57.505 0.000154156
57.555 0.000152904
57.605 0.000157193
57.655 0.000163505
57.705 0.000157825
57.755 0.000151779
57.805 0.000145227
57.855 0.000143005
57.905 0.000148841
57.955 0.000156436
58.005 0.000164441
58.055 0.000172451
58.105 0.000188185
58.155 0.000205325
58.205 0.000206916
58.255 0.000195295
58.305 0.000179828
58.355 0.000164664
58.405 0.000152038
58.455 0.000142482
58.505 0.000135811
58.555 0.000133222
58.605 0.000146782
58.655 0.000167924
58.705 0.000181258
58.755 0.000182077
58.805 0.00017803
58.855 0.000171015
58.905 0.000164091
58.955 0.000159074
59.005 0.000156175
59.055 0.000155417
59.105 0.000161626
59.155 0.000176498
59.205 0.00018646
59.255 0.000184828
59.305 0.000180406
59.355 0.000176692
59.405 0.000175647
59.455 0.000175886
59.505 0.000174297
59.555 0.000169359
59.605 0.000161388
59.655 0.000163917
59.705 0.000162673
59.755 0.000158582
59.805 0.000154275
59.855 0.000153621
59.905 0.000158242
59.955 0.000162464
60.005 0.000156894
60.055 0.000150704
60.105 0.000144244
60.155 0.000141678
60.205 0.000147772
60.255 0.000155565
60.305 0.000163726
60.355 0.000172029
60.405 0.000189604
60.455 0.000206365
60.505 0.000206108
60.555 0.000194014
60.605 0.000178381
60.655 0.000163273
60.705 0.000150751
60.755 0.000141237
60.805 0.000134539
60.855 0.000131468
60.905 0.00014665
60.955 0.000167738
61.005 0.000180538
61.055 0.000181448
61.105 0.000177241
61.155 0.000170078
61.205 0.00016316
61.255 0.000158166
61.305 0.000155207
61.355 0.000154323
61.405 0.000160557
61.455 0.000175236
61.505 0.000185081
61.555 0.00018366
61.605 0.000179628
61.655 0.000176361
61.705 0.000175535
61.755 0.000175493
61.805 0.000173375
61.855 0.000168121
61.905 0.000160151
61.955 0.000162855
62.005 0.000161853
62.055 0.000158197
62.105 0.000154454
62.155 0.000154408
62.205 0.000159313
62.255 0.000161573
62.305 0.000155971
62.355 0.000149643
62.405 0.000143288
62.455 0.000140518
62.505 0.000146864
62.555 0.000154841
62.605 0.00016317
62.655 0.000171735
62.705 0.000191075
62.755 0.000207361
62.805 0.00020521
62.855 0.000192648
62.905 0.000176887
62.955 0.000161867
63.005 0.000149472
63.055 0.000140021
63.105 0.000133324
63.155 0.000129844
63.205 0.00014673
63.255 0.000167752
63.305 0.000179883
63.355 0.000180796
63.405 0.00017638
63.455 0.000169103
63.505 0.000162232
63.555 0.000157295
63.605 0.000154304
63.655 0.000153333
63.705 0.000159793
63.755 0.000174223
63.805 0.000183876
63.855 0.000182579
63.905 0.000178911
63.955 0.000176071
64.005 0.000175416
64.055 0.000175051
64.105 0.000172419
64.155 0.000166879
64.205 0.000158918
64.255 0.000161908
64.305 0.000161125
64.355 0.000157882
64.405 0.000154687
64.455 0.000155252
64.505 0.000160387
64.555 0.00016078
64.605 0.00015505
64.655 0.000148601
64.705 0.000142364
64.755 0.000139498
64.805 0.000146109
64.855 0.000154258
64.905 0.000162744
64.955 0.000171566
65.005 0.000192599
65.055 0.000208295
65.105 0.000204223
65.155 0.000191207
65.205 0.000175353
65.255 0.000160449
65.305 0.000148201
65.355 0.00013883
65.405 0.000132163
65.455 0.000128709
65.505 0.000147007
65.555 0.000167948
65.605 0.000179303
65.655 0.000180126
65.705 0.000175466
65.755 0.000168105
65.805 0.000161319
65.855 0.00015646
65.905 0.00015346
65.955 0.000152437
66.005 0.0001593
66.055 0.000173435
66.105 0.00018274
66.155 0.000181587
66.205 0.000178259
66.255 0.000175821
66.305 0.000175282
66.355 0.00017456
66.405 0.000171436
66.455 0.000165641
66.505 0.000157696
66.555 0.000161072
66.605 0.000160488
66.655 0.000157628
66.705 0.00015497
66.755 0.000156139
66.805 0.000161451
66.855 0.000160033
66.905 0.000154126
66.955 0.000147576
67.005 0.000141474
67.055 0.000138632
67.105 0.000145498
67.155 0.000153811
67.205 0.000162445
67.255 0.000173057
67.305 0.000194169
67.355 0.000209154
67.405 0.000203153
67.455 0.000189704
67.505 0.00017379
67.555 0.000159027
67.605 0.000146941
67.655 0.000137664
67.705 0.000131052
67.755 0.000127713
67.805 0.000147472
67.855 0.000168306
67.905 0.000178784
67.955 0.000179431
68.005 0.000174505
68.055 0.000167094
68.105 0.00016042
68.155 0.000155659
68.205 0.000152669
68.255 0.000151627
68.305 0.000159021
68.355 0.000172843
68.405 0.000181716
68.455 0.000180679
68.505 0.00017767
68.555 0.000175605
68.605 0.000175129
68.655 0.00017402
68.705 0.000170431
68.755 0.000164413
68.805 0.00015649
68.855 0.000160341
68.905 0.000159937
68.955 0.000157439
69.005 0.000155299
69.055 0.000157061
69.105 0.00016249
69.155 0.000159308
69.205 0.000153197
69.255 0.000146572
69.305 0.000140621
69.355 0.000137932
69.405 0.000145025
69.455 0.000153496
69.505 0.00016227
69.555 0.00017502
69.605 0.000195766
69.655 0.000209912
69.705 0.000201998
69.755 0.000188142
69.805 0.000172204
69.855 0.000157602
69.905 0.000145691
69.955 0.000136521
70.005 0.000129989
70.055 0.000126802
70.105 0.000148106
70.155 0.000168808
70.205 0.000178319
70.255 0.000178709
70.305 0.000173508
70.355 0.000166078
70.405 0.00015954
70.455 0.000154891
70.505 0.000151927
70.555 0.000150898
70.605 0.000158912
70.655 0.000172421
70.705 0.000180796
70.755 0.000179849
70.805 0.000177142
70.855 0.000175419
70.905 0.000174947
70.955 0.000173432
71.005 0.000169411
71.055 0.0001632
71.105 0.000155964
71.155 0.000159702
71.205 0.000159464
71.255 0.000157312
71.305 0.00015567
71.355 0.000158009
71.405 0.000163488
71.455 0.000158589
71.505 0.000152265
71.555 0.000145592
71.605 0.000139808
71.655 0.000137389
71.705 0.000144681
71.755 0.000153305
71.805 0.000162217
71.855 0.000176912
71.905 0.000197379
71.955 0.00020914
72.005 0.000200766
72.055 0.000186536
72.105 0.000170602
72.155 0.00015618
72.205 0.000144453
72.255 0.000135401
72.305 0.000128973
72.355 0.000128334
72.405 0.000148901
72.455 0.000169434
72.505 0.000177904
72.555 0.000177963
72.605 0.000172487
72.655 0.000165068
72.705 0.000158685
72.755 0.000154154
72.805 0.000151231
72.855 0.000149563
72.905 0.000158958
72.955 0.000172148
73.005 0.000179973
73.055 0.000179097
73.105 0.000176676
73.155 0.000175258
73.205 0.000174732
73.255 0.000172798
73.305 0.000168379
73.355 0.000162003
73.405 0.000155647
73.455 0.000159156
73.505 0.000159069
73.555 0.000157247
73.605 0.000156127
73.655 0.000158974
73.705 0.000164433
73.755 0.000157858
73.805 0.000151325
73.855 0.000144636
73.905 0.000139035
73.955 0.00013699
74.005 0.000144458
74.055 0.000153184
74.105 0.00016228
74.155 0.000178803
74.205 0.000198988
74.255 0.000208384
74.305 0.000199458
74.355 0.000184888
74.405 0.00016899
74.455 0.000154764
74.505 0.000143228
74.555 0.000134302
74.605 0.000128004
74.655 0.000129692
74.705 0.000149841
74.755 0.000170166
74.805 0.000177524
74.855 0.000177189
74.905 0.000171448
74.955 0.00016407
75.005 0.000157854
75.055 0.000153448
75.105 0.000150576
75.155 0.000148253
75.205 0.000159137
75.255 0.000172005
75.305 0.00017924
75.355 0.000178416
75.405 0.000176268
75.455 0.000175115
75.505 0.00017448
75.555 0.000172122
75.605 0.000167341
75.655 0.000160827
75.705 0.000155392
75.755 0.000158693
75.805 0.000158744
75.855 0.00015724
75.905 0.000156651
75.955 0.000159949
76.005 0.000163851
76.055 0.000157107
76.105 0.000150382
76.155 0.000143706
76.205 0.000138302
76.255 0.00013673
76.305 0.000144348
76.355 0.000153177
76.405 0.000162454
76.455 0.000180719
76.505 0.000200574
76.555 0.00020761
76.605 0.000198077
76.655 0.000183205
76.705 0.000167371
76.755 0.000153355
76.805 0.000142015
76.855 0.000133226
76.905 0.000127083
76.955 0.000130957
77.005 0.000150915
77.055 0.000170984
77.105 0.000177167
77.155 0.000176389
77.205 0.0001704
77.255 0.000163087
77.305 0.00015705
77.355 0.000152771
77.405 0.000149962
77.455 0.00014709
77.505 0.000159429
77.555 0.000171971
77.605 0.000178586
77.655 0.000177802
77.705 0.000175915
77.755 0.000174985
77.805 0.000174188
77.855 0.000171405
77.905 0.0001663
77.955 0.000159671
78.005 0.000155208
78.055 0.00015831
78.105 0.000158487
78.155 0.000157282
78.205 0.000157229
78.255 0.000160925
78.305 0.000162999
78.355 0.000156335
78.405 0.000149438
78.455 0.000142806
78.505 0.000137612
78.555 0.000136596
78.605 0.000144347
78.655 0.000153278
78.705 0.000162736
78.755 0.000182679
78.805 0.000202117
78.855 0.000206797
78.905 0.000196628
78.955 0.000181493
79.005 0.000165751
79.055 0.000151956
79.105 0.000140817
79.155 0.000132173
79.205 0.00012621
79.255 0.000132195
79.305 0.00015211
79.355 0.000171868
79.405 0.000176821
79.455 0.000175562
79.505 0.000169348
79.555 0.000162125
79.605 0.000156273
79.655 0.000152123
79.705 0.000149386
79.755 0.00014606
79.805 0.000159821
79.855 0.00017203
79.905 0.000178006
79.955 0.000177251
80.005 0.000175613
80.055 0.000174857
80.105 0.00017385
80.155 0.000170652
80.205 0.000165258
80.255 0.000158538
80.305 0.000155049
80.355 0.000157994
80.405 0.000158288
80.455 0.000157373
80.505 0.00015785
80.555 0.000161891
80.605 0.000162223
80.655 0.000155533
80.705 0.000148493
80.755 0.000141934
80.805 0.000136959
80.855 0.000136553
80.905 0.000144444
80.955 0.000153479
81.005 0.000163118
81.055 0.000184685
81.105 0.000203598
81.155 0.000205926
81.205 0.000195114
81.255 0.000179758
81.305 0.000164132
81.355 0.000150567
81.405 0.000139632
81.455 0.000131143
81.505 0.000125386
81.555 0.000133444
81.605 0.000153411
81.655 0.00017244
81.705 0.000176474
81.755 0.00017471
81.805 0.000168299
81.855 0.000161186
81.905 0.000155525
81.955 0.000151502
82.005 0.000148847
82.055 0.000145132
82.105 0.000160298
82.155 0.000172165
82.205 0.000177486
82.255 0.00017676
82.305 0.000175358
82.355 0.000174728
82.405 0.000173468
82.455 0.000169866
82.505 0.000164219
82.555 0.000157425
82.605 0.00015494
82.655 0.000157745
82.705 0.000158145
82.755 0.000157514
82.805 0.000158511
82.855 0.000162839
82.905 0.000161485
82.955 0.000154702
83.005 0.00014755
83.055 0.000141093
83.105 0.000136328
83.155 0.000136617
83.205 0.000144638
83.255 0.000153777
83.305 0.00016365
83.355 0.000186729
83.405 0.000204999
83.455 0.000204987
83.505 0.000193542
83.555 0.000178005
83.605 0.000162519
83.655 0.000149193
83.705 0.000138462
83.755 0.000130138
83.805 0.000124615
83.855 0.000134729
83.905 0.000154805
83.955 0.000172322
84.005 0.000176118
84.055 0.000173835
84.105 0.000167257
84.155 0.000160275
84.205 0.000154805
84.255 0.000150906
84.305 0.000148344
84.355 0.000146399
84.405 0.00016085
84.455 0.000172361
84.505 0.000177023
84.555 0.000176324
84.605 0.000175143
84.655 0.000174587
84.705 0.000173037
84.755 0.000169051
84.805 0.000163184
84.855 0.000156335
84.905 0.000154866
84.955 0.000157556
85.005 0.000158054
85.055 0.00015769
85.105 0.000159205
85.155 0.000163762
85.205 0.000160764
85.255 0.000153846
85.305 0.000146614
85.355 0.000140286
85.405 0.000135743
85.455 0.000136764
85.505 0.00014492
85.555 0.000154167
85.605 0.00016622
85.655 0.000188794
85.705 0.000206295
85.755 0.000203969
85.805 0.000191916
85.855 0.000176239
85.905 0.000160915
85.955 0.000147833
86.005 0.000137308
86.055 0.000129159
86.105 0.000123896
86.155 0.000136061
86.205 0.00015628
86.255 0.000172297
86.305 0.000175741
86.355 0.000172941
86.405 0.000166229
86.455 0.000159393
86.505 0.000154114
86.555 0.000150336
86.605 0.000147879
86.655 0.000147633
86.705 0.000161467
86.755 0.000172608
86.805 0.00017661
86.855 0.00017594
86.905 0.000174964
86.955 0.00017443
87.005 0.00017256
87.055 0.00016821
87.105 0.000162157
87.155 0.000155265
87.205 0.000154813
87.255 0.000157418
87.305 0.000158006
87.355 0.000157903
87.405 0.000159927
87.455 0.000164647
87.505 0.000160038
87.555 0.000152966
87.605 0.000145688
87.655 0.000139513
87.705 0.000135201
87.755 0.000136992
87.805 0.000145288
87.855 0.000154643
87.905 0.000168631
87.955 0.000190872
88.005 0.000207474
88.055 0.000202871
88.105 0.000190241
88.155 0.000174465
88.205 0.000159322
88.255 0.000146489
88.305 0.00013617
88.355 0.000128209
88.405 0.000123233
88.455 0.00013745
88.505 0.000157822
88.555 0.000172339
88.605 0.000175338
88.655 0.00017203
88.705 0.000165217
88.755 0.000158542
88.805 0.000153451
88.855 0.000149791
88.905 0.000147089
88.955 0.000148774
89.005 0.000162139
89.055 0.000172892
89.105 0.00017624
89.155 0.000175603
89.205 0.000174814
89.255 0.000174249
89.305 0.000172037
89.355 0.000167349
89.405 0.000161138
89.455 0.000154216
89.505 0.000154795
89.555 0.000157329
89.605 0.000158001
89.655 0.000158166
89.705 0.000160673
89.755 0.000165486
89.805 0.000159295
89.855 0.000152064
89.905 0.000144775
89.955 0.000138775
90.005 0.000134702
90.055 0.000137286
90.105 0.000145709
90.155 0.000155201
90.205 0.000170974
90.255 0.000192943
90.305 0.00020838
90.355 0.000201691
90.405 0.000188525
90.455 0.00017269
90.505 0.000157746
90.555 0.000145164
90.605 0.00013505
90.655 0.000127291
90.705 0.00012283
90.755 0.000138893
90.805 0.000159414
90.855 0.000172425
90.905 0.000174901
90.955 0.000171104
91.005 0.000164224
91.055 0.000157721
91.105 0.000152815
91.155 0.000149269
91.205 0.000145979
91.255 0.000149861
91.305 0.000162857
91.355 0.000173201
91.405 0.000175907
91.455 0.000175314
91.505 0.000174688
91.555 0.00017404
91.605 0.000171469
91.655 0.000166471
91.705 0.000160128
91.755 0.000153187
91.805 0.00015481
91.855 0.000157284
91.905 0.000158034
91.955 0.000158504
92.005 0.000161437
92.055 0.00016627
92.105 0.000158526
92.155 0.000151144
92.205 0.000143878
92.255 0.000138073
92.305 0.000134242
92.355 0.000137653
92.405 0.000146186
92.455 0.000155839
92.505 0.000173298
92.555 0.000194988
92.605 0.000207739
92.655 0.00020043
92.705 0.000186774
92.755 0.000170917
92.805 0.000156186
92.855 0.000143856
92.905 0.000133949
92.955 0.000126407
93.005 0.000124813
93.055 0.000140392
93.105 0.000161044
93.155 0.000172534
93.205 0.000174426
93.255 0.000170168
93.305 0.000163253
93.355 0.000156932
93.405 0.000152204
93.455 0.000148771
93.505 0.000145001
93.555 0.000150924
93.605 0.000163611
93.655 0.000173527
93.705 0.000175609
93.755 0.000175068
93.805 0.000174579
93.855 0.000173798
93.905 0.00017086
93.955 0.000165579
94.005 0.000159131
94.055 0.000152177
94.105 0.000154855
94.155 0.000157278
94.205 0.000158101
94.255 0.000158899
94.305 0.000162214
94.355 0.000165273
94.405 0.00015773
94.455 0.000150212
94.505 0.000143002
94.555 0.000137408
94.605 0.000133821
94.655 0.00013808
94.705 0.000146735
94.755 0.00015655
94.805 0.000175628
94.855 0.000196987
94.905 0.000207105
94.955 0.000199086
95.005 0.000184991
95.055 0.000169148
95.105 0.000154644
95.155 0.000142567
95.205 0.000132867
95.255 0.000125559
95.305 0.000126535
95.355 0.000142189
95.405 0.000162696
95.455 0.000172648
95.505 0.000173909
95.555 0.000169225
95.605 0.000162306
95.655 0.000156173
95.705 0.000151618
95.755 0.000148296
95.805 0.000144122
95.855 0.00015198
95.905 0.000164393
95.955 0.000173859
96.005 0.000175342
96.055 0.000174859
96.105 0.000174478
96.155 0.000173517
96.205 0.000170212
96.255 0.000164678
96.305 0.000158144
96.355 0.000151186
96.405 0.000154929
96.455 0.000157307
96.505 0.000158199
96.555 0.000159337
96.605 0.000162997
96.655 0.000164322
96.705 0.000156905
96.755 0.000149272
96.805 0.000142149
96.855 0.000136782
96.905 0.000133438
96.955 0.000138567
97.005 0.000147352
97.055 0.00015733
97.105 0.000177977
97.155 0.000198923
97.205 0.000206439
97.255 0.000197665
97.305 0.000183182
97.355 0.000167387
97.405 0.000153123
97.455 0.000141298
97.505 0.000131806
97.555 0.000124751
97.605 0.000128126
97.655 0.000144106
97.705 0.000164357
97.755 0.000172752
97.805 0.000173351
97.855 0.000168279
97.905 0.000161386
97.955 0.000155447
98.005 0.000151056
98.055 0.000147844
98.105 0.000143325
98.155 0.000153037
98.205 0.000165193
98.255 0.000174188
98.305 0.000175103
98.355 0.000174686
98.405 0.000174379
98.455 0.000173196
98.505 0.000169527
98.555 0.000163769
98.605 0.00015717
98.655 0.000150212
98.705 0.000155032
98.755 0.000157365
98.805 0.000158324
98.855 0.000159819
98.905 0.000163779
98.955 0.000163443
99.005 0.000156049
99.055 0.000148328
99.105 0.000141321
99.155 0.000136184
99.205 0.00013309
99.255 0.000139114
99.305 0.000148034
99.355 0.000158177
99.405 0.000180345
99.455 0.000200775
99.505 0.000205718
99.555 0.000196171
99.605 0.000181354
99.655 0.000165639
99.705 0.000151623
99.755 0.000140049
99.805 0.000130769
99.855 0.000123985
99.905 0.000129663
99.955 0.000146062
100.005 0.00016601
100.055 0.00017283
100.105 0.000172751
100.155 0.000167333
100.205 0.000160493
100.255 0.00015475
100.305 0.000150517
100.355 0.000147415
100.405 0.000142599
100.455 0.000154106
100.505 0.000166004
100.555 0.000174247
100.605 0.00017489
100.655 0.000174545
100.705 0.000174275
100.755 0.000172833
100.805 0.000168809
100.855 0.000162855
100.905 0.000156208
100.955 0.00014959
101.005 0.000155161
101.055 0.00015745
101.105 0.000158474
101.155 0.000160338
101.205 0.000164552
101.255 0.000162603
101.305 0.000155164
101.355 0.000147384
101.405 0.000140521
101.455 0.000135611
101.505 0.000132776
101.555 0.000139718
101.605 0.000148777
101.655 0.000159223
101.705 0.000182759
101.755 0.000202522
101.805 0.000204919
101.855 0.000194609
101.905 0.000179511
101.955 0.000163906
102.005 0.000150147
102.055 0.00013882
102.105 0.000129756
102.155 0.000123266
102.205 0.000131191
102.255 0.000148061
102.305 0.000167638
102.355 0.00017287
102.405 0.00017211
102.455 0.000166391
102.505 0.000159629
102.555 0.000154084
102.605 0.000149998
102.655 0.000147011
102.705 0.00014194
102.755 0.000155191
102.805 0.00016682
102.855 0.000174129
102.905 0.000174702
102.955 0.000174431
103.005 0.00017416
103.055 0.000172426
103.105 0.000168063
103.155 0.000161941
103.205 0.000155259
103.255 0.000150412
103.305 0.000155313
103.355 0.000157558
103.405 0.000158646
103.455 0.000160892
103.505 0.000165308
103.555 0.000161784
103.605 0.000154256
103.655 0.000146447
103.705 0.000139752
103.755 0.000135082
103.805 0.000132495
103.855 0.00014038
103.905 0.000149579
103.955 0.000162133
104.005 0.0001852
104.055 0.000204146
104.105 0.000204035
104.155 0.000192987
104.205 0.00017766
104.255 0.000162191
104.305 0.000148695
104.355 0.000137612
104.405 0.00012877
104.455 0.000122595
104.505 0.000132732
104.555 0.000150089
104.605 0.000168454
104.655 0.000172861
104.705 0.000171429
104.755 0.000165454
104.805 0.000158794
104.855 0.000153445
104.905 0.0001495
104.955 0.000146633
105.005 0.000142174
105.055 0.000156289
105.105 0.000167632
105.155 0.000174041
105.205 0.000174538
105.255 0.000174341
105.305 0.000174027
105.355 0.000171975
105.405 0.000167291
105.455 0.000161027
105.505 0.000154323
105.555 0.000151061
105.605 0.000155487
105.655 0.000157687
105.705 0.00015883
105.755 0.000161478
105.805 0.000166039
105.855 0.000160965
105.905 0.000153326
105.955 0.000145521
106.005 0.000139016
106.055 0.000134593
106.105 0.000132291
106.155 0.000141095
106.205 0.000150438
106.255 0.000164867
106.305 0.000187625
106.355 0.000205629
106.405 0.000203057
106.455 0.00019131
106.505 0.000175805
106.555 0.000160497
106.605 0.000147267
106.655 0.000136427
106.705 0.000127814
106.755 0.000121978
106.805 0.000134308
106.855 0.000152139
106.905 0.000168783
106.955 0.000172796
107.005 0.000170713
107.055 0.000164528
107.105 0.000157989
107.155 0.000152833
107.205 0.00014902
107.255 0.000145775
107.305 0.000144038
107.355 0.000157399
107.405 0.000168434
107.455 0.000173974
107.505 0.000174396
107.555 0.000174268
107.605 0.00017387
107.655 0.00017148
107.705 0.000166496
107.755 0.000160116
107.805 0.000153398
107.855 0.000151596
107.905 0.000155679
107.955 0.000157833
108.005 0.000159115
108.055 0.000162091
108.105 0.000166735
108.155 0.000160134
108.205 0.000152378
108.255 0.000144608
108.305 0.000138313
108.355 0.000134142
108.405 0.000133182
108.455 0.000141832
108.505 0.000151349
108.555 0.000167514
108.605 0.000190018
108.655 0.000206955
108.705 0.000201982
108.755 0.000189584
108.805 0.000173951
108.855 0.000158826
108.905 0.000145865
108.955 0.000135263
109.005 0.000126889
109.055 0.000121415
109.105 0.000135929
109.155 0.000154202
109.205 0.000169167
109.255 0.00017267
109.305 0.000169963
109.355 0.000163614
109.405 0.000157213
109.455 0.000152246
109.505 0.000148558
109.555 0.000144784
109.605 0.00014567
109.655 0.000158518
109.705 0.000169219
109.755 0.000173921
109.805 0.000174276
109.855 0.00017421
109.905 0.000173684
109.955 0.000170944
