50.005 0
50.055 0.000222295
50.105 0.000208466
50.155 0.000192139
50.205 0.000181685
50.255 0.000174969
50.305 0.000171404
50.355 0.000171379
50.405 0.000174013
50.455 0.00017828
50.505 0.000184429
50.555 0.000188802
50.605 0.000190374
50.655 0.000189909
50.705 0.000187677
50.755 0.0001842
50.805 0.000180896
50.855 0.000179383
50.905 0.000177668
50.955 0.000172613
51.005 0.000165179
51.055 0.000157155
51.105 0.000150116
51.155 0.000146339
51.205 0.000148318
51.255 0.000155164
51.305 0.000164305
51.355 0.000176216
51.405 0.000187175
51.455 0.000190326
51.505 0.000193831
51.555 0.000199174
51.605 0.000206481
51.655 0.00021891
51.705 0.000227623
51.755 0.000231302
51.805 0.000232529
51.855 0.000230883
51.905 0.00023301
51.955 0.000241233
52.005 0.000245995
52.055 0.000246474
52.105 0.000245372
52.155 0.000242488
52.205 0.000238678
52.255 0.000236016
52.305 0.000228306
52.355 0.000213299
52.405 0.000196814
52.455 0.000186751
52.505 0.000180293
52.555 0.000176705
52.605 0.000176108
52.655 0.000176209
52.705 0.000176861
52.755 0.000179803
52.805 0.00018206
52.855 0.000182945
52.905 0.000183946
52.955 0.000183708
53.005 0.000180965
53.055 0.000177565
53.105 0.000175666
53.155 0.00017348
53.205 0.000168149
53.255 0.000160794
53.305 0.000153141
53.355 0.000146652
53.405 0.00014354
53.455 0.000146157
53.505 0.000153446
53.555 0.00016325
53.605 0.000176133
53.655 0.0001879
53.705 0.000191522
53.755 0.00019535
53.805 0.000200641
53.855 0.000208069
53.905 0.00022071
53.955 0.000229199
54.005 0.000232443
54.055 0.000232657
54.105 0.000229352
54.155 0.000229245
54.205 0.000234859
54.255 0.000238142
54.305 0.000238784
54.355 0.000238371
54.405 0.000236237
54.455 0.000232584
54.505 0.000228991
54.555 0.000221591
54.605 0.000207603
54.655 0.0001914
54.705 0.000181196
54.755 0.000174673
54.805 0.000171296
54.855 0.000171503
54.905 0.00017418
54.955 0.000178614
55.005 0.000184766
55.055 0.000188962
55.105 0.000190398
55.155 0.000189824
55.205 0.000187499
55.255 0.000183982
55.305 0.00018075
55.355 0.000179333
55.405 0.00017747
55.455 0.000172224
55.505 0.00016471
55.555 0.000156697
55.605 0.000149777
55.655 0.000146279
55.705 0.000148618
55.755 0.000155642
55.805 0.000164925
55.855 0.000176973
55.905 0.000187641
55.955 0.000190457
56.005 0.000194122
56.055 0.000199486
56.105 0.000207083
56.155 0.000219601
56.205 0.000227937
56.255 0.000231452
56.305 0.000232459
56.355 0.000230817
56.405 0.000233377
56.455 0.000241673
56.505 0.000246099
56.555 0.000246447
56.605 0.000245256
56.655 0.000242268
56.705 0.000238482
56.755 0.000235849
56.805 0.000227461
56.855 0.000212169
56.905 0.000196096
56.955 0.000186285
57.005 0.000180004
57.055 0.000176586
57.105 0.00017615
57.155 0.000176175
57.205 0.000176985
57.255 0.000179981
57.305 0.000182135
57.355 0.000182987
57.405 0.000183999
57.455 0.000183606
57.505 0.000180757
57.555 0.000177401
57.605 0.000175589
57.655 0.000173258
57.705 0.000167754
57.755 0.000160341
57.805 0.000152713
57.855 0.000146351
57.905 0.000143523
57.955 0.000146487
58.005 0.000153954
58.055 0.000163924
58.105 0.000176956
58.155 0.000188333
58.205 0.000191683
58.255 0.000195651
58.305 0.000200952
58.355 0.000208691
58.405 0.000221399
58.455 0.000229496
58.505 0.000232562
58.555 0.000232516
58.605 0.000229176
58.655 0.000229466
58.705 0.000235166
58.755 0.000238224
58.805 0.000238794
58.855 0.000238301
58.905 0.000236057
58.955 0.000232356
59.005 0.000228792
59.055 0.00022082
59.105 0.00020633
59.155 0.000190684
59.205 0.000180724
59.255 0.000174392
59.305 0.000171202
59.355 0.000171642
59.405 0.000174359
59.455 0.000178958
59.505 0.000185097
59.555 0.000189115
59.605 0.000190418
59.655 0.000189736
59.705 0.000187318
59.755 0.000183768
59.805 0.000180615
59.855 0.000179285
59.905 0.000177263
59.955 0.00017183
60.005 0.000164244
60.055 0.000156248
60.105 0.000149453
60.155 0.000146246
60.205 0.000148938
60.255 0.00015613
60.305 0.000165563
60.355 0.000177748
60.405 0.000187936
60.455 0.000190602
60.505 0.000194429
60.555 0.000199812
60.605 0.000207715
60.655 0.000220279
60.705 0.000228241
60.755 0.00023161
60.805 0.000232399
60.855 0.000230775
60.905 0.000233776
60.955 0.000242103
61.005 0.000246195
61.055 0.00024642
61.105 0.000245137
61.155 0.00024205
61.205 0.000238297
61.255 0.000235675
61.305 0.000226613
61.355 0.000210871
61.405 0.000195398
61.455 0.000185834
61.505 0.000179728
61.555 0.000176482
61.605 0.000176203
61.655 0.000176154
61.705 0.000177126
61.755 0.000180161
61.805 0.000182214
61.855 0.000183037
61.905 0.000184053
61.955 0.000183501
62.005 0.000180554
62.055 0.000177251
62.105 0.000175517
62.155 0.000173029
62.205 0.000167359
62.255 0.000159891
62.305 0.000152293
62.355 0.000146064
62.405 0.00014353
62.455 0.000146838
62.505 0.000154472
62.555 0.000164617
62.605 0.000177796
62.655 0.000188654
62.705 0.000191855
62.755 0.000195964
62.805 0.000201279
62.855 0.000209344
62.905 0.000222074
62.955 0.000229784
63.005 0.000232684
63.055 0.000232379
63.105 0.000229018
63.155 0.000229713
63.205 0.000235463
63.255 0.000238297
63.305 0.000238802
63.355 0.000238227
63.405 0.000235874
63.455 0.000232133
63.505 0.000228592
63.555 0.00022005
63.605 0.000205109
63.655 0.000189985
63.705 0.000180266
63.755 0.000174122
63.805 0.000171123
63.855 0.000171798
63.905 0.000174554
63.955 0.000179314
64.005 0.000185424
64.055 0.000189263
64.105 0.000190436
64.155 0.000189647
64.205 0.000187138
64.255 0.000183559
64.305 0.000180491
64.355 0.000179236
64.405 0.000177042
64.455 0.000171429
64.505 0.000163774
64.555 0.0001558
64.605 0.000149138
64.655 0.00014623
64.705 0.000149271
64.755 0.000156621
64.805 0.000166211
64.855 0.000178531
64.905 0.000188191
64.955 0.000190748
65.005 0.000194741
65.055 0.000200147
65.105 0.000208368
65.155 0.000220934
65.205 0.000228529
65.255 0.000231768
65.305 0.00023234
65.355 0.000230749
65.405 0.000234194
65.455 0.000242507
65.505 0.000246271
65.555 0.000246383
65.605 0.000245007
65.655 0.000241825
65.705 0.000238114
65.755 0.000235482
65.805 0.000225752
65.855 0.000209667
65.905 0.000194721
65.955 0.000185397
66.005 0.000179463
66.055 0.000176389
66.105 0.00017626
66.155 0.000176139
66.205 0.000177273
66.255 0.000180333
66.305 0.000182283
66.355 0.000183086
66.405 0.000184095
66.455 0.000183384
66.505 0.000180345
66.555 0.000177102
66.605 0.000175435
66.655 0.000172781
66.705 0.000166949
66.755 0.000159433
66.805 0.00015187
66.855 0.000145783
66.905 0.000143551
66.955 0.000147193
67.005 0.000154988
67.055 0.000165315
67.105 0.000178637
67.155 0.000188938
67.205 0.000192024
67.255 0.000196276
67.305 0.000201607
67.355 0.000210012
67.405 0.000222717
67.455 0.000230049
67.505 0.000232802
67.555 0.000232241
67.605 0.000228871
67.655 0.000229979
67.705 0.000235739
67.755 0.000238356
67.805 0.000238798
67.855 0.000238138
67.905 0.000235675
67.955 0.000231903
68.005 0.000228345
68.055 0.00021926
68.105 0.000203949
68.155 0.000189296
68.205 0.000179814
68.255 0.000173857
68.305 0.00017105
68.355 0.000171958
68.405 0.00017475
68.455 0.000179664
68.505 0.00018573
68.555 0.000189391
68.605 0.000190436
68.655 0.000189539
68.705 0.000186941
68.755 0.000183339
68.805 0.000180363
68.855 0.000179174
68.905 0.000176799
68.955 0.000171011
69.005 0.000163296
69.055 0.00015535
69.105 0.000148831
69.155 0.000146232
69.205 0.000149614
69.255 0.000157113
69.305 0.000166869
69.355 0.000179317
69.405 0.000188418
69.455 0.000190899
69.505 0.000195057
69.555 0.000200487
69.605 0.000209038
69.655 0.000221564
69.705 0.000228803
69.755 0.000231927
69.805 0.000232287
69.855 0.000230742
69.905 0.000234636
69.955 0.000242891
70.005 0.000246334
70.055 0.000246339
70.105 0.000244865
70.155 0.000241591
70.205 0.000237934
70.255 0.000235207
70.305 0.000224881
70.355 0.000208495
70.405 0.000194051
70.455 0.00018496
70.505 0.000179197
70.555 0.000176297
70.605 0.000176312
70.655 0.000176124
70.705 0.000177419
70.755 0.000180491
70.805 0.00018234
70.855 0.000183128
70.905 0.000184122
70.955 0.00018325
71.005 0.000180128
71.055 0.000176954
71.105 0.000175346
71.155 0.000172516
71.205 0.000166537
71.255 0.000158976
71.305 0.000151453
71.355 0.000145516
71.405 0.000143598
71.455 0.000147568
71.505 0.000155516
71.555 0.000166036
71.605 0.00017949
71.655 0.000189202
71.705 0.000192204
71.755 0.000196599
71.805 0.000201952
71.855 0.000210708
71.905 0.000223342
71.955 0.000230309
72.005 0.000232924
72.055 0.000232111
72.105 0.000228748
72.155 0.000230274
72.205 0.000236007
72.255 0.000238415
72.305 0.000238797
72.355 0.000238047
72.405 0.000235476
72.455 0.000231678
72.505 0.00022805
72.555 0.000218464
72.605 0.000202846
72.655 0.000188626
72.705 0.000179374
72.755 0.000173603
72.805 0.000170991
72.855 0.000172132
72.905 0.000174958
72.955 0.000180023
73.005 0.000186028
73.055 0.000189512
73.105 0.000190432
73.155 0.000189429
73.205 0.000186745
73.255 0.000183126
73.305 0.000180249
73.355 0.000179114
73.405 0.00017655
73.455 0.000170596
73.505 0.000162825
73.555 0.000154913
73.605 0.000148546
73.655 0.000146263
73.705 0.00014998
73.755 0.00015762
73.805 0.000167551
73.855 0.000180089
73.905 0.000188633
73.955 0.000191068
74.005 0.000195389
74.055 0.000200848
74.105 0.000209741
74.155 0.000222179
74.205 0.000229074
74.255 0.000232097
74.305 0.000232246
74.355 0.000230765
74.405 0.000235108
74.455 0.000243263
74.505 0.000246396
74.555 0.000246302
74.605 0.000244728
74.655 0.000241367
74.705 0.00023777
74.755 0.000234849
74.805 0.000224008
74.855 0.000207403
74.905 0.000193408
74.955 0.000184545
75.005 0.000178951
75.055 0.000176226
75.105 0.000176378
75.155 0.000176127
75.205 0.000177584
75.255 0.000180653
75.305 0.000182404
75.355 0.000183184
75.405 0.000184152
75.455 0.000183118
75.505 0.000179921
75.555 0.000176823
75.605 0.00017526
75.655 0.00017225
75.705 0.00016612
75.755 0.000158526
75.805 0.000151048
75.855 0.00014527
75.905 0.00014367
75.955 0.00014796
76.005 0.000156056
76.055 0.000166776
76.105 0.000180247
76.155 0.00018945
76.205 0.000192397
76.255 0.000196935
76.305 0.000202314
76.355 0.000211432
76.405 0.000223946
76.455 0.000230561
76.505 0.000233053
76.555 0.000231988
76.605 0.000228647
76.655 0.000230593
76.705 0.000236262
76.755 0.000238473
76.805 0.000238797
76.855 0.000237955
76.905 0.000235278
76.955 0.000231461
77.005 0.00022765
77.055 0.000217667
77.105 0.000201784
77.155 0.000187973
77.205 0.00017895
77.255 0.000173364
77.305 0.000170949
77.355 0.000172323
77.405 0.000175182
77.455 0.000180392
77.505 0.000186323
77.555 0.00018963
77.605 0.000190428
77.655 0.000189318
77.705 0.000186551
77.755 0.00018292
77.805 0.000180145
77.855 0.000179049
77.905 0.000176289
77.955 0.000170173
78.005 0.000162353
78.055 0.000154479
78.105 0.000148271
78.155 0.000146314
78.205 0.000150354
78.255 0.000158128
78.305 0.000168246
78.355 0.000180739
78.405 0.000188823
78.455 0.00019124
78.505 0.000195724
78.555 0.000201217
78.605 0.000210461
78.655 0.000222764
78.705 0.000229334
78.755 0.000232264
78.805 0.000232209
78.855 0.000230805
78.905 0.000235597
78.955 0.000243607
79.005 0.000246441
79.055 0.000246255
79.105 0.000244578
79.155 0.000241138
79.205 0.00023761
79.255 0.000234424
79.305 0.000223132
79.355 0.000206348
79.405 0.000192777
79.455 0.000184137
79.505 0.000178711
79.555 0.000176163
79.605 0.000176444
79.655 0.000176135
79.705 0.000177751
79.755 0.000180806
79.805 0.000182459
79.855 0.000183238
79.905 0.000184169
79.955 0.000182974
80.005 0.00017971
80.055 0.000176695
80.105 0.000175164
80.155 0.000171965
80.205 0.000165694
80.255 0.000158068
80.305 0.00015064
80.355 0.000145028
80.405 0.000143756
80.455 0.000148357
80.505 0.000156593
80.555 0.000167526
80.605 0.000180948
80.655 0.000189668
80.705 0.000192588
80.755 0.000197268
80.805 0.000202682
80.855 0.00021217
80.905 0.000224515
80.955 0.000230798
81.005 0.000233175
81.055 0.000231864
81.105 0.00022856
81.155 0.000230923
81.205 0.000236494
81.255 0.000238514
81.305 0.000238784
81.355 0.000237847
81.405 0.000235068
81.455 0.00023124
81.505 0.000227233
81.555 0.000216855
81.605 0.000200775
81.655 0.000187334
81.705 0.000178535
81.755 0.000173131
81.805 0.000170916
81.855 0.000172519
81.905 0.00017541
81.955 0.000180756
82.005 0.000186598
82.055 0.000189732
82.105 0.000190408
82.155 0.000189193
82.205 0.000186345
82.255 0.00018271
82.305 0.000180042
82.355 0.000178971
82.405 0.000176008
82.455 0.000169738
82.505 0.000161874
82.555 0.000154044
82.605 0.000148006
82.655 0.000146382
82.705 0.000150736
82.755 0.000158639
82.805 0.000168952
82.855 0.00018138
82.905 0.00018899
82.955 0.000191418
83.005 0.000196063
83.055 0.000201596
83.105 0.000211197
83.155 0.000223321
83.205 0.000229582
83.255 0.000232428
83.305 0.000232154
83.355 0.000230865
83.405 0.000236098
83.455 0.000243923
83.505 0.000246471
83.555 0.000246196
83.605 0.000244414
83.655 0.0002409
83.705 0.000237448
83.755 0.000233976
83.805 0.000222242
83.855 0.000205328
83.905 0.000192156
83.955 0.000183734
84.005 0.000178474
84.055 0.000176104
84.105 0.000176506
84.155 0.000176144
84.205 0.000177918
84.255 0.000180945
84.305 0.000182505
84.355 0.000183289
84.405 0.00018417
84.455 0.000182816
84.505 0.000179494
84.555 0.000176569
84.605 0.000175056
84.655 0.000171664
84.705 0.000165262
84.755 0.00015761
84.805 0.000150237
84.855 0.000144803
84.905 0.000143864
84.955 0.000148765
85.005 0.00015714
85.055 0.000168293
85.105 0.000181643
85.155 0.00018987
85.205 0.000192787
85.255 0.000197608
85.305 0.000203066
85.355 0.000212928
85.405 0.000225059
85.455 0.000231026
85.505 0.00023321
85.555 0.000231676
85.605 0.000228494
85.655 0.000231272
85.705 0.000236709
85.755 0.000238551
85.805 0.000238766
85.855 0.000237729
85.905 0.000234849
85.955 0.000231018
86.005 0.000226803
86.055 0.000216036
86.105 0.000199786
86.155 0.000186704
86.205 0.000178125
86.255 0.000172904
86.305 0.000170892
86.355 0.000172722
86.405 0.000175644
86.455 0.000181121
86.505 0.000186859
86.555 0.000189823
86.605 0.000190381
86.655 0.000189062
86.705 0.000186135
86.755 0.000182502
86.805 0.000179947
86.855 0.000178885
86.905 0.000175717
86.955 0.000169302
87.005 0.000161399
87.055 0.000153619
87.105 0.00014776
87.155 0.000146476
87.205 0.000151134
87.255 0.00015916
87.305 0.000169679
87.355 0.000182018
87.405 0.000189148
87.455 0.000191609
87.505 0.000196413
87.555 0.000201995
87.605 0.000211955
87.655 0.000223855
87.705 0.000229828
87.755 0.000232428
87.805 0.000232032
87.855 0.000230954
87.905 0.000236618
87.955 0.000244221
88.005 0.000246497
88.055 0.000246137
88.105 0.000244247
88.155 0.000240665
88.205 0.000237295
88.255 0.00023351
88.305 0.000221351
88.355 0.000204354
88.405 0.000191554
88.455 0.000183345
88.505 0.00017825
88.555 0.000176059
88.605 0.000176574
88.655 0.000176167
88.705 0.000178093
88.755 0.000181082
88.805 0.000182552
88.855 0.000183347
88.905 0.000184167
88.955 0.000182656
89.005 0.000179286
89.055 0.000176455
89.105 0.000174947
89.155 0.00017136
89.205 0.000164833
89.255 0.00015716
89.305 0.000149848
89.355 0.0001446
89.405 0.000144001
89.455 0.00014919
89.505 0.000157702
89.555 0.000169088
89.605 0.000182338
89.655 0.000190065
89.705 0.000193004
89.755 0.000197962
89.805 0.000203471
89.855 0.000213709
89.905 0.000225583
89.955 0.000231255
90.005 0.000233162
90.055 0.000231468
90.105 0.000228457
90.155 0.000231641
90.205 0.000236916
90.255 0.00023859
90.305 0.00023875
90.355 0.000237613
90.405 0.000234636
90.455 0.000230807
90.505 0.000226371
90.555 0.000215215
90.605 0.000198845
90.655 0.000186097
90.705 0.000177734
90.755 0.000172696
90.805 0.00017089
90.855 0.000172943
90.905 0.000175896
90.955 0.000181495
91.005 0.000187119
91.055 0.000189916
91.105 0.000190356
91.155 0.000188933
91.205 0.000185932
91.255 0.000182307
91.305 0.000179868
91.355 0.0001788
91.405 0.000175422
91.455 0.000168867
91.505 0.00016093
91.555 0.000153205
91.605 0.000147535
91.655 0.000146597
91.705 0.000151547
91.755 0.000159694
91.805 0.000170428
91.855 0.000182655
91.905 0.000189301
91.955 0.000191816
92.005 0.000196775
92.055 0.000202413
92.105 0.000212736
92.155 0.000224367
92.205 0.000230074
92.255 0.000232435
92.305 0.000231927
92.355 0.000231072
92.405 0.000237156
92.455 0.000244503
92.505 0.000246521
92.555 0.000246079
92.605 0.00024408
92.655 0.000240438
92.705 0.000237155
92.755 0.000233031
92.805 0.000220464
92.855 0.000203412
92.905 0.00019097
92.955 0.00018297
93.005 0.000178041
93.055 0.000176029
93.105 0.00017665
93.155 0.000176206
93.205 0.00017828
93.255 0.000181219
93.305 0.000182604
93.355 0.000183415
93.405 0.00018416
93.455 0.000182496
93.505 0.000179084
93.555 0.000176353
93.605 0.000174833
93.655 0.000171048
93.705 0.000164402
93.755 0.000156713
93.805 0.000149465
93.855 0.000144412
93.905 0.000144159
93.955 0.000149627
94.005 0.000158273
94.055 0.000169899
94.105 0.000183023
94.155 0.000190247
94.205 0.000193227
94.255 0.000198322
94.305 0.000203896
94.355 0.000214507
94.405 0.000226078
94.455 0.000231477
94.505 0.000233117
94.555 0.000231272
94.605 0.000228442
94.655 0.000232023
94.705 0.000237107
94.755 0.000238626
94.805 0.000238733
94.855 0.000237491
94.905 0.00023442
94.955 0.000230601
95.005 0.000225926
95.055 0.000214391
95.105 0.000197933
95.155 0.000185504
95.205 0.000177356
95.255 0.000172499
95.305 0.000170903
95.355 0.000173176
95.405 0.00017616
95.455 0.000181872
95.505 0.000187369
95.555 0.000190001
95.605 0.000190327
95.655 0.000188799
95.705 0.000185725
95.755 0.000182115
95.805 0.000179793
95.855 0.000178702
95.905 0.000175112
95.955 0.000168424
96.005 0.000160458
96.055 0.000152795
96.105 0.000147323
96.155 0.000146737
96.205 0.000151967
96.255 0.000160232
96.305 0.000171193
96.355 0.000183274
96.405 0.000189438
96.455 0.000192028
96.505 0.00019714
96.555 0.000202844
96.605 0.000213527
96.655 0.00022485
96.705 0.000230286
96.755 0.000232443
96.805 0.000231817
96.855 0.000231213
96.905 0.000237701
96.955 0.000244758
97.005 0.000246535
97.055 0.000246013
97.105 0.000243905
97.155 0.00024021
97.205 0.000237017
97.255 0.000232529
97.305 0.000219572
97.355 0.000202512
97.405 0.000190403
97.455 0.000182606
97.505 0.000177842
97.555 0.00017601
97.605 0.000176686
97.655 0.000176252
97.705 0.000178469
97.755 0.000181347
97.805 0.000182651
97.855 0.000183481
97.905 0.000184141
97.955 0.000182325
98.005 0.000178882
98.055 0.000176254
98.105 0.000174705
98.155 0.000170722
98.205 0.000163964
98.255 0.000156262
98.305 0.000149086
98.355 0.000144239
98.405 0.000144335
98.455 0.00015007
98.505 0.000158849
98.555 0.000170727
98.605 0.000183691
98.655 0.000190418
98.705 0.000193459
98.755 0.00019865
98.805 0.000204335
98.855 0.000215316
98.905 0.000226546
98.955 0.000231627
99.005 0.000233071
99.055 0.00023102
99.105 0.000228449
99.155 0.000232413
99.205 0.000237281
99.255 0.000238656
99.305 0.000238707
99.355 0.000237359
99.405 0.000234199
99.455 0.000230395
99.505 0.000225467
99.555 0.000213561
99.605 0.000197043
99.655 0.000184923
99.705 0.000176985
99.755 0.00017231
99.805 0.000170927
99.855 0.000173288
99.905 0.000176432
99.955 0.000182244
100.005 0.000187604
100.055 0.000190077
100.105 0.000190287
100.155 0.000188657
100.205 0.000185514
100.255 0.000181925
100.305 0.000179722
100.355 0.000178592
100.405 0.00017479
100.455 0.000167975
100.505 0.000159985
100.555 0.000152389
100.605 0.000147126
100.655 0.000146897
100.705 0.000152394
100.755 0.000160777
100.805 0.00017197
100.855 0.00018388
100.905 0.000189567
100.955 0.000192251
101.005 0.000197424
101.055 0.000203294
101.105 0.000214331
101.155 0.000225309
101.205 0.000230428
101.255 0.000232456
101.305 0.00023164
101.355 0.000231381
101.405 0.00023825
101.455 0.00024499
101.505 0.000246541
101.555 0.00024594
101.605 0.000243721
101.655 0.000239982
101.705 0.000236879
101.755 0.000232004
101.805 0.00021868
101.855 0.000201631
101.905 0.000189847
101.955 0.000182249
102.005 0.000177649
102.055 0.000175996
102.105 0.000176588
102.155 0.000176306
102.205 0.000178657
102.255 0.000181467
102.305 0.000182694
102.355 0.000183548
102.405 0.00018411
102.455 0.000182146
102.505 0.000178681
102.555 0.000176159
102.605 0.000174566
102.655 0.000170384
102.705 0.000163522
102.755 0.000155813
102.805 0.000148715
102.855 0.000144082
102.905 0.000144532
102.955 0.000150521
103.005 0.000159435
103.055 0.000171494
103.105 0.000184343
103.155 0.000190579
103.205 0.000193697
103.255 0.000198914
103.305 0.000204794
103.355 0.000216133
103.405 0.000226987
103.455 0.000231743
103.505 0.000233027
103.555 0.000230746
103.605 0.000228481
103.655 0.000232808
103.705 0.000237439
103.755 0.000238682
103.805 0.000238674
103.855 0.000237219
103.905 0.000233973
103.955 0.00023019
104.005 0.000224989
104.055 0.000212725
104.105 0.000196183
104.155 0.000184357
104.205 0.000176627
104.255 0.000172133
104.305 0.000170964
104.355 0.000173365
104.405 0.000176709
104.455 0.000182612
104.505 0.000187827
104.555 0.000190142
104.605 0.000190239
104.655 0.000188508
104.705 0.0001853
104.755 0.00018174
104.805 0.000179657
104.855 0.000178471
104.905 0.000174457
104.955 0.000167524
105.005 0.000159516
105.055 0.000151994
105.105 0.000146949
105.155 0.00014708
105.205 0.000152832
105.255 0.000161332
105.305 0.000172622
105.355 0.000184471
105.405 0.000189695
105.455 0.000192486
105.505 0.000197698
105.555 0.000203765
105.605 0.000215142
105.655 0.000225744
105.705 0.00023057
105.755 0.000232475
105.805 0.000231477
105.855 0.000231577
105.905 0.000238804
105.955 0.000245205
106.005 0.000246544
106.055 0.000245863
106.105 0.000243533
106.155 0.000239758
106.205 0.000236745
106.255 0.000231459
106.305 0.000217789
106.355 0.000200781
106.405 0.000189305
106.455 0.000181904
106.505 0.000177469
106.555 0.000175995
106.605 0.000176502
106.655 0.000176373
106.705 0.000178849
106.755 0.000181581
106.805 0.000182737
106.855 0.000183618
106.905 0.00018407
106.955 0.000181966
107.005 0.000178487
107.055 0.000176072
107.105 0.000174421
107.155 0.000170042
107.205 0.000163082
107.255 0.000155371
107.305 0.000148356
107.355 0.000143948
107.405 0.000144754
107.455 0.000150986
107.505 0.000160037
107.555 0.000172213
107.605 0.000184985
107.655 0.000190741
107.705 0.000193951
107.755 0.000199187
107.805 0.000205279
107.855 0.000216962
107.905 0.000227409
107.955 0.000231862
108.005 0.000232992
108.055 0.000230487
108.105 0.000228542
108.155 0.000233181
108.205 0.000237589
108.255 0.000238709
108.305 0.000238644
108.355 0.000237079
108.405 0.000233752
108.455 0.000229994
108.505 0.000224501
108.555 0.000211893
108.605 0.000195345
108.655 0.000183806
108.705 0.000176281
108.755 0.000171969
108.805 0.00017102
108.855 0.000173468
108.905 0.000177005
108.955 0.000182985
109.005 0.000188046
109.055 0.000190208
109.105 0.000190193
109.155 0.000188361
109.205 0.000185091
109.255 0.000181566
109.305 0.000179602
109.355 0.000178345
109.405 0.000174119
109.455 0.000167073
109.505 0.000159051
109.555 0.000151609
109.605 0.000146793
109.655 0.000147287
109.705 0.00015328
109.755 0.000161899
109.805 0.000173296
109.855 0.000185049
109.905 0.000189821
109.955 0.000192733
